104
89
143
449
383
452
249
289
356
160
475
248
408
396
74
320
67
87
28
140
288
207
346
68
187
303
114
4
487
436
427
256
76
485
115
361
244
435
423
421
233
360
70
499
462
432
482
178
38
347
219
98
217
92
321
484
459
271
261
413
120
429
308
253
163
297
137
397
315
491
144
463
63
327
254
311
167
71
216
281
474
247
390
183
27
168
260
331
195
493
164
153
112
128
374
338
110
330
465
402
150
274
185
116
44
386
395
382
384
101
47
26
146
448
24
301
45
57
298
209
444
419
173
246
236
324
322
152
13
126
106
363
434
18
166
204
84
203
105
34
123
235
498
60
192
255
103
399
54
348
159
404
267
293
117
32
161
132
496
39
5
377
467
494
61
95
64
131
438
349
189
416
417
109
430
94
414
78
371
227
239
172
433
125
295
424
17
151
470
387
461
273
287
145
62
310
218
291
113
263
495
208
345
426
316
245
42
257
75
23
51
46
285
252
43
16
8
10
56
15
334
457
294
130
242
234
69
268
337
31
79
156
100
357
177
314
22
197
406
318
9
277
472
176
102
469
181
343
12
174
500
205
453
229
366
29
40
111
296
142
375
202
191
466
49
341
223
270
299
400
265
88
392
228
393
292
93
300
407
96
108
141
119
171
77
351
72
492
73
391
290
378
52
55
367
415
82
139
211
352
122
497
33
1
3
401
170
313
135
30
458
359
478
476
286
66
398
460
241
468
215
381
133
83
85
355
157
372
342
237
147
182
365
212
431
446
179
226
442
19
370
339
464
445
394
162
155
48
488
278
231
127
441
344
65
184
53
220
279
58
175
480
86
35
353
2
14
362
280
358
336
59
450
230
333
25
411
456
180
451
258
158
326
486
388
328
379
154
107
188
138
479
350
364
118
232
443
11
194
136
332
50
437
129
490
272
410
186
385
376
439
124
262
403
199
284
422
428
80
455
340
238
36
243
165
306
91
250
323
97
477
489
454
307
21
190
90
148
380
304
389
368
251
259
319
425
269
369
264
222
309
37
420
471
41
225
213
305
121
335
325
302
210
409
447
276
240
196
481
206
201
312
317
99
134
418
20
354
214
266
405
169
412
282
224
275
193
473
483
6
221
149
7
198
200
373
81
283
440
329
