10000
100000
91 78 94 
61 93 86 
52 43 22 
15 11 45 
91 62 20 
81 37 66 
59 27 69 
37 41 75 
12 49 4 
60 49 85 
19 42 66 
39 21 80 
20 34 36 
32 26 24 
45 71 58 
4 15 14 
27 90 71 
6 84 37 
58 26 97 
86 6 3 
67 7 75 
60 55 75 
58 55 50 
70 82 22 
98 58 68 
52 54 23 
34 92 85 
95 33 3 
60 70 43 
36 34 77 
20 86 7 
86 61 23 
89 81 64 
60 27 87 
19 65 30 
44 98 49 
34 78 36 
46 2 80 
15 99 33 
72 52 66 
99 53 70 
84 34 57 
20 47 21 
63 22 36 
88 41 25 
85 56 47 
44 10 53 
78 77 62 
73 60 72 
10 8 70 
44 49 56 
19 8 64 
46 11 59 
49 27 76 
54 80 83 
19 5 45 
2 90 74 
36 75 67 
97 70 20 
45 1 30 
4 52 32 
3 61 60 
38 25 100 
21 90 4 
45 96 59 
36 53 75 
30 13 47 
49 68 97 
33 25 90 
54 87 55 
57 37 99 
62 5 29 
5 99 66 
61 40 13 
88 18 77 
47 96 18 
89 76 33 
71 27 10 
5 46 58 
32 18 23 
82 99 3 
94 27 20 
27 92 87 
54 27 34 
96 7 8 
66 93 84 
66 69 52 
71 19 37 
97 35 66 
42 53 4 
70 1 85 
98 88 38 
19 57 33 
3 91 25 
9 92 50 
93 22 36 
77 59 48 
2 28 3 
18 87 52 
56 33 60 
67 75 58 
17 33 20 
5 11 44 
63 18 39 
87 30 6 
97 75 71 
14 26 97 
21 12 59 
61 47 70 
70 29 85 
6 41 69 
52 25 39 
55 60 4 
5 77 76 
59 60 90 
91 60 27 
41 10 48 
61 2 38 
47 52 56 
34 100 48 
52 16 93 
63 71 37 
20 54 74 
79 74 17 
36 38 63 
25 99 84 
32 24 19 
63 17 96 
16 28 62 
47 17 46 
79 19 16 
9 56 39 
31 15 67 
67 18 45 
42 26 92 
2 82 79 
36 38 76 
64 46 65 
84 53 97 
43 85 65 
20 17 99 
64 85 58 
93 63 80 
66 57 23 
10 94 67 
30 18 47 
38 88 70 
56 90 76 
77 58 50 
46 53 6 
2 74 83 
10 46 67 
73 8 74 
66 37 89 
66 48 21 
77 58 46 
59 88 29 
96 76 4 
91 100 94 
37 60 54 
87 88 43 
38 25 91 
32 59 38 
23 36 55 
45 54 36 
99 22 75 
61 27 67 
82 97 88 
61 4 8 
11 4 23 
26 10 13 
83 3 81 
32 50 16 
59 32 81 
15 19 71 
94 40 15 
62 47 63 
78 3 49 
69 80 24 
90 49 99 
73 85 49 
9 46 6 
76 47 24 
8 78 85 
86 67 42 
37 92 11 
87 99 53 
15 99 92 
45 98 12 
19 24 54 
98 86 100 
21 34 81 
21 28 29 
14 52 100 
59 55 36 
49 14 97 
40 48 43 
20 52 12 
23 80 27 
85 71 80 
35 39 75 
75 52 12 
100 27 12 
97 94 77 
95 71 23 
68 17 50 
25 97 79 
50 64 97 
52 35 39 
18 45 81 
45 61 90 
77 14 1 
48 15 8 
7 20 25 
5 92 98 
1 30 60 
19 64 77 
74 75 70 
60 24 18 
40 97 51 
98 43 57 
50 96 38 
62 37 36 
50 67 63 
15 17 13 
29 99 33 
83 35 46 
55 75 65 
79 12 36 
15 3 71 
1 43 85 
9 21 77 
55 92 3 
37 99 89 
65 43 83 
41 5 22 
93 18 65 
91 6 57 
51 11 60 
27 78 3 
88 90 92 
72 33 82 
6 77 89 
63 76 96 
59 61 56 
72 27 100 
59 70 98 
62 57 95 
89 45 20 
53 4 92 
96 71 31 
69 75 70 
3 8 13 
96 60 72 
56 82 88 
92 9 32 
71 77 87 
31 27 21 
53 62 28 
95 69 14 
26 8 21 
44 54 51 
28 34 70 
81 24 15 
91 10 56 
45 100 36 
3 49 65 
31 6 50 
81 17 3 
38 57 1 
56 69 67 
17 75 35 
35 80 27 
10 1 80 
54 20 73 
66 40 2 
89 42 39 
95 47 74 
67 76 29 
36 89 20 
49 33 45 
45 26 50 
55 88 52 
4 14 13 
77 30 98 
99 33 76 
91 67 26 
64 83 41 
28 22 67 
15 18 6 
29 39 64 
31 82 75 
35 77 1 
84 51 87 
73 5 27 
53 32 94 
11 55 17 
4 8 29 
2 43 34 
90 79 26 
11 41 37 
85 44 95 
24 90 44 
73 49 89 
95 23 69 
51 30 83 
60 23 29 
76 57 82 
32 1 11 
28 87 100 
9 40 72 
46 44 51 
32 8 82 
66 70 38 
61 76 17 
55 99 63 
99 98 58 
9 61 49 
63 69 57 
97 22 64 
60 99 50 
15 65 34 
87 34 40 
87 41 95 
6 25 94 
43 54 26 
67 16 76 
5 42 24 
30 17 50 
38 59 12 
84 75 25 
35 38 83 
88 27 10 
56 76 62 
31 36 64 
25 11 89 
91 96 57 
10 66 4 
14 69 72 
98 8 5 
44 20 1 
35 82 6 
48 92 84 
27 37 61 
89 22 59 
89 51 20 
20 93 97 
79 92 9 
89 52 1 
18 13 63 
97 23 1 
38 56 74 
4 75 34 
85 64 76 
67 37 68 
96 18 13 
5 9 39 
32 36 76 
1 77 81 
73 90 69 
20 59 33 
15 95 11 
59 34 55 
71 47 36 
3 10 19 
25 76 93 
6 24 87 
7 41 85 
62 45 14 
53 28 51 
50 61 21 
64 1 42 
21 1 15 
42 38 92 
89 46 80 
33 41 64 
23 49 74 
85 57 18 
37 48 16 
65 39 53 
87 95 5 
100 57 44 
79 42 65 
67 14 49 
66 3 70 
88 23 46 
66 8 94 
65 22 85 
21 71 60 
70 32 19 
97 23 66 
10 80 4 
64 2 53 
88 17 30 
27 74 29 
15 80 6 
13 44 40 
96 14 78 
30 11 70 
42 23 99 
34 69 63 
15 84 41 
56 96 38 
13 2 88 
64 78 15 
92 94 59 
2 34 79 
53 14 17 
85 14 92 
88 84 12 
11 6 80 
21 8 13 
66 67 29 
73 77 79 
97 19 78 
85 46 8 
68 40 1 
73 29 20 
14 11 62 
17 38 62 
1 64 5 
2 99 32 
15 74 17 
7 10 26 
12 91 78 
91 96 48 
19 57 25 
100 61 55 
75 15 98 
68 38 41 
13 28 2 
94 76 67 
49 72 94 
19 17 12 
87 24 2 
65 21 43 
80 13 54 
84 78 7 
4 90 3 
94 35 37 
80 72 99 
95 77 49 
5 18 96 
68 48 35 
16 19 21 
36 100 74 
31 66 9 
88 35 94 
57 28 61 
24 8 55 
9 80 17 
24 40 94 
44 11 48 
82 69 22 
36 80 76 
100 80 17 
72 82 2 
11 92 77 
60 75 45 
91 54 22 
26 35 23 
26 3 57 
64 19 78 
22 75 64 
54 69 72 
41 94 88 
34 58 18 
1 78 65 
58 94 51 
17 24 12 
99 76 12 
86 92 10 
22 24 48 
19 39 28 
42 51 68 
59 53 11 
68 92 75 
40 10 73 
58 66 100 
85 44 18 
38 27 36 
25 99 44 
85 83 13 
43 29 93 
62 93 61 
45 40 61 
14 46 16 
35 67 62 
67 47 42 
78 77 12 
40 28 60 
50 71 97 
65 55 8 
4 53 85 
57 11 94 
69 19 70 
11 66 64 
77 55 80 
98 35 70 
40 87 56 
39 71 51 
36 21 57 
14 46 3 
48 86 21 
26 46 17 
82 24 56 
8 48 39 
78 15 51 
10 74 18 
29 59 90 
31 65 5 
19 41 95 
20 95 90 
8 26 98 
6 66 35 
70 11 89 
87 18 70 
29 22 19 
15 43 47 
46 74 4 
6 32 79 
5 38 23 
64 51 52 
82 20 52 
64 23 69 
27 20 65 
5 71 16 
71 18 15 
51 24 30 
9 72 49 
62 15 21 
59 88 9 
83 28 49 
97 56 96 
84 33 55 
58 94 15 
41 12 17 
21 18 68 
54 77 44 
73 67 7 
46 40 22 
30 14 10 
93 74 64 
57 37 71 
99 73 49 
65 69 61 
94 35 30 
6 52 33 
18 8 49 
95 72 63 
1 49 13 
58 28 16 
27 57 90 
26 69 16 
91 19 95 
62 33 72 
17 61 47 
33 21 48 
21 54 49 
84 69 33 
84 96 30 
1 99 65 
72 16 2 
29 85 72 
54 4 16 
29 71 63 
57 88 40 
57 23 97 
48 72 58 
33 96 48 
23 92 32 
44 6 24 
37 41 26 
93 72 60 
38 30 80 
100 87 75 
89 43 61 
78 37 90 
77 34 90 
95 5 19 
10 26 51 
64 96 35 
53 98 22 
85 6 51 
92 37 67 
91 20 63 
6 24 92 
86 8 52 
58 7 3 
13 73 45 
15 53 90 
81 39 24 
31 32 14 
6 46 94 
49 34 29 
92 69 71 
77 62 35 
43 83 82 
37 89 74 
58 10 64 
81 20 29 
53 93 12 
9 77 56 
88 33 83 
48 66 62 
68 45 14 
86 64 41 
44 13 15 
48 23 87 
51 47 54 
29 98 56 
50 94 59 
63 33 93 
54 61 57 
34 62 53 
45 50 14 
60 25 18 
40 81 61 
1 91 51 
28 1 25 
32 27 86 
34 89 37 
35 4 47 
43 44 75 
89 94 34 
46 87 39 
1 64 23 
24 53 32 
82 59 87 
75 43 28 
82 62 32 
16 88 20 
11 29 81 
82 49 96 
99 40 97 
48 31 73 
37 88 98 
78 42 4 
40 52 66 
9 30 54 
29 27 15 
6 66 98 
14 72 45 
72 57 100 
93 61 94 
35 95 61 
95 67 28 
61 85 62 
26 71 63 
88 82 49 
54 20 76 
48 71 66 
98 17 61 
89 42 83 
43 82 5 
95 21 47 
90 58 18 
29 47 33 
59 52 7 
57 72 32 
55 61 41 
18 80 67 
50 55 23 
96 37 42 
33 29 41 
2 26 34 
26 64 20 
46 71 59 
21 99 45 
96 100 15 
22 70 94 
80 29 84 
22 15 28 
54 12 71 
80 50 11 
77 60 13 
93 27 20 
72 86 52 
76 46 33 
67 74 81 
5 34 49 
28 44 43 
55 74 69 
46 17 87 
24 90 36 
62 33 47 
94 43 18 
57 32 54 
26 21 74 
33 25 73 
60 25 68 
76 41 14 
72 19 42 
23 64 10 
15 90 65 
62 15 42 
98 10 1 
25 69 7 
85 53 16 
94 17 26 
82 57 9 
89 3 51 
78 82 57 
46 7 40 
45 58 16 
3 68 73 
66 93 97 
28 65 38 
77 1 32 
88 27 92 
41 8 26 
97 70 46 
97 19 68 
43 50 37 
30 16 80 
72 26 18 
75 32 43 
100 9 54 
8 11 25 
18 80 72 
55 50 60 
22 82 76 
5 16 81 
31 91 23 
18 86 47 
79 69 64 
12 77 37 
6 25 79 
27 24 33 
26 20 89 
54 79 56 
94 49 69 
68 92 80 
59 33 55 
81 92 19 
58 76 87 
62 94 34 
38 68 59 
43 66 74 
82 58 63 
29 89 14 
39 48 52 
15 22 16 
39 91 41 
65 16 40 
42 90 8 
62 21 93 
16 55 14 
87 66 11 
84 77 95 
59 54 45 
56 53 8 
70 86 76 
24 58 78 
85 98 19 
28 24 8 
70 40 11 
90 80 18 
49 40 20 
62 16 48 
56 17 76 
1 18 13 
62 65 56 
33 43 11 
55 58 75 
60 52 88 
13 74 42 
24 7 64 
100 54 21 
42 87 51 
28 21 50 
92 11 32 
17 66 2 
87 67 71 
99 97 77 
32 48 47 
95 30 45 
99 70 39 
93 24 72 
39 92 31 
6 28 98 
2 13 77 
91 64 36 
54 19 33 
70 52 49 
68 40 31 
92 22 13 
18 31 45 
19 29 76 
79 12 13 
82 93 88 
16 70 73 
83 98 2 
34 73 21 
20 18 23 
39 73 51 
5 83 55 
70 32 44 
17 43 83 
55 58 92 
62 67 47 
31 48 42 
90 85 89 
79 1 15 
4 68 8 
69 27 57 
94 75 79 
61 66 100 
6 57 45 
5 75 62 
83 95 21 
67 27 85 
88 97 64 
78 76 80 
33 81 49 
8 37 83 
60 95 41 
2 53 67 
32 82 22 
3 68 23 
3 100 36 
87 76 69 
77 29 15 
56 33 51 
65 27 40 
83 29 7 
59 3 72 
90 89 57 
33 46 49 
92 34 64 
67 1 84 
5 48 31 
92 66 69 
40 35 36 
19 93 55 
7 60 67 
48 21 3 
39 79 83 
68 82 100 
48 16 86 
71 69 86 
60 35 76 
81 92 45 
75 98 18 
78 56 13 
22 4 35 
79 21 8 
84 50 32 
15 1 24 
13 99 83 
67 53 80 
96 73 62 
87 23 28 
43 71 66 
50 75 68 
64 55 95 
78 59 58 
62 75 65 
92 89 35 
75 93 92 
14 6 94 
29 66 86 
10 61 49 
6 80 83 
9 99 88 
48 79 51 
21 78 2 
35 56 28 
81 8 39 
84 49 25 
82 63 21 
64 66 19 
62 42 65 
60 56 81 
99 100 34 
26 60 39 
92 66 8 
33 73 77 
86 24 60 
67 90 66 
49 55 68 
11 88 14 
6 33 54 
84 29 76 
9 7 4 
32 81 56 
38 87 60 
49 11 61 
41 54 18 
33 50 64 
1 30 20 
77 9 72 
94 3 33 
34 41 28 
89 12 58 
93 24 2 
13 69 72 
67 23 57 
24 60 46 
30 98 45 
71 91 22 
21 40 9 
68 49 31 
14 15 86 
1 63 12 
19 85 100 
23 97 89 
74 12 6 
27 94 56 
90 79 66 
25 80 17 
20 66 74 
2 27 87 
35 2 75 
21 41 72 
83 69 76 
12 10 56 
88 71 36 
88 34 45 
28 51 52 
63 34 76 
18 35 95 
33 44 18 
63 48 23 
91 53 85 
16 44 63 
47 73 5 
48 27 93 
60 69 48 
35 45 41 
48 8 96 
8 91 27 
100 64 65 
93 53 100 
90 2 87 
85 80 8 
48 72 53 
29 33 16 
53 9 13 
24 1 74 
98 28 67 
42 79 81 
69 41 13 
52 28 49 
57 89 65 
58 54 20 
67 41 44 
29 69 81 
26 56 69 
5 24 44 
85 58 12 
13 3 18 
6 36 10 
31 23 64 
63 11 83 
74 92 76 
4 19 91 
26 6 84 
33 52 65 
93 66 12 
100 8 57 
81 71 41 
5 80 99 
88 78 53 
12 40 52 
97 63 77 
3 53 59 
96 73 56 
66 94 53 
87 69 58 
86 64 40 
28 8 48 
51 59 60 
29 66 60 
58 59 77 
37 29 47 
58 53 14 
94 43 20 
77 27 58 
33 77 14 
88 35 5 
54 61 46 
74 40 55 
41 25 100 
41 80 31 
28 38 21 
48 2 3 
76 42 4 
75 33 90 
15 49 90 
2 26 28 
59 94 63 
54 81 1 
26 98 33 
39 26 12 
77 86 28 
37 91 34 
31 29 17 
56 14 92 
65 55 19 
2 6 9 
22 38 46 
17 42 72 
98 19 5 
71 68 26 
25 7 46 
15 90 23 
36 85 29 
25 37 85 
14 84 60 
23 9 70 
30 31 77 
83 3 73 
86 22 68 
39 98 7 
5 42 6 
40 97 18 
6 35 61 
73 59 68 
26 21 78 
80 95 82 
15 88 5 
59 68 99 
89 57 9 
16 11 56 
23 38 21 
13 3 69 
92 18 60 
69 44 50 
68 85 8 
3 62 17 
48 13 6 
78 45 3 
20 31 9 
50 38 47 
78 75 4 
84 21 94 
15 27 93 
56 33 45 
85 30 46 
15 69 71 
61 96 56 
35 54 51 
12 20 41 
36 31 8 
28 49 78 
82 71 83 
92 18 17 
25 67 1 
13 2 84 
22 28 55 
72 9 39 
90 31 47 
35 44 56 
69 51 41 
89 79 12 
47 50 53 
54 28 39 
15 85 12 
52 48 13 
26 90 74 
98 73 18 
57 61 59 
45 31 57 
37 100 98 
93 3 94 
100 18 33 
77 92 62 
3 38 16 
24 20 35 
93 17 100 
35 48 43 
57 90 68 
8 47 24 
91 54 21 
66 18 46 
15 52 70 
37 72 50 
56 46 87 
96 17 72 
4 56 26 
43 60 11 
40 8 44 
66 9 99 
67 40 17 
63 35 76 
90 88 16 
18 22 19 
61 71 4 
28 80 25 
8 32 94 
84 38 53 
9 71 17 
19 49 16 
22 33 83 
67 83 43 
83 95 73 
9 54 41 
59 9 6 
15 81 55 
79 14 32 
30 78 8 
56 55 34 
13 42 25 
25 75 62 
7 70 16 
23 99 94 
26 9 19 
73 23 19 
29 50 34 
44 31 58 
60 39 94 
18 20 29 
69 80 59 
6 35 31 
34 37 31 
45 13 100 
92 77 99 
63 50 25 
80 9 92 
27 99 43 
43 32 77 
19 17 47 
71 98 80 
48 91 16 
64 93 91 
81 10 97 
44 97 9 
40 92 19 
78 32 58 
66 71 99 
35 76 66 
16 68 20 
46 71 84 
83 84 63 
17 94 51 
19 63 8 
77 8 92 
39 88 64 
4 43 85 
51 28 7 
19 98 55 
71 18 32 
11 67 19 
24 86 2 
39 100 4 
76 70 21 
52 41 27 
78 90 25 
70 17 45 
79 69 34 
34 67 3 
100 35 53 
6 15 58 
64 31 52 
1 40 79 
62 96 65 
25 33 28 
97 18 62 
38 12 35 
18 23 100 
62 44 25 
40 73 11 
8 7 3 
25 85 21 
54 34 26 
48 83 86 
97 64 72 
97 66 59 
33 75 15 
99 3 78 
57 96 33 
61 29 15 
39 95 53 
78 27 54 
57 62 33 
91 87 100 
76 43 80 
25 15 4 
67 58 47 
94 52 80 
46 87 81 
37 87 82 
100 62 9 
23 44 96 
39 34 90 
81 7 38 
88 45 70 
68 97 83 
34 21 13 
26 22 43 
63 51 49 
80 82 72 
93 18 7 
87 65 30 
82 58 47 
42 52 63 
28 17 78 
5 18 92 
76 25 41 
50 58 90 
73 19 90 
3 75 87 
99 54 80 
35 73 18 
42 17 53 
51 6 14 
99 24 96 
79 17 65 
55 99 4 
91 42 100 
86 53 24 
40 95 91 
66 36 90 
4 94 90 
48 54 6 
47 19 43 
83 92 74 
79 28 23 
93 1 19 
77 42 62 
7 6 4 
1 89 38 
70 34 49 
30 44 94 
74 33 78 
21 53 91 
82 67 40 
42 79 29 
14 38 10 
98 14 18 
1 25 37 
41 28 79 
54 40 72 
77 67 68 
4 62 19 
75 17 46 
15 90 72 
86 85 70 
65 32 58 
86 56 25 
85 30 96 
27 18 31 
55 24 27 
34 12 32 
4 9 37 
93 36 71 
24 96 53 
90 8 50 
53 86 73 
33 59 16 
65 25 75 
31 36 38 
57 62 92 
73 52 64 
74 62 23 
44 67 87 
21 86 49 
57 99 55 
61 7 67 
26 31 96 
20 54 68 
43 78 81 
83 47 33 
51 53 78 
86 94 64 
68 83 15 
35 90 14 
64 41 17 
41 74 99 
8 56 36 
67 60 26 
29 18 22 
83 29 69 
40 4 31 
19 26 42 
26 50 24 
37 65 24 
52 27 49 
27 2 99 
45 80 78 
78 52 40 
90 81 27 
73 10 11 
23 49 59 
50 98 76 
92 11 67 
40 25 57 
49 98 45 
25 84 1 
8 3 62 
31 17 66 
48 28 61 
61 68 63 
50 83 12 
70 47 74 
87 75 61 
51 37 55 
60 89 74 
32 56 80 
44 75 99 
73 70 62 
20 70 71 
44 2 9 
81 77 25 
75 92 41 
16 56 69 
62 88 51 
5 20 83 
90 99 38 
82 26 61 
21 63 16 
32 27 98 
44 50 27 
98 30 73 
61 56 81 
72 40 14 
35 16 65 
11 96 52 
63 77 85 
69 35 52 
13 25 41 
84 5 57 
44 57 28 
14 15 7 
77 72 50 
97 63 72 
26 29 95 
72 19 35 
25 16 64 
63 95 49 
51 22 39 
82 38 68 
15 1 88 
61 88 32 
36 76 84 
30 86 90 
27 32 71 
7 27 21 
77 80 56 
9 50 28 
43 45 37 
78 68 79 
91 85 74 
82 92 18 
5 50 36 
62 56 85 
8 53 37 
49 95 84 
47 12 44 
49 35 73 
45 29 27 
34 53 38 
55 75 62 
62 26 14 
82 48 56 
45 32 3 
79 21 98 
46 87 29 
67 78 7 
93 59 67 
42 27 39 
23 9 46 
61 95 90 
84 76 32 
2 27 20 
95 10 76 
53 15 9 
45 28 34 
46 37 16 
23 35 28 
75 98 61 
44 17 97 
59 66 46 
53 79 60 
70 37 21 
17 23 45 
47 93 51 
25 85 73 
31 67 30 
44 11 73 
82 16 91 
95 94 57 
79 57 91 
22 44 31 
41 21 19 
32 23 22 
27 54 42 
32 70 68 
92 94 14 
40 41 7 
56 79 8 
95 75 28 
20 46 68 
43 97 89 
39 70 55 
59 89 62 
87 12 76 
84 7 77 
38 86 89 
42 59 19 
65 12 57 
39 32 53 
12 3 84 
72 34 36 
4 55 86 
57 11 5 
79 35 69 
80 61 60 
78 1 59 
95 30 37 
92 29 20 
100 12 31 
24 89 62 
29 73 53 
28 7 50 
36 44 39 
28 88 91 
49 72 2 
11 52 28 
53 60 37 
24 21 26 
94 39 72 
7 60 45 
34 64 60 
53 95 45 
20 22 51 
29 98 42 
84 70 64 
64 76 25 
68 48 24 
33 27 59 
80 97 37 
29 9 22 
54 29 20 
29 53 7 
76 90 21 
3 5 47 
14 44 43 
46 44 57 
1 64 30 
86 30 66 
28 35 40 
64 95 17 
41 87 32 
98 95 32 
65 36 48 
16 78 12 
17 66 7 
82 38 50 
77 91 34 
42 73 84 
60 94 54 
24 6 56 
4 41 40 
3 18 59 
41 7 14 
17 76 85 
71 8 38 
59 50 75 
81 15 18 
77 12 8 
4 55 21 
6 27 3 
35 10 44 
4 67 1 
12 27 42 
63 65 35 
52 43 16 
6 12 44 
97 70 68 
19 55 100 
83 96 77 
63 73 92 
36 30 99 
64 40 76 
22 28 62 
55 47 72 
14 65 86 
67 52 37 
64 33 12 
77 43 62 
39 57 50 
24 71 72 
79 23 5 
38 34 66 
61 99 32 
12 89 30 
83 71 18 
77 15 91 
21 29 72 
4 26 37 
16 74 31 
56 52 2 
61 36 43 
26 85 66 
66 47 28 
55 25 95 
12 90 65 
39 2 66 
23 39 56 
76 41 44 
15 78 32 
34 56 16 
25 15 68 
61 58 95 
89 51 1 
57 39 92 
34 5 39 
47 13 16 
34 3 10 
49 86 8 
4 45 66 
26 44 49 
68 45 48 
77 98 43 
52 48 79 
83 26 75 
97 8 92 
21 62 100 
46 87 48 
61 75 54 
70 34 32 
30 37 12 
48 82 72 
73 8 29 
32 4 1 
50 10 4 
79 46 65 
72 28 90 
31 13 35 
73 29 65 
32 74 84 
35 8 65 
100 65 35 
35 20 59 
38 65 64 
47 46 4 
87 92 9 
32 81 50 
42 90 71 
6 83 93 
71 76 94 
25 32 63 
31 63 3 
39 3 8 
8 29 49 
49 30 39 
25 6 15 
9 19 96 
45 54 5 
13 3 80 
37 89 38 
59 94 10 
10 31 7 
1 15 54 
61 86 70 
71 49 43 
46 18 87 
37 12 1 
99 9 3 
46 39 82 
86 95 4 
22 30 100 
4 26 61 
51 50 95 
95 20 17 
16 10 90 
17 35 94 
56 52 24 
19 89 24 
55 42 26 
19 77 88 
7 65 27 
88 35 43 
96 58 70 
26 29 51 
14 37 31 
38 10 43 
11 74 88 
57 87 81 
62 87 78 
58 71 42 
91 66 84 
20 74 93 
68 48 15 
9 47 32 
42 100 46 
11 1 8 
86 65 30 
60 81 46 
10 11 87 
75 23 52 
63 75 85 
3 73 55 
32 15 22 
96 78 53 
45 3 25 
89 75 71 
30 2 43 
35 68 86 
1 14 12 
50 82 93 
45 47 88 
84 67 13 
11 86 77 
36 90 23 
26 82 42 
13 4 9 
79 77 67 
47 5 18 
79 87 52 
5 47 78 
91 42 64 
63 41 15 
86 47 65 
45 95 49 
1 89 8 
85 54 76 
38 50 45 
47 42 4 
21 99 43 
97 62 22 
66 1 99 
23 90 1 
25 63 80 
41 34 86 
81 7 22 
31 82 81 
98 70 92 
1 88 70 
36 99 66 
28 71 87 
35 84 30 
80 82 3 
83 69 34 
53 60 40 
23 38 7 
37 53 46 
5 65 24 
55 29 4 
95 21 30 
49 21 8 
75 82 49 
58 83 67 
29 56 24 
11 99 62 
8 73 93 
3 1 52 
80 97 59 
98 56 100 
71 77 78 
27 35 64 
67 89 64 
56 1 44 
34 86 31 
40 69 60 
38 35 32 
34 11 73 
34 68 91 
75 2 89 
93 66 21 
46 83 90 
73 10 62 
97 33 5 
10 86 24 
72 11 28 
15 34 36 
71 21 82 
2 9 97 
52 41 2 
96 29 3 
55 14 46 
42 59 82 
41 54 38 
51 17 22 
4 88 20 
100 85 6 
77 11 31 
6 48 49 
25 3 80 
12 78 21 
88 20 41 
33 3 47 
45 50 53 
90 57 94 
40 76 89 
76 91 49 
5 22 32 
81 68 75 
30 59 29 
52 87 5 
49 98 3 
15 21 32 
77 82 34 
91 64 60 
3 15 26 
20 4 2 
15 27 97 
38 50 41 
26 66 91 
35 58 85 
55 62 59 
36 73 47 
21 84 22 
47 13 43 
52 60 17 
36 58 17 
86 98 48 
99 77 14 
44 47 88 
26 40 75 
13 32 49 
46 78 88 
38 47 5 
83 8 72 
92 58 12 
50 12 51 
38 39 79 
41 2 8 
23 82 1 
89 3 44 
23 31 73 
5 78 41 
97 11 78 
58 71 47 
30 98 75 
75 38 86 
93 96 97 
83 67 71 
61 71 43 
13 22 20 
91 13 2 
34 77 9 
68 37 38 
15 10 65 
1 49 95 
37 44 22 
96 12 10 
95 28 77 
37 72 76 
76 100 62 
13 69 62 
69 94 27 
45 76 81 
87 60 99 
13 93 57 
10 34 38 
42 19 28 
18 80 39 
4 80 99 
94 29 32 
46 80 9 
83 82 28 
5 15 37 
24 18 20 
68 75 88 
68 94 55 
65 45 31 
10 99 56 
70 75 14 
66 46 68 
72 23 42 
95 79 55 
95 47 35 
37 49 75 
73 54 91 
8 82 12 
16 89 8 
62 17 69 
41 53 20 
41 13 60 
72 86 27 
9 10 79 
42 46 49 
49 14 46 
92 38 100 
12 14 11 
59 81 23 
92 63 13 
94 40 1 
89 81 48 
59 40 54 
49 53 74 
63 96 35 
22 2 40 
5 58 36 
37 10 7 
48 99 64 
19 3 85 
29 64 18 
60 95 2 
67 44 90 
1 70 83 
18 94 68 
35 4 56 
83 71 92 
56 49 16 
87 40 30 
2 37 68 
10 24 12 
39 60 92 
63 6 89 
56 25 42 
61 81 7 
29 4 66 
51 5 36 
49 86 30 
30 78 4 
9 92 51 
74 66 100 
64 42 48 
81 86 11 
29 61 98 
76 5 86 
41 40 51 
28 90 22 
22 68 60 
69 74 8 
10 73 53 
16 84 80 
42 17 60 
97 45 72 
57 1 18 
91 96 89 
20 90 37 
17 31 26 
28 26 9 
40 47 74 
75 12 43 
24 2 64 
22 85 66 
33 11 53 
92 59 61 
52 43 62 
32 47 1 
68 42 35 
48 20 5 
56 53 92 
75 3 39 
9 44 36 
96 38 2 
52 50 62 
26 73 36 
100 84 56 
8 80 16 
64 12 36 
55 30 37 
1 28 92 
27 45 78 
70 9 53 
99 70 36 
9 60 56 
54 33 62 
90 32 47 
2 38 64 
66 90 40 
22 91 10 
3 23 45 
54 67 65 
84 73 34 
44 76 56 
15 24 98 
9 30 16 
69 33 40 
9 97 51 
88 31 78 
31 26 64 
23 88 59 
43 5 84 
43 10 45 
42 54 45 
48 55 91 
40 78 24 
46 43 30 
83 35 3 
88 95 26 
13 80 94 
95 81 5 
94 74 100 
51 11 96 
96 25 20 
23 21 69 
13 40 17 
9 90 44 
87 31 11 
69 27 45 
69 93 70 
48 99 100 
100 79 67 
44 53 36 
33 80 30 
82 41 97 
51 2 57 
97 78 17 
24 86 69 
50 65 92 
53 4 9 
30 92 44 
54 87 11 
26 11 13 
51 17 35 
82 54 52 
86 7 4 
80 82 21 
91 85 42 
65 46 49 
34 53 35 
44 93 3 
66 55 71 
22 49 58 
33 47 88 
37 76 48 
57 71 62 
92 73 25 
14 2 4 
98 97 95 
97 90 56 
29 81 80 
57 79 89 
68 41 26 
30 4 39 
61 29 21 
77 36 60 
81 82 62 
95 91 93 
29 23 30 
62 1 66 
39 79 53 
98 69 91 
91 57 10 
63 14 66 
47 51 1 
15 32 61 
84 87 10 
29 16 15 
84 43 52 
96 88 100 
37 96 97 
9 58 38 
91 65 13 
3 49 1 
61 99 60 
82 91 39 
55 86 80 
23 36 62 
96 25 15 
85 32 37 
9 38 17 
45 96 48 
43 63 82 
85 14 48 
49 54 8 
8 4 45 
65 23 88 
82 96 24 
17 54 59 
35 76 78 
83 92 58 
47 36 54 
56 44 23 
98 69 11 
29 54 50 
46 23 36 
31 20 58 
33 3 37 
23 83 68 
37 87 43 
4 28 81 
87 70 9 
5 36 75 
35 71 81 
23 48 66 
29 86 22 
25 71 93 
17 55 65 
62 52 66 
88 48 49 
29 28 48 
5 74 45 
66 58 83 
13 98 47 
72 13 19 
52 50 17 
27 85 1 
43 93 24 
77 73 14 
63 51 14 
76 10 90 
66 28 81 
32 17 7 
39 12 100 
35 14 92 
22 75 96 
43 16 60 
42 63 60 
17 30 62 
11 68 63 
20 77 94 
29 82 70 
81 76 51 
92 24 23 
8 64 16 
81 69 14 
24 73 98 
27 100 41 
59 49 17 
32 58 22 
46 25 72 
100 6 19 
22 38 15 
36 51 49 
21 49 63 
75 56 52 
23 74 11 
21 1 33 
79 28 22 
64 48 47 
75 3 37 
85 87 73 
29 94 49 
36 12 65 
14 73 43 
77 98 22 
26 59 17 
52 53 58 
31 75 16 
31 74 35 
15 11 64 
76 71 3 
35 89 22 
33 35 10 
83 81 65 
8 46 24 
79 63 97 
44 99 86 
86 15 55 
59 69 44 
64 6 99 
100 64 34 
19 7 74 
65 22 66 
82 77 98 
80 49 58 
27 35 6 
98 13 20 
54 92 5 
10 33 30 
77 2 98 
9 80 30 
36 34 13 
91 51 94 
70 42 89 
73 43 85 
40 32 43 
73 7 85 
62 92 85 
54 2 38 
42 25 87 
13 38 23 
8 45 76 
29 70 64 
69 73 77 
20 15 33 
27 52 31 
31 27 44 
88 89 63 
2 94 52 
87 21 38 
61 90 76 
53 20 77 
89 84 87 
66 32 47 
87 13 78 
33 57 24 
55 45 48 
29 8 21 
90 79 30 
56 50 81 
72 21 32 
90 49 53 
24 33 51 
12 37 45 
98 57 89 
43 54 91 
49 77 52 
5 19 72 
19 5 70 
93 67 36 
62 89 98 
25 78 74 
11 99 22 
36 51 48 
6 46 2 
48 15 24 
20 2 64 
48 7 16 
37 11 19 
78 46 36 
19 27 72 
58 93 13 
43 20 98 
65 80 85 
66 92 82 
97 67 9 
42 92 30 
52 9 97 
55 66 91 
30 97 39 
18 5 42 
26 12 46 
85 6 44 
76 13 34 
97 30 5 
33 70 77 
21 18 65 
25 55 22 
88 21 93 
65 100 76 
67 73 84 
21 14 35 
25 37 30 
57 18 53 
20 45 42 
54 31 39 
48 16 77 
61 75 56 
29 74 4 
8 16 10 
77 11 33 
21 45 2 
20 12 64 
64 24 89 
84 13 59 
49 14 31 
20 35 94 
97 29 94 
93 38 77 
16 10 42 
18 86 71 
44 51 84 
88 89 86 
76 2 90 
65 92 87 
68 66 90 
60 14 19 
74 82 29 
96 70 30 
88 81 96 
10 31 20 
44 35 99 
26 89 28 
63 78 69 
85 28 54 
13 67 20 
78 34 51 
73 71 77 
78 59 76 
79 18 16 
80 48 97 
4 39 96 
46 11 79 
86 97 57 
38 81 85 
48 5 92 
79 2 17 
90 48 34 
80 51 40 
31 32 28 
17 32 96 
7 29 34 
79 82 11 
53 77 79 
13 11 90 
42 44 14 
8 63 77 
8 57 31 
100 22 21 
50 86 21 
25 8 42 
87 37 16 
90 85 14 
46 32 73 
3 18 8 
51 7 12 
45 8 61 
11 22 12 
88 9 93 
37 86 77 
38 35 30 
61 75 36 
70 72 76 
50 24 87 
10 22 44 
9 16 13 
18 85 4 
23 27 20 
56 1 52 
61 15 97 
86 19 92 
63 69 22 
63 38 26 
96 10 20 
4 28 18 
85 52 42 
80 55 46 
55 47 5 
33 97 52 
82 20 60 
61 9 69 
62 39 93 
50 79 33 
48 30 91 
46 40 86 
58 20 12 
34 94 95 
3 17 92 
68 88 58 
29 78 35 
60 66 13 
100 74 84 
1 86 75 
5 83 58 
35 22 75 
3 85 29 
2 51 88 
56 10 43 
80 83 93 
41 24 48 
23 83 57 
53 38 50 
15 35 31 
31 57 75 
50 82 85 
82 45 53 
51 99 33 
43 20 41 
14 17 15 
97 25 69 
39 78 35 
12 78 81 
56 60 82 
96 94 29 
44 59 1 
49 92 28 
19 33 16 
88 55 75 
85 38 2 
33 14 69 
21 56 12 
95 92 100 
50 51 27 
32 75 8 
91 58 27 
24 45 63 
4 55 74 
44 17 14 
16 62 90 
90 3 60 
99 58 97 
84 78 71 
45 51 30 
75 94 97 
77 6 92 
36 33 32 
65 58 34 
26 100 69 
34 39 30 
56 91 98 
51 18 25 
91 68 55 
10 56 66 
90 37 63 
15 90 68 
50 89 68 
92 15 22 
12 84 9 
77 65 54 
87 22 34 
41 1 77 
73 66 60 
68 100 17 
14 84 9 
52 83 3 
91 2 60 
92 84 95 
40 16 39 
83 96 49 
74 66 86 
64 52 65 
22 50 39 
21 25 94 
81 45 3 
43 6 17 
72 4 28 
86 6 10 
36 55 100 
16 62 60 
81 59 66 
6 16 48 
18 63 2 
87 25 93 
73 17 62 
40 73 21 
43 79 17 
5 52 8 
34 32 84 
29 36 81 
48 35 81 
56 64 90 
11 22 34 
42 33 86 
56 74 76 
38 50 9 
66 63 67 
9 70 55 
4 18 16 
27 81 59 
67 55 10 
18 78 31 
14 7 94 
94 38 46 
45 61 47 
66 18 51 
45 74 73 
55 37 7 
49 53 70 
72 9 41 
97 26 7 
92 90 3 
79 11 100 
84 29 72 
60 83 100 
89 76 46 
84 69 77 
31 19 66 
78 43 52 
62 14 21 
49 50 75 
62 14 23 
83 72 70 
54 21 15 
89 51 2 
12 35 72 
24 87 81 
30 78 29 
27 84 14 
19 6 64 
68 82 80 
95 21 72 
65 53 94 
50 97 22 
24 1 20 
33 85 12 
49 10 24 
19 80 32 
95 19 39 
36 90 22 
16 59 34 
19 37 32 
10 95 18 
80 84 54 
17 63 57 
4 96 57 
51 96 18 
33 91 45 
6 19 95 
4 48 83 
23 26 10 
80 87 46 
18 3 99 
62 13 25 
95 79 59 
71 80 47 
52 49 95 
32 60 12 
83 47 7 
47 13 6 
50 22 60 
2 91 50 
79 20 65 
81 26 43 
68 45 52 
12 11 1 
56 86 77 
49 24 32 
60 32 62 
85 84 54 
92 50 64 
32 65 91 
82 99 25 
30 33 26 
77 17 11 
4 73 51 
81 1 79 
29 41 22 
81 86 2 
58 50 57 
4 10 61 
64 52 40 
61 29 26 
36 87 59 
6 71 88 
13 51 43 
100 64 55 
71 17 80 
40 53 44 
31 82 69 
76 44 2 
23 50 10 
18 8 69 
21 3 31 
61 20 79 
98 24 2 
93 50 83 
50 1 79 
76 7 15 
55 94 90 
49 30 32 
35 74 23 
91 96 85 
10 42 65 
37 16 43 
38 84 33 
67 49 28 
58 71 8 
81 31 86 
58 26 47 
46 79 41 
99 22 73 
68 43 27 
74 1 78 
60 27 7 
100 29 20 
99 48 32 
74 56 77 
68 32 36 
97 20 7 
36 45 81 
51 13 95 
79 8 20 
63 69 3 
92 93 81 
42 11 91 
4 90 12 
59 62 1 
64 35 99 
65 68 29 
72 14 100 
61 20 88 
24 16 59 
7 39 88 
9 42 63 
21 16 88 
53 5 13 
3 52 9 
46 25 35 
100 1 85 
95 53 75 
65 29 45 
98 22 95 
90 93 24 
51 36 7 
66 79 93 
45 93 2 
78 12 60 
45 20 29 
79 26 28 
49 45 31 
71 8 31 
94 25 42 
2 71 96 
22 23 2 
44 69 72 
15 28 83 
63 54 75 
97 66 18 
12 63 11 
33 22 67 
81 70 24 
80 11 54 
46 48 63 
24 57 2 
97 92 48 
73 69 30 
87 8 39 
41 57 23 
87 20 73 
12 14 79 
88 53 71 
99 66 51 
93 81 3 
5 99 55 
67 79 94 
57 10 99 
8 57 39 
38 72 57 
38 99 39 
55 13 27 
62 77 99 
54 2 24 
76 12 18 
97 35 93 
88 39 70 
59 10 83 
97 91 8 
16 17 14 
63 22 99 
83 2 34 
43 16 10 
72 65 66 
61 3 21 
31 94 90 
31 43 40 
62 43 10 
87 78 14 
35 53 43 
84 29 48 
67 18 39 
67 100 78 
26 6 33 
28 24 74 
9 13 58 
98 94 96 
54 36 9 
94 99 15 
72 23 67 
27 72 58 
82 59 55 
35 96 86 
45 77 30 
76 27 21 
66 94 63 
66 76 65 
100 55 50 
14 34 40 
80 19 64 
6 18 77 
2 38 1 
97 94 79 
25 74 97 
32 59 77 
87 76 95 
56 62 82 
9 66 79 
12 27 62 
65 97 27 
69 33 22 
80 64 84 
20 25 32 
93 5 24 
82 15 68 
54 10 22 
4 90 75 
9 7 66 
46 35 61 
90 3 46 
50 47 42 
30 67 95 
6 29 94 
59 99 32 
54 7 95 
44 81 93 
79 57 73 
5 24 4 
14 86 90 
30 14 38 
8 84 38 
8 92 53 
33 35 38 
25 100 96 
45 34 10 
100 58 54 
39 29 98 
89 81 9 
26 68 8 
37 91 5 
9 24 28 
46 19 40 
26 64 18 
95 2 46 
3 67 72 
34 44 40 
24 40 8 
61 19 88 
99 18 78 
32 54 86 
93 61 99 
51 68 83 
11 69 19 
70 46 9 
20 94 9 
84 82 99 
71 15 93 
93 24 13 
2 57 34 
45 80 69 
1 84 65 
52 25 41 
26 88 62 
31 56 57 
66 85 69 
77 82 35 
36 63 87 
7 61 52 
44 20 26 
45 28 8 
30 96 87 
46 12 54 
19 16 36 
48 88 59 
73 78 48 
86 49 64 
41 82 29 
95 44 31 
68 43 94 
59 56 20 
70 100 53 
14 33 21 
69 18 58 
50 73 45 
92 23 9 
24 63 11 
52 97 60 
47 12 17 
51 12 8 
19 40 3 
8 93 96 
34 6 84 
62 20 71 
74 29 92 
59 67 82 
1 36 19 
88 75 21 
3 53 37 
67 45 12 
51 25 20 
9 62 56 
25 53 19 
88 8 97 
3 60 50 
96 95 74 
49 53 21 
85 49 23 
68 54 11 
74 98 48 
14 86 45 
3 31 10 
72 78 32 
32 88 60 
74 24 77 
53 55 17 
9 38 5 
58 87 15 
97 14 24 
47 73 4 
91 13 95 
46 47 83 
77 33 65 
78 53 47 
25 35 42 
100 42 51 
31 86 26 
66 37 99 
11 50 78 
55 81 22 
16 71 56 
92 32 21 
77 18 25 
99 29 69 
6 93 43 
52 47 50 
57 56 63 
31 51 78 
50 9 97 
31 28 17 
41 21 51 
34 45 68 
15 69 17 
96 68 14 
21 64 97 
20 11 65 
79 41 68 
90 60 32 
33 32 12 
37 5 86 
6 47 68 
42 74 70 
80 97 13 
22 81 85 
22 57 89 
81 37 96 
16 82 26 
17 36 11 
63 32 1 
48 49 53 
27 28 81 
2 99 57 
9 19 37 
65 51 46 
7 86 27 
39 78 8 
14 30 100 
15 57 40 
58 94 24 
32 10 69 
1 17 9 
57 55 16 
21 26 77 
1 90 7 
68 58 28 
86 63 98 
12 50 68 
13 3 78 
80 28 57 
71 68 50 
87 24 20 
3 88 56 
91 17 68 
51 29 81 
60 26 75 
58 8 62 
7 38 79 
58 7 55 
42 58 10 
64 5 76 
34 54 44 
51 100 91 
74 91 70 
66 95 8 
86 64 1 
40 3 30 
7 90 91 
90 17 86 
27 47 32 
76 17 75 
76 1 82 
6 53 100 
47 45 27 
80 31 87 
96 79 22 
32 14 8 
24 30 31 
37 75 85 
76 38 20 
35 65 17 
40 89 39 
97 21 37 
33 21 53 
3 68 19 
31 8 66 
86 99 12 
78 64 91 
17 2 22 
85 75 53 
26 23 64 
66 58 76 
58 49 34 
9 1 85 
42 26 50 
62 93 28 
7 50 27 
51 78 68 
20 16 27 
97 74 10 
8 1 95 
40 80 3 
76 70 37 
86 96 18 
69 85 89 
80 55 27 
40 9 84 
82 87 63 
24 37 88 
6 31 21 
97 76 23 
98 47 97 
63 27 35 
51 95 18 
38 99 3 
79 4 19 
66 80 83 
12 60 77 
9 13 30 
41 51 1 
49 97 10 
38 56 30 
76 3 27 
6 25 73 
81 19 76 
83 2 40 
90 82 45 
97 57 68 
56 13 46 
12 3 16 
21 62 51 
81 26 41 
8 23 3 
35 43 5 
5 85 8 
2 56 84 
91 76 84 
72 22 78 
36 88 52 
60 3 62 
83 3 45 
97 79 17 
55 28 14 
53 3 71 
100 15 64 
31 22 91 
59 72 41 
40 84 42 
44 21 45 
56 17 96 
17 38 25 
14 39 81 
21 4 86 
39 17 13 
60 23 70 
97 29 78 
4 66 5 
33 98 46 
38 64 79 
66 6 42 
81 71 24 
17 56 33 
94 12 80 
100 44 79 
93 33 74 
2 27 12 
59 74 68 
66 51 33 
16 33 95 
97 64 9 
40 26 28 
97 91 89 
72 85 39 
54 37 11 
32 19 25 
59 68 6 
12 71 66 
25 2 63 
84 36 71 
14 54 91 
25 22 91 
53 64 79 
26 20 7 
91 74 93 
8 40 47 
16 54 53 
7 58 35 
32 17 35 
22 90 19 
28 25 65 
59 49 95 
61 22 15 
9 83 63 
97 65 4 
80 98 64 
92 71 70 
91 5 52 
65 89 40 
16 61 100 
40 84 16 
43 93 97 
91 25 90 
30 8 52 
56 12 94 
20 16 57 
21 19 5 
1 44 76 
34 44 33 
95 7 81 
23 87 91 
56 13 95 
36 9 34 
91 86 2 
49 21 77 
23 63 8 
84 19 70 
71 20 22 
72 10 36 
39 24 43 
46 43 25 
74 53 40 
89 76 38 
66 1 56 
11 90 10 
28 26 25 
59 67 95 
17 53 29 
50 61 89 
41 53 86 
4 37 96 
49 46 4 
1 32 61 
59 58 49 
51 95 56 
62 43 78 
81 10 43 
16 31 5 
55 87 37 
25 50 22 
48 79 5 
25 52 6 
79 91 52 
97 45 96 
55 37 10 
93 22 66 
46 77 39 
32 78 24 
86 54 29 
27 77 93 
6 22 26 
37 81 59 
28 45 41 
35 39 76 
6 80 35 
7 48 69 
66 68 96 
19 27 71 
11 82 9 
28 56 59 
27 18 74 
80 20 57 
51 29 97 
42 13 39 
79 74 82 
4 36 62 
4 88 68 
77 82 17 
15 48 44 
87 1 27 
80 99 87 
19 63 56 
77 1 62 
62 47 95 
16 2 94 
92 93 64 
35 59 22 
7 30 36 
59 65 36 
35 5 90 
94 64 70 
93 31 27 
10 43 65 
51 20 40 
21 6 45 
89 32 81 
18 9 99 
72 40 80 
49 45 30 
1 31 87 
37 58 91 
12 42 83 
16 17 59 
31 96 57 
97 73 10 
57 51 44 
96 42 33 
28 10 82 
92 15 62 
47 84 81 
68 100 40 
54 95 1 
62 87 5 
25 84 30 
62 82 90 
31 34 93 
83 73 12 
49 19 26 
59 34 81 
68 97 79 
74 56 34 
17 50 35 
21 68 96 
56 71 94 
57 52 42 
9 2 46 
42 91 26 
42 5 59 
71 91 45 
97 78 38 
46 38 98 
86 98 42 
56 70 41 
95 10 27 
66 32 89 
92 11 18 
72 75 65 
65 47 23 
30 51 44 
36 79 58 
91 68 15 
3 15 92 
13 30 26 
49 60 41 
7 13 73 
61 95 84 
60 95 82 
81 96 79 
38 35 48 
34 68 20 
50 79 9 
22 12 31 
37 14 5 
42 59 14 
30 76 54 
91 4 1 
64 18 38 
81 20 78 
54 71 5 
8 79 96 
66 19 43 
69 88 20 
34 31 25 
27 93 49 
72 15 89 
58 61 34 
72 27 29 
64 49 35 
77 44 72 
70 33 85 
97 94 4 
5 57 58 
96 86 94 
88 23 72 
73 38 72 
36 73 12 
17 67 30 
41 49 50 
68 93 90 
68 49 39 
78 11 58 
3 35 24 
32 6 50 
2 53 31 
9 6 69 
4 31 14 
23 99 84 
19 61 57 
100 80 38 
74 48 54 
17 38 63 
9 87 47 
15 13 30 
34 50 82 
7 29 100 
57 24 87 
39 2 6 
25 2 13 
81 28 31 
14 53 56 
60 4 58 
98 56 71 
100 90 68 
15 99 23 
39 60 31 
35 19 59 
100 58 82 
90 13 56 
38 13 31 
43 13 54 
18 33 9 
4 20 29 
29 58 98 
3 79 44 
64 32 27 
89 77 2 
70 38 28 
5 30 58 
19 10 28 
94 44 20 
40 45 56 
31 13 28 
99 77 6 
25 97 54 
24 7 85 
13 55 21 
83 41 96 
20 52 56 
60 31 71 
51 78 61 
77 69 55 
53 91 77 
48 65 60 
67 38 43 
6 98 77 
52 80 93 
44 87 47 
61 14 63 
59 9 51 
70 16 49 
84 87 5 
90 4 64 
74 55 77 
9 23 87 
92 24 71 
62 16 96 
98 3 96 
25 80 72 
65 55 13 
4 35 51 
15 30 27 
30 84 15 
24 52 4 
57 54 36 
33 71 96 
29 52 11 
7 70 28 
91 54 85 
70 88 100 
23 92 55 
48 52 90 
29 1 28 
80 86 5 
43 45 56 
87 60 69 
14 40 27 
100 22 87 
28 80 72 
81 74 52 
87 18 72 
39 97 86 
93 66 36 
99 70 7 
79 16 28 
57 34 51 
2 17 34 
92 89 78 
9 57 36 
67 25 76 
9 80 85 
18 9 82 
43 17 8 
26 56 32 
12 76 62 
99 93 97 
72 10 4 
7 90 74 
48 5 19 
5 23 14 
78 76 25 
72 6 19 
52 8 55 
75 40 32 
8 96 63 
12 5 18 
10 35 34 
34 84 33 
79 76 54 
92 46 95 
71 90 31 
100 64 10 
31 66 29 
13 85 30 
15 58 45 
41 3 90 
28 35 18 
15 78 71 
65 94 26 
34 67 98 
94 1 41 
90 10 51 
94 44 8 
62 45 5 
63 49 44 
98 83 97 
11 39 36 
77 66 39 
28 83 88 
95 81 31 
75 49 2 
25 27 4 
49 70 61 
13 69 67 
66 82 89 
67 39 56 
9 23 58 
26 7 56 
28 58 45 
37 69 66 
3 86 44 
83 94 66 
83 26 7 
89 86 79 
8 53 31 
54 25 6 
44 77 29 
93 17 77 
61 57 94 
22 73 39 
91 16 69 
58 63 12 
47 86 41 
97 51 93 
77 68 56 
43 62 82 
25 58 73 
41 82 81 
43 42 54 
54 95 90 
8 2 23 
84 95 59 
50 73 76 
61 35 11 
45 58 1 
88 69 99 
70 86 54 
77 29 22 
28 1 50 
100 85 9 
55 10 26 
88 23 75 
78 68 86 
84 7 94 
28 8 59 
20 7 16 
1 92 80 
9 47 58 
65 51 13 
23 18 31 
89 59 27 
18 59 6 
2 14 37 
17 3 52 
27 37 55 
58 50 9 
45 80 41 
45 35 7 
40 79 36 
43 51 12 
65 14 95 
51 31 12 
41 97 32 
50 37 94 
27 62 58 
7 15 2 
2 41 66 
28 96 83 
40 33 89 
66 54 46 
1 80 89 
83 27 34 
74 13 63 
69 74 33 
2 25 100 
57 70 42 
22 92 35 
43 54 45 
31 86 6 
24 56 75 
34 87 46 
14 42 3 
81 78 72 
34 7 16 
36 31 98 
89 97 75 
93 83 39 
40 16 73 
29 44 55 
42 76 95 
61 29 87 
94 82 20 
72 78 24 
57 70 1 
56 35 62 
24 6 40 
88 21 38 
88 25 40 
31 100 77 
75 54 35 
34 11 99 
17 70 15 
16 30 93 
45 36 59 
64 55 21 
89 42 9 
21 49 75 
30 50 23 
66 22 55 
42 20 59 
20 92 55 
45 96 49 
99 1 5 
54 8 22 
33 21 37 
39 57 12 
44 80 67 
6 68 64 
79 27 62 
87 10 37 
48 51 47 
94 48 3 
29 84 90 
21 25 29 
31 91 45 
91 90 39 
71 5 80 
47 70 57 
19 26 54 
58 64 25 
80 35 81 
89 29 75 
15 22 76 
77 6 66 
53 27 98 
1 80 73 
63 24 49 
73 63 44 
42 90 32 
57 83 51 
59 1 12 
31 17 85 
64 41 8 
83 10 47 
17 49 2 
78 71 74 
93 75 46 
57 71 9 
56 14 44 
15 4 68 
98 32 12 
47 4 57 
38 22 53 
10 57 80 
65 51 48 
70 71 83 
22 27 76 
87 9 16 
45 96 82 
65 58 36 
31 35 54 
74 39 64 
34 10 22 
58 88 40 
95 40 31 
62 3 42 
55 99 48 
61 40 63 
9 45 8 
40 27 30 
88 18 84 
13 21 71 
30 38 45 
85 45 34 
42 45 30 
17 88 14 
19 95 92 
42 41 93 
89 85 79 
74 67 1 
21 46 16 
56 39 96 
23 68 60 
36 34 91 
52 94 28 
75 44 24 
89 59 75 
32 11 52 
41 77 38 
39 75 70 
38 72 58 
6 7 37 
34 31 90 
87 27 26 
43 28 51 
72 21 31 
24 43 7 
12 63 15 
46 95 91 
28 85 14 
22 47 3 
62 64 53 
97 24 17 
51 5 61 
15 35 10 
47 10 4 
38 97 83 
74 91 61 
27 68 23 
13 53 57 
96 67 71 
29 56 75 
22 65 10 
6 10 72 
47 44 1 
86 22 95 
99 100 15 
85 80 54 
19 21 61 
78 35 87 
50 79 53 
21 3 75 
46 47 80 
48 92 20 
7 17 97 
70 14 37 
64 99 51 
32 67 27 
80 82 48 
71 16 91 
92 37 65 
41 22 26 
34 11 85 
75 80 41 
98 64 73 
67 37 69 
90 50 81 
32 1 17 
11 44 89 
7 29 51 
23 41 70 
14 63 24 
9 38 83 
19 96 55 
75 27 41 
75 26 100 
27 39 31 
1 65 24 
2 49 69 
10 20 34 
51 15 30 
91 3 66 
19 68 18 
3 99 23 
51 66 61 
61 41 69 
61 36 62 
50 40 73 
23 35 69 
19 99 39 
25 22 18 
93 33 11 
14 52 69 
80 68 87 
29 24 11 
60 78 57 
52 79 19 
39 60 73 
53 99 52 
76 7 13 
79 35 82 
31 58 34 
49 67 97 
26 19 91 
78 42 76 
52 86 2 
100 3 7 
22 17 59 
59 57 58 
65 49 95 
68 78 85 
39 15 58 
27 65 24 
7 74 37 
99 75 5 
83 81 75 
98 9 65 
81 36 97 
6 68 82 
93 36 68 
34 15 3 
47 26 53 
72 25 7 
33 96 59 
54 24 15 
46 35 36 
41 39 60 
33 58 5 
51 35 26 
68 40 10 
64 41 44 
60 12 7 
94 40 29 
1 90 10 
26 94 86 
26 75 68 
40 2 59 
25 60 50 
13 52 24 
76 38 27 
71 89 3 
62 34 4 
5 72 49 
3 17 72 
51 15 21 
81 43 17 
77 40 69 
82 41 63 
58 27 20 
42 5 31 
95 4 77 
5 6 86 
79 36 91 
56 62 49 
37 50 3 
50 22 87 
13 64 80 
6 45 42 
52 34 46 
1 87 59 
36 89 19 
27 70 97 
25 91 2 
81 84 52 
7 48 66 
17 28 72 
74 51 27 
90 47 46 
31 72 62 
64 32 66 
60 8 6 
7 88 17 
58 70 2 
2 31 11 
93 3 66 
18 83 61 
69 78 52 
3 5 26 
59 28 50 
49 22 36 
30 46 23 
41 78 23 
44 86 2 
31 30 47 
99 95 91 
7 24 61 
66 37 78 
26 65 34 
93 37 80 
87 63 16 
17 48 39 
13 38 76 
22 13 28 
64 45 40 
88 45 43 
71 20 69 
89 24 82 
52 40 55 
51 11 86 
95 78 14 
65 6 51 
10 18 32 
60 61 4 
8 57 38 
77 2 58 
45 98 20 
89 47 58 
83 12 96 
42 20 90 
1 75 18 
9 58 35 
8 50 41 
76 92 39 
47 41 27 
25 53 68 
46 27 99 
95 42 80 
58 78 70 
16 31 100 
74 65 10 
15 87 82 
70 75 63 
41 6 57 
72 65 9 
10 22 62 
42 86 100 
38 21 39 
75 37 92 
64 84 49 
22 89 14 
18 78 15 
19 17 30 
74 56 5 
76 74 54 
70 78 54 
70 49 26 
29 8 16 
23 32 49 
32 5 68 
70 47 30 
29 12 99 
46 70 67 
3 16 59 
50 49 17 
40 53 7 
48 81 28 
92 61 52 
81 79 46 
78 48 40 
86 66 42 
100 4 2 
94 69 58 
34 8 28 
96 53 100 
61 66 35 
33 94 59 
93 38 37 
72 70 14 
62 67 20 
30 89 23 
60 97 1 
72 78 68 
39 27 80 
47 99 56 
31 25 30 
71 49 7 
42 18 54 
26 67 82 
80 86 7 
53 74 84 
78 34 42 
85 8 55 
94 80 69 
20 60 77 
85 77 3 
85 89 92 
23 64 27 
98 88 35 
15 82 70 
48 64 77 
71 25 86 
34 98 1 
11 43 38 
91 90 36 
55 56 84 
42 29 91 
87 25 74 
76 25 70 
33 50 46 
28 42 85 
82 91 59 
48 25 57 
2 16 26 
70 15 100 
2 16 6 
69 34 28 
75 15 86 
91 42 93 
12 64 21 
7 13 47 
10 85 89 
81 67 82 
67 48 44 
64 35 31 
56 37 81 
73 63 20 
14 95 53 
15 27 22 
27 44 52 
40 53 24 
79 22 80 
4 93 46 
54 31 3 
68 21 74 
91 87 53 
90 57 96 
25 26 39 
76 53 70 
93 34 37 
3 17 11 
88 14 75 
83 47 17 
21 33 31 
67 75 33 
39 4 13 
74 82 54 
88 97 36 
100 67 18 
85 99 74 
93 50 80 
49 33 27 
14 89 65 
31 33 16 
38 57 50 
52 48 11 
29 48 88 
94 72 17 
26 87 80 
9 35 94 
100 51 11 
70 78 11 
65 58 8 
1 88 61 
94 28 46 
97 18 39 
39 90 76 
60 10 23 
84 78 63 
13 57 59 
33 85 28 
70 44 51 
35 3 43 
79 31 62 
72 100 74 
42 80 39 
97 20 39 
60 17 25 
51 80 75 
77 53 71 
15 80 39 
19 85 21 
40 89 98 
26 68 79 
88 93 64 
25 21 10 
1 98 55 
27 41 87 
61 65 20 
19 58 86 
12 48 99 
50 31 77 
44 7 1 
60 100 71 
94 44 32 
96 44 9 
5 62 17 
99 79 30 
89 53 49 
64 30 31 
29 28 5 
38 25 31 
83 91 16 
65 71 61 
15 66 2 
29 80 27 
87 10 36 
24 53 63 
29 15 37 
33 47 38 
45 5 73 
15 37 49 
68 1 85 
14 89 72 
52 76 5 
23 97 79 
26 82 25 
50 87 55 
95 72 76 
77 29 68 
12 13 20 
26 15 38 
86 88 52 
2 51 100 
63 78 41 
47 49 53 
64 26 83 
100 14 11 
13 39 45 
68 90 14 
62 49 25 
32 59 10 
78 45 92 
37 40 75 
93 33 64 
14 2 49 
65 30 40 
90 31 97 
69 40 19 
40 80 94 
64 71 73 
5 50 19 
7 88 12 
57 3 14 
62 17 23 
88 83 70 
37 33 41 
58 17 81 
18 14 99 
68 26 69 
74 47 30 
97 17 22 
23 69 14 
9 58 78 
53 18 6 
87 37 96 
57 15 16 
90 53 26 
44 25 15 
70 16 52 
46 6 33 
97 93 18 
100 36 66 
47 62 82 
50 22 79 
1 46 55 
2 41 71 
59 55 81 
78 87 43 
43 56 100 
24 30 73 
32 43 16 
89 46 45 
29 88 68 
78 18 86 
87 22 97 
49 8 32 
71 10 39 
51 87 27 
74 86 3 
84 6 50 
60 96 87 
96 5 6 
23 40 67 
22 100 95 
51 55 69 
45 84 37 
60 30 87 
84 81 93 
3 56 80 
91 87 76 
72 48 75 
73 50 74 
97 11 14 
2 30 94 
79 66 27 
39 8 17 
33 3 85 
84 83 97 
38 42 52 
75 11 36 
78 25 47 
34 26 5 
61 31 33 
37 30 77 
3 59 75 
42 51 13 
49 25 79 
52 42 24 
71 32 21 
65 33 38 
79 69 84 
51 15 1 
19 87 47 
67 84 85 
48 58 66 
42 74 7 
55 71 52 
81 68 10 
80 3 97 
65 81 37 
14 34 97 
100 19 17 
81 45 34 
38 33 77 
32 7 75 
56 43 87 
41 48 9 
59 13 72 
81 36 67 
19 22 17 
7 82 18 
77 86 79 
49 81 21 
52 50 99 
5 11 30 
70 49 46 
25 43 11 
1 6 20 
88 47 43 
11 10 42 
18 89 7 
95 44 9 
81 96 78 
28 12 27 
21 64 18 
22 42 70 
94 72 40 
95 93 76 
10 19 25 
22 43 61 
11 45 95 
22 48 69 
67 71 53 
39 2 60 
1 8 50 
37 4 11 
79 36 17 
79 77 40 
59 62 87 
62 17 36 
73 63 85 
43 39 54 
24 10 67 
35 12 67 
9 28 60 
62 85 58 
6 43 32 
66 95 24 
67 54 13 
21 65 2 
53 47 73 
9 24 19 
26 4 91 
10 88 21 
66 37 43 
37 12 39 
84 73 53 
38 67 73 
6 91 26 
53 72 14 
49 79 37 
47 31 86 
48 23 11 
85 39 20 
69 45 24 
21 8 52 
85 97 7 
54 55 15 
3 76 54 
37 92 17 
86 60 30 
4 57 51 
65 61 66 
4 73 34 
64 65 18 
81 15 30 
47 51 89 
5 80 78 
78 80 37 
27 61 57 
13 23 11 
12 77 42 
39 100 1 
81 32 16 
83 84 70 
47 25 82 
91 61 24 
81 1 11 
7 52 84 
40 78 21 
27 34 46 
45 78 64 
47 2 4 
77 86 3 
50 98 5 
41 44 46 
25 66 64 
66 89 61 
50 8 14 
3 15 20 
11 12 37 
95 73 53 
36 7 73 
17 70 25 
15 49 85 
6 25 87 
44 98 28 
53 66 61 
46 24 53 
37 52 85 
23 8 53 
27 68 60 
33 18 85 
59 20 70 
7 74 71 
32 75 76 
70 78 15 
56 51 35 
53 96 6 
79 87 47 
34 25 17 
9 62 50 
97 10 78 
18 15 30 
47 73 30 
34 94 87 
84 41 67 
21 60 46 
66 16 70 
70 15 49 
43 59 4 
3 85 20 
94 25 39 
24 46 55 
2 13 34 
19 3 7 
52 83 53 
49 33 100 
88 42 48 
84 31 67 
7 52 14 
100 11 32 
100 55 23 
67 32 85 
32 90 39 
3 80 66 
29 79 88 
38 60 34 
64 81 1 
88 4 47 
12 1 7 
23 5 67 
89 95 38 
44 86 25 
19 77 35 
10 33 29 
65 88 14 
66 52 34 
56 77 17 
79 31 36 
86 27 58 
43 99 25 
40 31 2 
80 82 25 
48 57 26 
74 93 90 
53 36 71 
71 100 23 
68 43 22 
17 3 99 
91 86 23 
58 100 93 
21 94 13 
12 18 16 
94 75 55 
45 59 80 
61 16 43 
87 37 19 
67 31 48 
8 49 56 
66 68 35 
43 55 54 
6 78 7 
8 18 48 
65 33 68 
5 96 82 
1 33 16 
74 6 82 
29 32 30 
37 15 66 
15 14 22 
59 17 8 
90 40 51 
43 3 72 
69 44 33 
54 28 1 
61 65 19 
44 8 92 
71 34 89 
15 26 24 
75 49 23 
35 67 36 
82 96 11 
4 81 100 
8 31 100 
26 55 4 
59 75 61 
4 49 68 
20 55 23 
19 14 17 
46 31 57 
39 50 15 
21 10 28 
64 20 89 
8 60 45 
4 67 25 
33 68 30 
25 3 64 
91 31 64 
6 72 76 
56 54 30 
9 52 24 
36 21 60 
75 58 44 
64 20 85 
7 64 98 
29 60 41 
63 30 52 
2 76 49 
60 96 5 
5 52 32 
64 34 88 
97 14 76 
52 11 45 
6 66 96 
18 90 30 
13 59 41 
21 3 22 
15 47 71 
72 68 66 
64 67 17 
50 97 42 
8 9 87 
4 12 19 
34 17 6 
80 86 72 
89 22 45 
88 94 4 
36 78 33 
18 72 83 
17 65 25 
32 12 82 
48 14 6 
76 80 62 
18 32 77 
45 10 60 
86 53 42 
37 99 58 
32 56 73 
22 27 61 
23 24 29 
51 98 54 
10 95 15 
40 71 87 
1 16 41 
61 96 79 
57 96 21 
63 15 69 
26 15 20 
13 41 43 
22 51 80 
10 38 83 
8 68 74 
7 95 64 
88 82 54 
19 90 15 
73 59 5 
94 30 22 
47 72 23 
23 69 83 
42 44 5 
3 59 44 
21 50 74 
20 64 31 
2 43 69 
59 87 8 
62 68 99 
62 27 70 
71 31 20 
36 47 26 
98 15 72 
31 50 27 
17 2 52 
20 8 82 
72 37 4 
84 76 59 
20 66 26 
80 54 32 
27 46 14 
17 90 24 
97 46 66 
15 6 63 
65 30 69 
28 49 59 
27 10 33 
25 9 46 
89 74 85 
34 62 100 
82 100 96 
50 98 30 
38 60 12 
35 73 92 
52 51 37 
72 70 15 
26 43 15 
81 61 78 
75 63 100 
10 84 21 
40 58 24 
60 53 81 
64 66 4 
25 43 20 
5 74 19 
52 35 44 
89 34 99 
64 34 25 
26 16 53 
52 41 61 
79 11 91 
25 1 21 
52 17 33 
28 14 33 
82 27 57 
16 62 9 
92 68 19 
59 6 58 
20 74 97 
81 3 13 
69 9 75 
7 11 32 
26 64 25 
22 89 71 
65 31 69 
87 95 88 
35 6 10 
79 37 21 
29 74 16 
47 40 24 
62 82 76 
43 35 91 
2 37 85 
93 44 82 
85 48 4 
65 88 22 
71 13 46 
2 63 91 
49 72 38 
98 29 64 
24 67 23 
1 59 65 
58 13 18 
62 78 65 
2 73 92 
43 99 26 
33 59 67 
94 26 19 
43 57 91 
76 17 3 
32 6 80 
10 19 58 
73 67 43 
52 35 10 
24 75 96 
41 22 15 
11 2 10 
92 3 64 
96 70 61 
19 10 2 
27 66 12 
44 54 30 
71 74 47 
86 68 4 
70 26 53 
49 87 35 
93 91 94 
93 2 23 
28 97 87 
29 37 55 
65 24 85 
85 87 84 
39 89 71 
99 79 19 
56 30 50 
31 74 33 
27 97 89 
80 58 45 
90 51 38 
54 1 18 
12 27 4 
80 19 54 
18 36 69 
61 63 43 
20 49 50 
47 20 91 
7 4 85 
1 14 19 
88 33 21 
9 77 95 
71 24 44 
60 98 80 
14 10 33 
4 34 46 
100 11 13 
12 46 18 
9 52 31 
93 73 25 
47 30 60 
64 99 8 
57 12 53 
48 75 83 
7 91 33 
20 74 73 
24 27 60 
62 83 53 
95 26 1 
76 23 26 
71 15 21 
89 96 41 
46 68 76 
70 47 89 
41 16 15 
11 64 24 
45 82 79 
97 78 91 
62 87 23 
25 68 73 
83 84 20 
2 90 33 
9 17 10 
70 45 30 
26 47 2 
44 80 69 
52 79 17 
19 48 28 
37 57 2 
16 69 20 
8 24 92 
81 83 90 
34 39 51 
53 40 79 
87 47 63 
6 17 47 
21 79 48 
32 44 83 
1 78 13 
16 100 72 
19 6 14 
37 67 62 
10 44 70 
34 87 84 
68 46 5 
30 58 17 
21 65 30 
74 92 96 
4 27 8 
46 84 93 
31 63 90 
43 25 87 
59 95 47 
55 72 56 
44 29 14 
67 74 94 
97 14 9 
45 14 80 
70 85 39 
16 4 49 
13 52 23 
73 89 58 
41 21 10 
18 31 54 
9 64 8 
26 49 69 
63 89 70 
78 8 48 
3 85 7 
94 4 83 
4 29 31 
6 91 51 
89 94 87 
50 4 73 
45 97 88 
94 29 39 
75 18 43 
94 76 9 
64 93 23 
24 54 41 
10 29 94 
73 100 5 
54 60 21 
67 89 61 
49 10 37 
85 69 75 
56 39 35 
12 11 71 
67 7 40 
73 25 1 
25 87 55 
28 69 1 
19 9 8 
39 24 4 
26 4 65 
88 13 75 
4 56 84 
3 11 51 
72 48 86 
45 79 20 
79 71 43 
88 5 71 
93 11 81 
8 35 49 
67 63 68 
51 55 67 
45 98 5 
4 8 10 
43 36 41 
67 41 60 
14 89 19 
87 93 85 
7 93 51 
10 45 1 
20 88 10 
60 6 71 
26 63 100 
35 20 78 
68 42 75 
13 23 83 
92 68 21 
17 50 41 
52 95 18 
98 4 31 
39 91 1 
62 31 24 
85 96 70 
32 74 93 
58 26 52 
75 100 67 
70 42 91 
3 67 95 
33 46 55 
42 97 99 
83 78 47 
12 7 62 
84 94 41 
63 95 23 
98 58 45 
90 4 63 
94 29 15 
17 86 46 
55 21 30 
8 52 78 
95 8 75 
75 57 24 
50 77 9 
42 44 33 
84 43 77 
20 18 3 
16 93 45 
51 100 96 
98 8 93 
15 82 11 
30 86 37 
54 87 48 
62 97 6 
1 28 34 
81 68 36 
12 11 28 
34 39 70 
68 86 70 
8 90 6 
65 71 5 
57 38 93 
98 88 91 
90 16 47 
34 94 60 
33 29 90 
76 90 73 
9 93 56 
48 47 61 
78 7 43 
43 21 98 
73 74 75 
97 5 11 
45 35 15 
85 43 26 
22 35 8 
98 93 63 
19 76 85 
64 52 28 
44 53 58 
95 29 74 
87 41 72 
42 88 55 
42 96 64 
37 75 65 
13 78 65 
93 14 33 
49 76 57 
88 61 89 
97 91 14 
17 18 53 
36 95 65 
29 100 77 
26 58 73 
97 70 67 
43 73 19 
66 43 24 
7 73 92 
99 79 68 
23 99 11 
37 84 22 
44 47 69 
83 7 92 
40 80 95 
22 5 91 
15 11 16 
94 27 22 
18 49 17 
41 85 68 
89 12 80 
83 71 81 
34 35 72 
80 9 48 
73 9 61 
7 16 97 
84 19 49 
5 74 39 
74 55 30 
67 55 34 
59 56 52 
22 89 10 
69 48 100 
81 3 86 
6 22 3 
80 66 92 
42 3 74 
78 92 33 
46 80 44 
47 24 50 
10 79 94 
18 94 63 
44 24 25 
6 86 72 
67 84 83 
44 10 18 
4 15 79 
53 34 97 
38 68 66 
5 100 93 
49 91 40 
13 67 17 
66 4 78 
85 36 42 
4 65 25 
100 8 28 
91 6 15 
50 87 16 
8 66 72 
82 96 7 
86 5 53 
45 25 77 
78 24 56 
62 35 10 
11 82 27 
22 2 69 
67 55 13 
24 74 16 
3 4 34 
98 93 22 
95 31 74 
34 64 98 
4 64 15 
54 94 25 
98 92 72 
92 65 42 
66 92 78 
64 43 67 
46 68 62 
36 68 17 
15 71 84 
13 44 42 
86 35 83 
89 57 97 
49 18 31 
33 100 40 
33 53 42 
82 98 57 
41 53 90 
65 53 90 
34 6 57 
81 39 11 
15 50 90 
1 88 6 
5 98 79 
35 78 27 
51 24 8 
73 58 90 
62 88 6 
11 6 22 
89 80 59 
49 61 26 
58 99 88 
77 91 78 
71 45 20 
2 18 41 
95 6 36 
39 61 44 
63 88 24 
91 83 87 
99 35 76 
66 24 47 
16 96 49 
15 46 78 
19 18 5 
72 46 69 
5 4 42 
30 41 68 
90 51 35 
59 63 13 
17 74 6 
58 39 72 
61 4 28 
42 98 27 
71 74 36 
91 58 86 
23 27 15 
85 39 93 
83 29 75 
48 27 73 
83 79 41 
21 57 12 
54 25 9 
91 86 21 
66 95 64 
4 88 56 
81 27 13 
81 21 25 
34 18 22 
63 75 57 
46 43 93 
28 77 56 
74 85 54 
35 68 10 
2 43 78 
16 64 23 
13 20 76 
42 27 17 
47 5 10 
47 53 74 
35 43 36 
17 92 79 
49 98 56 
2 21 77 
93 2 21 
3 52 10 
74 91 7 
78 50 34 
79 1 72 
84 36 47 
13 26 23 
32 20 78 
66 10 68 
58 41 63 
46 45 9 
7 23 48 
11 44 65 
94 76 39 
82 1 65 
72 95 97 
50 67 87 
33 32 13 
95 23 36 
99 7 98 
19 41 35 
42 88 92 
85 47 92 
87 21 78 
8 43 36 
55 8 94 
18 49 64 
32 12 15 
67 89 18 
46 80 38 
80 44 48 
33 93 44 
6 29 93 
33 53 49 
52 19 60 
4 56 32 
48 95 96 
87 99 75 
78 42 44 
25 17 42 
5 97 45 
12 52 10 
4 17 12 
93 28 20 
10 52 16 
65 67 95 
70 34 37 
49 80 85 
68 82 73 
99 27 97 
11 90 8 
21 74 28 
23 66 21 
7 6 89 
93 2 3 
64 32 81 
24 91 10 
26 12 4 
46 99 28 
77 97 80 
90 37 88 
80 49 56 
66 53 3 
22 11 33 
35 4 66 
21 92 84 
98 40 97 
83 70 46 
80 10 61 
69 36 85 
33 41 6 
53 95 35 
43 48 33 
9 97 42 
66 73 83 
91 46 100 
58 14 23 
44 71 79 
17 19 93 
55 62 72 
85 11 38 
35 49 90 
61 39 37 
95 31 12 
22 52 15 
67 49 13 
95 42 78 
73 58 69 
63 95 64 
48 39 72 
28 53 65 
26 21 2 
80 62 26 
40 63 60 
65 69 38 
23 27 71 
55 70 73 
5 50 78 
84 95 73 
88 93 13 
26 100 36 
23 56 100 
16 1 84 
22 80 24 
91 24 94 
46 27 80 
73 91 37 
66 95 22 
11 74 15 
93 99 17 
85 98 36 
19 58 39 
12 82 37 
34 41 75 
60 24 28 
64 35 50 
80 65 58 
57 40 56 
79 12 1 
72 89 44 
63 81 19 
80 59 2 
84 32 98 
43 76 65 
49 48 99 
97 39 27 
87 26 68 
8 4 40 
82 95 54 
55 43 18 
61 33 84 
12 39 52 
8 67 34 
82 84 81 
16 85 31 
85 30 95 
66 22 45 
46 61 44 
38 57 58 
18 36 14 
24 31 21 
34 56 17 
62 91 97 
9 50 26 
14 52 63 
69 74 4 
7 1 14 
86 19 88 
17 99 60 
56 15 47 
27 18 78 
85 82 64 
38 47 20 
69 42 15 
56 42 98 
83 18 15 
63 50 29 
21 54 78 
82 99 65 
95 76 55 
91 57 100 
97 35 7 
90 94 15 
96 23 70 
31 53 48 
55 95 47 
93 41 68 
65 52 90 
71 14 78 
25 55 67 
42 48 2 
49 42 51 
20 22 1 
21 26 73 
23 22 50 
45 20 25 
77 68 48 
44 23 10 
7 47 62 
5 70 81 
93 3 70 
19 46 71 
87 88 20 
68 81 94 
38 91 37 
35 60 86 
95 11 41 
13 96 65 
90 93 98 
57 20 2 
42 1 44 
78 22 77 
23 7 30 
13 12 49 
88 78 15 
5 54 56 
43 65 100 
89 39 96 
95 3 69 
5 63 91 
87 25 65 
15 71 11 
98 69 28 
97 1 70 
41 24 51 
95 44 81 
92 72 70 
75 39 50 
98 100 95 
60 27 26 
98 96 72 
56 51 70 
32 54 41 
32 78 31 
17 75 99 
24 37 63 
8 45 14 
2 75 22 
85 49 2 
68 52 29 
32 39 63 
6 74 43 
44 9 99 
3 50 59 
37 66 77 
72 58 90 
56 73 28 
30 15 48 
6 60 40 
33 48 80 
96 15 12 
27 67 79 
82 42 68 
87 23 16 
6 42 16 
41 96 97 
33 71 93 
99 72 69 
29 27 57 
47 2 53 
28 36 97 
6 38 54 
62 42 7 
90 16 86 
95 67 19 
43 81 56 
94 49 81 
42 73 83 
81 38 82 
43 18 11 
16 80 12 
46 34 5 
87 7 11 
52 96 31 
68 32 89 
29 16 48 
49 96 5 
65 54 11 
55 76 36 
47 62 98 
39 15 24 
71 15 23 
93 95 44 
3 82 28 
39 12 14 
15 58 92 
62 9 87 
56 76 45 
63 58 85 
56 55 9 
57 2 52 
85 43 87 
17 26 60 
34 43 69 
54 6 2 
38 40 95 
66 88 17 
90 34 50 
10 40 9 
43 74 95 
75 43 6 
39 43 13 
54 73 49 
24 39 51 
65 45 94 
8 25 87 
57 92 97 
10 85 67 
97 14 100 
4 13 91 
85 79 70 
81 60 67 
73 90 97 
35 6 53 
71 5 42 
71 25 69 
98 63 12 
5 56 58 
11 71 73 
38 17 56 
42 27 93 
50 27 47 
88 36 30 
46 79 24 
74 60 13 
6 64 25 
24 19 82 
98 9 15 
9 52 25 
42 82 41 
79 13 68 
76 19 90 
1 50 33 
60 31 96 
15 35 42 
47 23 59 
23 1 75 
85 1 44 
1 27 51 
37 11 27 
14 64 80 
10 88 90 
98 3 74 
57 99 82 
74 3 68 
11 43 64 
20 46 24 
34 40 94 
62 88 98 
85 48 28 
58 52 41 
98 44 87 
23 30 9 
86 23 66 
7 58 90 
21 6 2 
44 2 97 
59 64 44 
93 79 50 
20 3 59 
29 33 1 
75 91 27 
61 72 20 
51 43 96 
4 33 94 
28 77 76 
68 43 78 
33 19 99 
95 45 13 
54 83 58 
86 93 47 
11 93 57 
49 43 95 
26 19 75 
20 52 26 
32 37 27 
23 96 97 
6 43 46 
86 13 62 
55 32 27 
86 88 83 
14 46 85 
41 14 3 
14 78 36 
92 25 28 
17 31 83 
38 91 83 
8 44 39 
21 38 14 
90 44 40 
68 70 50 
31 48 3 
50 74 72 
63 53 48 
82 4 62 
88 76 25 
37 31 77 
79 23 91 
43 4 10 
69 36 100 
4 74 44 
96 22 93 
80 98 47 
63 47 8 
3 36 46 
28 80 76 
49 19 91 
39 47 3 
5 88 4 
100 84 82 
33 69 1 
45 21 40 
13 22 48 
94 47 9 
43 24 50 
15 13 88 
49 26 13 
17 78 65 
45 52 89 
95 79 16 
41 15 11 
94 55 78 
8 3 95 
83 16 95 
69 86 90 
15 55 14 
40 42 56 
97 66 44 
45 17 38 
7 91 76 
95 74 20 
96 58 73 
70 54 85 
92 6 17 
43 71 95 
67 30 80 
83 78 75 
16 82 83 
62 49 63 
96 73 46 
42 86 39 
85 17 50 
76 25 100 
20 75 29 
1 12 87 
44 53 28 
29 64 31 
43 2 99 
43 97 44 
100 39 54 
52 41 48 
16 10 85 
34 13 25 
70 45 47 
15 75 19 
97 96 47 
53 10 94 
59 24 79 
6 22 16 
42 79 19 
52 16 99 
89 97 67 
45 17 74 
2 80 35 
69 20 44 
83 97 37 
58 15 53 
4 85 63 
27 29 49 
83 98 67 
18 49 4 
100 75 79 
68 18 43 
87 1 17 
14 55 91 
18 60 33 
15 16 5 
52 72 54 
8 38 28 
6 36 61 
10 89 12 
28 89 62 
16 18 11 
99 79 64 
50 54 78 
91 53 63 
8 63 61 
19 59 82 
39 50 44 
34 75 5 
19 68 35 
71 98 77 
85 95 86 
86 8 88 
85 51 7 
69 78 6 
34 24 18 
36 79 96 
3 67 27 
32 18 90 
90 44 93 
95 100 17 
58 49 52 
85 8 98 
76 68 25 
89 65 82 
22 59 33 
68 1 71 
83 73 30 
80 91 13 
33 93 47 
1 11 79 
49 94 34 
54 10 97 
34 5 48 
96 66 46 
48 70 84 
15 27 13 
22 15 74 
16 45 95 
37 73 44 
18 83 63 
50 43 73 
53 62 80 
61 81 14 
21 56 11 
65 57 39 
46 13 43 
100 85 87 
93 47 64 
4 48 84 
84 95 31 
70 80 65 
73 72 64 
54 72 12 
10 27 54 
84 68 55 
11 19 26 
20 27 28 
54 70 94 
67 76 95 
78 54 1 
59 79 15 
82 40 91 
96 4 34 
45 61 27 
80 62 46 
41 69 72 
26 66 15 
31 76 93 
45 20 30 
90 49 30 
15 36 16 
10 5 42 
67 45 71 
55 34 2 
87 95 11 
69 70 84 
2 69 71 
56 72 45 
39 24 53 
15 34 93 
14 65 3 
68 8 69 
89 36 93 
59 68 79 
23 75 19 
62 6 37 
74 33 59 
88 21 72 
2 33 27 
73 31 3 
17 25 54 
94 35 6 
75 39 48 
96 34 9 
55 50 2 
42 40 24 
98 88 73 
4 86 50 
48 16 17 
20 19 13 
36 78 2 
8 25 36 
10 19 72 
83 70 74 
26 97 50 
8 33 32 
42 76 53 
38 89 39 
14 59 41 
56 40 97 
1 91 50 
59 87 54 
23 97 43 
61 19 9 
13 60 44 
86 57 15 
5 63 74 
45 100 33 
88 99 34 
38 67 93 
31 99 55 
19 64 10 
57 32 88 
46 74 72 
78 52 50 
58 49 50 
60 70 69 
46 40 14 
64 19 69 
84 70 37 
2 91 39 
81 72 66 
52 12 92 
40 53 19 
64 44 19 
6 23 7 
18 38 42 
10 13 57 
71 35 6 
84 94 65 
37 51 84 
79 82 70 
57 80 67 
27 56 29 
54 79 26 
12 93 85 
27 5 33 
31 51 89 
22 65 86 
66 48 3 
50 99 7 
97 28 38 
76 68 7 
63 58 78 
87 73 66 
88 45 96 
26 65 93 
33 63 86 
38 65 23 
59 72 12 
27 14 63 
52 41 38 
72 82 47 
91 61 100 
96 57 67 
8 55 2 
52 6 36 
98 1 68 
91 4 65 
44 90 15 
85 47 29 
7 54 42 
70 100 3 
6 46 24 
85 78 28 
43 75 59 
19 74 34 
47 60 41 
42 74 22 
34 15 68 
16 10 55 
81 76 37 
22 23 34 
10 52 80 
23 95 87 
34 44 18 
40 9 53 
21 90 6 
100 60 32 
22 46 27 
13 24 41 
92 58 93 
37 90 65 
79 39 98 
60 40 68 
90 63 56 
94 76 57 
52 33 44 
87 11 64 
68 90 1 
50 76 46 
71 91 3 
49 62 100 
17 37 94 
40 8 35 
59 72 4 
53 77 56 
80 22 97 
50 85 68 
27 79 56 
7 90 15 
12 40 51 
84 70 67 
3 60 91 
49 14 77 
72 35 82 
38 85 89 
32 99 51 
68 25 55 
32 11 84 
64 96 16 
24 99 38 
42 45 43 
76 71 17 
59 14 75 
68 94 52 
26 40 56 
25 2 89 
91 76 94 
85 9 47 
52 46 18 
12 67 77 
52 49 39 
27 13 46 
55 13 72 
87 73 45 
18 69 68 
46 38 31 
40 88 67 
47 60 77 
32 39 52 
40 54 30 
13 52 58 
2 34 63 
34 69 60 
10 43 61 
15 95 12 
89 51 49 
69 47 40 
1 9 20 
8 81 1 
45 53 20 
27 17 86 
66 29 50 
33 71 83 
65 22 57 
40 57 46 
80 20 82 
13 56 12 
25 33 8 
25 2 85 
22 95 57 
76 26 14 
81 64 96 
86 96 17 
29 4 90 
20 80 22 
14 45 1 
11 88 22 
35 82 88 
62 11 37 
70 17 86 
41 87 35 
31 18 47 
88 25 78 
81 66 91 
18 59 80 
22 99 20 
86 40 67 
28 33 15 
74 42 82 
21 31 49 
64 40 11 
7 42 55 
99 98 5 
53 64 93 
79 35 24 
53 88 22 
48 71 97 
84 22 94 
63 32 10 
38 57 40 
81 60 82 
75 94 87 
22 52 69 
30 88 57 
24 46 7 
77 91 10 
57 85 66 
81 13 73 
97 82 95 
17 33 62 
2 20 100 
62 1 23 
22 76 94 
2 80 41 
54 2 26 
93 27 78 
70 13 80 
39 78 62 
86 60 59 
43 96 92 
27 73 98 
84 76 42 
23 67 79 
5 43 32 
29 15 17 
89 5 86 
23 31 76 
29 71 94 
6 70 20 
73 47 65 
28 91 25 
31 41 6 
60 79 58 
8 27 87 
32 4 75 
57 93 52 
89 60 18 
49 100 12 
45 17 82 
25 48 89 
29 18 7 
35 58 78 
46 97 37 
36 71 76 
67 15 89 
58 68 67 
29 1 70 
38 76 53 
99 76 45 
51 77 48 
79 28 77 
48 90 77 
11 89 88 
50 7 8 
26 53 31 
99 7 3 
41 88 87 
24 45 62 
39 71 50 
54 94 33 
72 42 29 
28 55 58 
79 20 34 
97 73 33 
34 9 29 
44 75 79 
63 68 87 
55 48 9 
19 30 51 
19 69 65 
55 39 46 
41 72 58 
65 52 10 
46 87 15 
22 43 67 
85 37 81 
51 72 15 
36 29 7 
1 66 97 
97 24 10 
44 16 19 
11 37 55 
64 16 52 
89 9 94 
12 72 87 
33 10 48 
31 45 95 
88 23 12 
63 28 47 
47 59 35 
36 56 6 
95 1 19 
28 73 88 
29 19 16 
76 100 92 
81 28 67 
26 8 42 
97 62 60 
12 17 81 
25 47 30 
74 25 56 
62 11 89 
73 21 5 
46 31 91 
22 39 33 
62 64 58 
38 87 85 
12 33 63 
71 39 23 
46 4 58 
31 97 48 
72 16 86 
65 67 97 
50 62 2 
57 95 4 
96 36 75 
46 53 7 
20 37 69 
2 77 87 
52 83 21 
30 37 68 
88 78 37 
27 55 68 
58 87 49 
91 68 87 
47 94 66 
34 9 3 
97 100 46 
50 2 77 
55 62 77 
65 68 31 
74 90 16 
62 98 81 
88 99 6 
45 4 48 
40 50 78 
47 77 29 
32 51 42 
34 82 41 
40 97 6 
1 35 61 
8 27 12 
25 19 8 
60 55 87 
64 31 88 
63 12 50 
79 15 24 
23 99 66 
35 62 53 
24 29 51 
57 47 53 
53 28 60 
80 44 49 
41 59 39 
54 61 3 
28 36 81 
88 40 14 
88 21 29 
47 24 72 
52 71 81 
43 10 86 
9 73 47 
21 35 16 
37 19 17 
17 52 57 
39 73 47 
7 8 53 
13 75 64 
39 100 99 
52 61 12 
33 1 75 
99 71 19 
14 81 100 
33 31 77 
84 69 29 
38 6 56 
81 23 46 
51 13 22 
81 38 42 
84 66 98 
80 29 98 
51 83 15 
1 88 14 
49 44 87 
88 49 2 
43 59 39 
24 65 8 
73 2 29 
73 23 29 
5 97 99 
8 66 27 
72 2 25 
73 80 32 
57 60 5 
27 83 90 
44 22 7 
65 31 50 
49 59 98 
11 31 26 
43 9 15 
94 70 33 
7 93 64 
80 98 27 
41 51 39 
45 15 33 
57 56 99 
62 46 66 
1 82 2 
99 43 47 
38 29 78 
73 16 100 
73 58 45 
83 2 41 
58 40 48 
31 36 49 
44 6 25 
98 38 61 
17 86 33 
65 71 30 
72 6 17 
83 98 80 
84 47 18 
21 11 20 
31 51 43 
52 2 44 
46 42 3 
62 14 31 
21 55 5 
36 10 28 
89 58 25 
72 65 61 
93 81 34 
96 67 33 
20 18 36 
73 3 59 
50 59 80 
84 68 12 
22 34 71 
29 69 20 
12 14 48 
99 67 27 
63 37 89 
41 80 43 
59 70 35 
49 31 43 
24 86 31 
25 66 1 
92 61 51 
58 38 87 
21 50 53 
4 58 59 
51 25 98 
22 23 21 
80 67 86 
54 22 2 
12 93 50 
46 7 51 
85 13 37 
94 59 80 
52 36 72 
82 98 99 
99 95 72 
53 43 73 
66 26 54 
96 5 26 
12 61 86 
60 26 28 
23 7 27 
94 10 27 
85 1 47 
37 12 22 
95 78 58 
87 88 5 
73 65 39 
61 75 62 
78 46 1 
58 6 54 
92 62 12 
26 6 65 
27 80 75 
56 77 27 
87 72 55 
65 55 1 
70 54 9 
61 12 29 
10 65 64 
49 38 92 
4 51 68 
63 38 3 
94 61 75 
12 29 88 
25 69 91 
71 90 19 
88 50 20 
30 14 85 
54 57 74 
43 45 22 
12 82 89 
5 64 21 
44 18 93 
82 97 77 
56 22 72 
19 37 34 
11 4 16 
88 7 93 
96 24 26 
62 94 10 
70 74 95 
81 15 8 
83 84 60 
93 41 99 
10 20 24 
47 76 94 
13 42 93 
25 10 89 
88 75 24 
37 80 6 
78 75 43 
80 87 72 
17 96 53 
48 19 24 
8 42 61 
83 69 55 
21 35 42 
36 48 52 
99 100 6 
66 59 20 
16 24 32 
94 79 57 
97 12 23 
39 45 85 
94 38 43 
100 23 61 
97 13 36 
58 95 84 
62 87 12 
14 38 94 
37 63 97 
3 34 72 
77 92 82 
64 84 53 
21 85 16 
26 99 33 
97 62 27 
26 99 10 
22 63 61 
75 50 77 
85 37 47 
79 76 75 
57 76 83 
28 74 79 
28 19 53 
30 1 14 
40 2 82 
4 81 60 
24 65 6 
39 49 58 
6 66 61 
57 70 58 
63 74 96 
37 76 87 
30 53 84 
51 32 33 
44 23 53 
19 93 89 
85 30 54 
29 57 86 
66 82 75 
2 40 20 
13 42 4 
68 69 39 
71 80 65 
46 97 56 
18 99 11 
43 4 58 
69 36 11 
33 84 37 
74 33 60 
16 40 94 
9 48 39 
44 86 79 
6 57 51 
27 59 32 
2 30 25 
1 22 97 
97 3 5 
18 45 55 
94 81 65 
49 32 31 
89 30 43 
93 99 55 
89 86 95 
91 56 27 
90 65 2 
92 100 53 
52 1 71 
26 2 46 
63 16 69 
37 4 82 
86 8 93 
74 12 60 
82 63 67 
55 11 31 
81 14 73 
26 11 52 
27 78 25 
44 10 82 
44 26 5 
60 58 44 
77 43 69 
3 24 4 
23 99 24 
16 35 36 
51 63 57 
25 82 24 
54 7 61 
71 43 40 
4 42 68 
4 57 40 
82 7 69 
65 46 37 
19 57 44 
55 20 37 
32 67 6 
97 63 17 
56 48 37 
98 65 28 
26 7 1 
8 84 23 
49 92 48 
76 74 75 
79 55 66 
86 97 84 
3 63 24 
36 41 12 
8 52 65 
99 21 97 
6 11 76 
41 43 76 
57 24 63 
96 1 12 
7 39 52 
74 22 47 
61 30 32 
84 9 69 
58 48 26 
31 27 25 
41 74 25 
26 43 23 
49 84 81 
80 97 70 
64 39 65 
20 23 48 
51 96 14 
26 75 20 
26 6 42 
18 52 7 
6 78 74 
93 74 79 
69 11 88 
82 5 69 
17 69 5 
35 55 53 
79 70 41 
61 94 32 
34 47 84 
66 79 88 
84 16 53 
96 95 36 
37 59 11 
30 37 71 
94 56 82 
45 12 39 
97 25 96 
61 7 32 
96 8 9 
12 43 71 
97 93 9 
49 24 38 
31 21 91 
85 95 39 
7 53 42 
85 98 9 
3 50 44 
64 39 2 
100 8 25 
85 26 76 
68 44 33 
95 38 47 
35 76 97 
80 59 53 
49 97 12 
17 23 96 
32 9 21 
6 77 74 
68 80 24 
83 41 34 
85 80 81 
48 67 60 
97 27 2 
85 18 43 
78 13 52 
16 12 55 
88 6 24 
87 37 35 
6 74 19 
7 84 32 
29 99 18 
68 10 75 
90 72 96 
7 57 24 
96 76 64 
69 38 12 
96 75 46 
58 99 17 
26 77 84 
43 91 46 
20 49 2 
30 4 75 
38 55 85 
51 31 36 
87 83 93 
30 63 6 
74 36 78 
31 40 63 
17 44 75 
44 91 71 
44 75 71 
53 87 90 
98 95 83 
73 18 26 
3 56 82 
89 88 93 
100 35 56 
76 2 80 
8 99 47 
8 80 47 
53 14 13 
81 87 42 
40 22 89 
85 20 77 
89 45 78 
19 65 17 
17 20 24 
37 95 56 
97 24 15 
52 54 51 
60 34 75 
88 50 46 
30 92 35 
81 63 72 
16 91 100 
67 1 48 
99 23 72 
48 76 46 
57 91 92 
60 2 66 
64 19 99 
73 30 17 
57 41 56 
76 10 86 
47 95 64 
13 29 49 
46 98 32 
67 75 10 
99 66 62 
45 25 14 
42 41 15 
25 15 38 
98 2 19 
96 27 69 
81 76 12 
50 77 97 
88 30 48 
12 42 49 
56 51 39 
50 14 62 
16 68 13 
90 62 10 
12 68 79 
30 50 58 
27 74 36 
16 73 97 
69 50 8 
57 38 81 
33 41 39 
19 54 46 
96 74 9 
17 69 61 
11 30 18 
34 87 100 
34 100 5 
24 15 59 
93 79 60 
99 96 44 
3 57 69 
83 13 2 
89 30 52 
87 62 36 
16 77 93 
37 55 78 
35 74 76 
53 5 55 
84 95 76 
78 56 58 
89 27 44 
97 25 36 
3 46 21 
25 21 55 
50 83 91 
2 52 89 
54 40 1 
21 8 80 
52 45 21 
66 33 46 
70 40 54 
21 48 88 
56 53 1 
47 15 92 
42 26 84 
34 24 29 
61 15 68 
26 82 34 
11 1 17 
70 77 87 
89 75 80 
9 36 64 
99 12 100 
91 51 52 
82 22 87 
67 13 75 
97 12 2 
16 40 21 
84 94 17 
4 56 37 
12 97 57 
45 68 66 
33 15 86 
88 82 68 
41 75 74 
64 47 43 
27 43 34 
8 84 62 
28 45 56 
24 85 60 
21 84 90 
88 29 89 
8 75 65 
40 21 37 
83 29 2 
16 5 33 
41 58 4 
44 81 51 
13 8 89 
29 28 26 
45 12 84 
78 53 42 
68 54 34 
34 19 59 
75 49 42 
78 14 56 
82 66 7 
47 38 93 
18 2 49 
95 75 65 
48 76 25 
97 26 22 
31 45 88 
6 74 98 
94 81 62 
96 84 92 
32 26 37 
47 88 55 
3 44 63 
18 31 24 
28 48 52 
99 54 71 
45 69 96 
8 66 96 
4 1 3 
68 7 57 
99 97 79 
90 48 32 
24 67 92 
59 64 12 
52 55 20 
48 93 28 
32 95 89 
18 56 29 
63 36 83 
21 10 65 
41 20 73 
39 76 87 
67 36 41 
14 3 66 
26 99 37 
46 81 100 
23 47 49 
44 3 10 
8 22 19 
85 63 81 
41 95 99 
10 47 21 
86 49 54 
13 80 45 
90 96 11 
24 33 14 
100 84 67 
31 47 35 
16 89 22 
44 3 58 
18 50 11 
72 39 69 
9 54 90 
20 1 7 
91 36 87 
95 45 93 
80 19 82 
64 78 22 
42 7 50 
34 8 11 
35 76 95 
29 11 48 
62 3 41 
20 30 83 
39 64 59 
81 1 37 
77 17 24 
39 17 3 
95 8 19 
34 56 69 
19 96 84 
60 76 36 
72 71 89 
12 88 20 
25 41 78 
63 16 36 
89 38 61 
68 9 56 
90 20 84 
11 44 94 
1 30 49 
86 94 91 
12 82 38 
71 12 29 
11 29 71 
13 29 96 
91 46 94 
85 56 87 
70 18 36 
31 27 68 
42 39 36 
64 28 47 
15 66 30 
14 96 80 
45 38 23 
54 47 95 
58 81 18 
63 3 47 
94 40 45 
21 89 1 
11 48 59 
10 82 7 
55 19 41 
64 53 71 
17 73 43 
26 38 12 
55 12 87 
5 34 52 
22 24 32 
75 48 7 
22 57 26 
52 69 76 
80 10 50 
28 5 90 
16 98 34 
95 36 80 
67 41 3 
13 42 22 
71 86 8 
63 95 12 
91 99 49 
4 100 34 
19 43 36 
10 2 9 
42 59 89 
81 26 3 
34 10 77 
21 81 65 
82 59 30 
43 71 58 
28 22 37 
83 16 39 
45 98 40 
30 52 20 
64 93 20 
63 5 44 
79 75 13 
57 97 41 
59 51 94 
99 77 31 
20 25 61 
79 13 25 
83 8 81 
26 38 45 
41 37 98 
86 24 67 
95 26 43 
43 50 4 
72 2 68 
23 45 44 
55 41 45 
69 16 49 
14 18 2 
97 15 2 
20 12 15 
25 57 2 
63 58 71 
55 76 8 
92 30 65 
32 6 89 
8 18 17 
99 43 95 
37 90 71 
54 27 25 
1 5 61 
29 97 61 
5 36 97 
93 84 13 
34 5 18 
11 37 88 
67 20 71 
92 64 43 
39 25 17 
92 48 99 
58 42 79 
72 34 78 
59 5 70 
18 96 91 
47 86 74 
1 74 26 
34 84 23 
3 7 20 
65 98 85 
4 62 5 
85 87 48 
19 59 27 
8 77 88 
73 63 18 
59 87 53 
65 55 42 
89 53 38 
99 71 14 
72 9 82 
74 89 27 
84 29 73 
12 40 11 
63 51 36 
45 54 49 
98 66 2 
9 65 6 
94 79 27 
16 49 12 
66 94 34 
48 53 28 
89 78 34 
60 57 64 
50 100 24 
37 19 92 
35 50 1 
82 84 80 
76 10 80 
63 83 64 
55 21 40 
34 31 12 
3 24 25 
84 52 3 
84 72 18 
35 1 73 
85 82 31 
24 10 66 
8 24 37 
27 62 87 
53 4 51 
71 1 43 
69 17 49 
69 46 48 
77 62 47 
17 71 81 
25 86 32 
49 51 47 
96 27 5 
10 41 32 
63 14 95 
87 16 25 
73 32 1 
55 44 10 
53 79 56 
58 55 22 
98 69 22 
51 32 18 
57 81 89 
53 86 71 
77 87 83 
39 95 54 
9 3 80 
81 26 2 
43 99 17 
37 84 89 
36 78 29 
2 52 88 
66 40 32 
29 60 67 
93 78 38 
77 72 12 
21 66 62 
51 26 17 
52 66 87 
13 85 35 
4 60 40 
70 82 73 
71 15 39 
56 51 21 
54 81 89 
78 87 30 
94 34 75 
53 1 18 
69 51 4 
11 82 38 
88 72 65 
45 9 77 
38 36 60 
47 85 63 
93 24 29 
6 94 3 
4 28 45 
39 57 11 
15 22 71 
86 4 64 
29 48 83 
79 9 25 
90 51 80 
22 28 40 
36 30 47 
53 1 93 
52 80 71 
86 85 94 
49 6 60 
40 37 27 
43 15 98 
57 22 98 
85 93 86 
33 63 74 
1 19 29 
67 59 20 
33 46 89 
95 5 38 
81 71 13 
40 97 90 
58 10 8 
44 66 64 
85 76 79 
20 14 67 
24 79 42 
37 5 78 
20 91 70 
65 80 69 
92 17 29 
82 54 47 
59 55 26 
76 98 23 
67 90 31 
77 4 59 
87 49 74 
54 12 17 
23 94 93 
94 13 74 
92 15 1 
63 93 62 
46 72 3 
43 93 23 
73 38 62 
56 48 6 
74 66 28 
56 8 83 
65 76 54 
85 10 57 
61 4 12 
35 55 67 
3 60 100 
26 22 12 
71 48 78 
3 80 76 
40 89 2 
62 85 34 
10 52 28 
11 56 33 
100 39 61 
55 99 21 
33 60 30 
80 55 36 
19 85 63 
15 33 36 
66 70 57 
68 2 85 
66 43 39 
71 41 14 
73 69 3 
19 13 40 
58 47 35 
84 9 99 
63 71 3 
33 66 25 
96 41 11 
83 73 43 
48 77 74 
18 15 69 
73 60 41 
87 72 27 
89 51 41 
2 83 54 
49 60 10 
49 25 14 
100 30 2 
16 75 30 
63 15 40 
84 67 39 
9 27 54 
17 21 81 
68 56 51 
99 11 100 
77 82 59 
76 36 16 
45 38 29 
70 3 31 
51 62 86 
20 69 84 
6 81 49 
42 67 74 
24 12 20 
98 61 47 
14 53 37 
91 11 67 
83 28 20 
39 7 5 
40 65 98 
26 27 44 
81 68 47 
11 48 78 
80 35 86 
85 75 19 
20 86 73 
17 96 80 
44 22 19 
16 4 31 
34 4 57 
34 59 44 
4 28 42 
47 72 39 
62 27 15 
40 77 99 
15 95 96 
73 44 58 
16 80 99 
97 67 58 
22 30 55 
15 24 18 
12 1 31 
20 91 36 
4 9 87 
29 72 61 
11 85 24 
1 70 28 
53 88 58 
16 85 68 
73 49 100 
30 24 86 
95 44 77 
44 92 21 
84 14 78 
26 74 96 
49 24 98 
27 56 1 
28 70 61 
71 39 16 
17 28 58 
92 8 5 
18 62 100 
11 67 61 
54 9 33 
63 3 76 
33 46 94 
19 40 52 
53 85 90 
4 45 83 
26 56 23 
9 52 6 
58 97 30 
59 81 80 
29 39 32 
14 68 86 
55 88 45 
27 45 43 
50 93 38 
17 55 2 
36 23 22 
66 48 35 
2 80 43 
72 26 80 
19 64 28 
29 13 27 
75 9 47 
33 98 2 
52 6 97 
96 25 41 
84 71 8 
55 99 1 
51 33 19 
51 24 71 
10 70 62 
94 100 46 
30 65 12 
85 71 92 
96 70 9 
41 50 5 
47 95 61 
3 39 51 
98 90 3 
17 28 95 
10 71 76 
62 15 89 
6 92 46 
90 45 60 
44 76 78 
59 56 85 
30 99 86 
22 59 100 
69 22 88 
58 47 42 
22 29 61 
3 49 90 
35 2 58 
25 27 62 
41 89 71 
30 23 80 
91 14 19 
58 25 96 
45 39 73 
42 55 67 
54 99 61 
39 91 27 
34 54 66 
36 72 96 
22 76 66 
35 11 44 
98 59 64 
14 24 10 
36 17 33 
63 6 70 
80 55 10 
81 13 70 
66 55 26 
90 4 97 
43 71 63 
41 16 50 
19 45 95 
76 14 36 
20 84 16 
6 74 81 
90 93 47 
11 28 29 
32 57 84 
40 36 33 
22 92 47 
50 76 27 
39 84 32 
30 27 63 
20 2 18 
52 34 97 
63 42 11 
8 70 95 
30 48 11 
11 98 56 
94 78 31 
2 74 95 
11 3 82 
95 40 71 
57 94 84 
16 99 59 
22 29 72 
14 66 21 
93 72 1 
18 68 10 
22 31 87 
27 100 34 
43 99 15 
35 11 60 
86 17 4 
19 3 74 
81 33 18 
83 84 69 
77 72 46 
46 76 61 
49 25 12 
74 58 10 
19 9 50 
45 38 35 
96 64 68 
94 81 31 
59 52 41 
24 7 35 
14 6 55 
53 38 61 
98 3 94 
66 56 8 
21 31 55 
80 57 34 
95 33 28 
21 36 5 
7 14 10 
17 56 15 
84 29 99 
25 84 40 
67 35 85 
97 72 61 
98 69 19 
34 89 32 
38 72 99 
48 26 54 
29 89 33 
53 51 11 
85 88 17 
62 69 18 
65 36 56 
91 95 90 
29 48 13 
8 85 10 
39 12 48 
31 33 9 
96 43 25 
70 58 82 
98 62 51 
25 59 39 
51 40 94 
70 25 86 
67 59 45 
72 75 93 
92 74 20 
49 55 56 
88 47 29 
29 48 52 
90 95 88 
66 78 14 
89 50 8 
69 6 55 
32 42 94 
19 50 56 
12 22 9 
97 9 13 
53 54 27 
42 23 100 
10 69 84 
96 79 20 
96 68 22 
81 59 97 
4 10 21 
7 24 9 
19 91 80 
29 53 41 
12 70 1 
30 37 96 
94 73 2 
9 50 21 
80 50 4 
65 3 69 
59 51 47 
17 66 22 
28 23 75 
32 28 3 
40 18 44 
63 27 66 
37 53 13 
33 67 27 
48 50 82 
79 48 71 
60 25 81 
73 20 3 
66 83 13 
23 25 41 
19 67 61 
21 45 10 
1 62 9 
90 49 11 
100 78 99 
91 69 87 
24 21 67 
16 45 21 
96 79 41 
8 67 4 
13 8 27 
73 12 64 
66 56 45 
82 1 98 
94 100 85 
10 31 49 
39 50 33 
83 27 92 
77 100 8 
8 7 24 
12 92 47 
80 60 87 
76 23 44 
97 45 62 
90 53 4 
40 58 86 
39 41 24 
76 73 5 
73 69 78 
31 39 81 
70 82 85 
85 73 79 
63 42 1 
87 70 48 
97 92 59 
97 32 91 
31 55 80 
28 98 43 
28 53 74 
53 93 49 
11 22 4 
43 90 34 
36 2 50 
11 16 25 
37 3 100 
57 25 70 
81 83 82 
40 37 15 
44 72 12 
44 19 54 
64 71 48 
73 23 12 
75 15 77 
68 41 25 
35 71 95 
17 59 29 
59 70 97 
32 16 25 
23 16 33 
25 2 86 
16 40 26 
71 1 91 
87 92 21 
31 37 61 
29 39 15 
51 25 30 
64 70 53 
10 56 19 
8 97 87 
31 97 46 
57 8 53 
83 16 23 
100 41 84 
76 90 11 
7 30 81 
57 42 51 
64 30 96 
85 19 37 
31 47 25 
79 59 71 
1 89 31 
17 64 10 
53 62 49 
57 12 54 
93 71 48 
45 80 79 
7 24 49 
65 50 38 
18 71 56 
53 55 51 
44 100 69 
41 28 92 
38 65 86 
47 13 10 
50 92 43 
18 4 35 
27 84 6 
43 25 51 
57 76 1 
23 98 55 
18 25 32 
56 79 46 
23 99 45 
69 15 45 
23 21 90 
6 2 22 
4 99 44 
70 67 90 
36 48 88 
19 50 66 
79 56 82 
64 76 44 
85 53 96 
9 26 29 
6 82 15 
14 19 81 
61 62 26 
32 66 23 
82 79 95 
83 15 87 
17 16 18 
40 77 29 
69 88 50 
4 67 19 
60 22 99 
55 31 70 
43 41 39 
52 55 41 
25 57 78 
65 26 75 
5 18 11 
79 20 63 
66 1 70 
34 2 68 
33 79 46 
13 10 12 
64 24 37 
18 8 63 
33 100 39 
93 65 64 
24 83 67 
1 68 24 
81 98 83 
93 59 80 
22 23 73 
12 81 47 
63 25 67 
93 26 4 
41 68 96 
59 25 95 
78 11 57 
36 4 29 
36 60 82 
70 49 35 
59 3 52 
12 34 51 
51 64 73 
75 40 22 
9 43 40 
7 14 83 
48 79 90 
41 12 3 
77 99 83 
42 95 86 
42 9 45 
95 39 20 
3 77 52 
99 67 3 
10 85 64 
20 26 36 
20 7 9 
82 52 16 
29 46 81 
5 14 47 
87 53 97 
94 41 77 
77 8 32 
16 79 61 
56 52 6 
75 36 24 
24 60 80 
16 12 33 
62 20 48 
29 99 63 
88 96 70 
53 95 7 
14 26 22 
28 56 36 
45 14 28 
24 31 45 
95 7 21 
7 83 52 
85 38 20 
74 4 54 
84 78 26 
10 33 1 
56 76 27 
79 67 10 
3 66 17 
14 79 62 
8 91 82 
22 77 89 
65 63 83 
46 44 27 
7 3 84 
89 83 40 
67 39 35 
2 73 50 
33 59 8 
47 73 87 
26 80 1 
44 11 58 
20 40 13 
6 99 30 
33 74 84 
28 39 83 
78 44 7 
49 38 25 
14 69 68 
93 35 22 
96 63 68 
10 51 49 
49 96 30 
76 13 25 
89 79 26 
45 92 55 
5 59 22 
13 27 39 
35 4 1 
64 45 8 
58 1 17 
93 77 52 
22 26 54 
92 93 31 
93 34 8 
69 80 90 
82 67 35 
90 66 84 
10 16 73 
77 66 63 
62 32 46 
10 55 54 
17 26 87 
84 98 4 
58 79 84 
7 59 21 
23 18 47 
41 1 79 
88 35 50 
92 89 8 
9 57 49 
70 23 48 
73 14 69 
97 23 32 
13 92 98 
86 34 55 
65 96 2 
90 49 8 
23 70 7 
15 66 33 
53 72 52 
44 10 2 
26 64 93 
42 35 34 
23 86 73 
80 2 87 
42 41 53 
32 76 49 
14 85 23 
91 94 85 
53 77 84 
7 33 12 
74 13 82 
72 63 18 
36 43 1 
22 29 79 
37 6 8 
7 13 53 
25 1 11 
51 5 91 
24 55 65 
18 68 4 
67 1 85 
82 81 78 
29 5 13 
73 85 66 
69 35 16 
11 93 91 
50 13 57 
46 59 35 
60 57 49 
75 33 48 
75 16 51 
24 95 82 
30 48 38 
21 77 88 
50 93 51 
9 88 87 
79 36 39 
76 6 70 
27 35 62 
59 49 69 
12 33 2 
47 90 65 
60 70 3 
14 62 2 
52 97 37 
29 58 31 
39 56 57 
7 20 62 
28 22 53 
14 43 30 
3 78 96 
5 75 12 
83 76 11 
47 4 7 
41 29 59 
37 61 48 
91 44 66 
12 62 3 
35 21 74 
16 46 11 
17 18 43 
70 7 42 
88 9 78 
13 80 69 
51 35 98 
22 5 46 
91 53 54 
21 51 58 
29 24 25 
36 16 100 
6 4 15 
77 45 60 
63 9 41 
12 7 3 
33 92 17 
2 100 68 
5 14 76 
3 10 25 
55 92 31 
15 33 54 
45 30 32 
51 75 61 
42 33 2 
20 26 37 
96 79 5 
90 24 48 
97 14 5 
28 34 38 
20 12 67 
73 62 51 
88 71 37 
15 53 67 
3 33 19 
31 13 33 
77 66 72 
39 100 25 
64 83 37 
33 13 89 
39 99 65 
41 30 74 
68 19 88 
50 70 57 
59 36 53 
69 75 78 
54 37 14 
90 81 54 
26 93 52 
32 52 1 
85 84 56 
83 49 77 
19 38 42 
69 4 78 
23 68 82 
63 18 81 
64 78 52 
63 36 12 
58 88 39 
86 52 39 
69 33 75 
67 80 85 
53 17 4 
49 20 79 
89 59 1 
95 48 100 
1 93 46 
49 92 56 
21 64 92 
66 43 20 
6 95 10 
2 70 92 
62 38 18 
73 38 61 
60 83 21 
66 85 13 
15 74 1 
21 78 29 
71 69 4 
98 17 22 
13 75 28 
56 31 40 
28 65 27 
88 6 23 
61 42 22 
42 20 38 
29 39 65 
62 68 17 
44 98 40 
63 17 49 
60 21 81 
36 14 89 
3 91 72 
20 38 62 
19 80 85 
76 15 8 
83 5 69 
86 84 74 
34 35 8 
4 74 25 
18 85 68 
100 90 14 
10 17 32 
81 43 16 
56 51 18 
9 50 41 
55 88 2 
28 24 75 
47 6 48 
6 7 9 
90 85 20 
96 58 78 
79 14 20 
38 68 93 
90 94 38 
2 91 75 
58 55 4 
43 29 77 
14 96 82 
70 38 51 
69 45 20 
89 49 54 
32 86 91 
25 29 62 
38 99 5 
91 17 60 
45 64 77 
27 72 45 
65 9 71 
92 12 16 
48 23 2 
40 82 36 
51 1 4 
77 98 37 
59 52 99 
93 7 74 
58 36 83 
45 18 60 
77 67 8 
62 33 8 
16 38 87 
97 78 58 
92 2 18 
14 90 69 
57 17 5 
66 40 14 
26 3 56 
6 8 41 
83 75 16 
81 35 12 
51 3 54 
86 19 55 
6 84 89 
93 15 4 
96 25 76 
83 98 31 
15 66 19 
61 71 79 
84 54 52 
53 94 58 
39 1 25 
44 34 98 
98 3 71 
7 5 38 
81 95 69 
87 41 19 
18 29 98 
69 78 19 
98 57 33 
67 55 46 
100 19 89 
30 23 44 
66 28 76 
73 25 29 
83 79 36 
56 96 46 
41 40 57 
28 70 6 
100 59 29 
76 8 16 
31 15 69 
35 2 99 
64 70 6 
45 26 99 
48 72 49 
38 60 32 
16 84 2 
82 11 84 
3 30 16 
52 47 17 
11 7 56 
2 47 24 
45 54 34 
45 60 100 
24 98 84 
14 80 38 
69 41 22 
35 8 48 
2 55 9 
18 8 45 
93 66 29 
25 2 43 
84 76 33 
42 99 29 
51 31 34 
84 31 98 
23 46 3 
100 62 39 
55 94 85 
54 6 92 
69 56 25 
51 33 21 
60 59 34 
98 68 36 
91 62 38 
28 64 2 
9 90 3 
87 94 8 
65 89 55 
62 74 96 
96 78 24 
67 20 58 
95 47 17 
43 72 18 
52 54 49 
32 8 78 
81 37 92 
49 35 23 
1 30 100 
88 75 61 
58 38 54 
63 44 53 
46 71 54 
53 17 73 
91 83 46 
22 51 63 
5 89 25 
85 39 26 
4 75 68 
53 98 46 
46 71 49 
28 6 90 
64 14 52 
34 85 32 
80 98 42 
76 100 27 
59 54 70 
19 45 10 
65 76 38 
73 33 74 
84 43 75 
82 98 81 
3 100 69 
32 18 53 
34 53 17 
9 42 65 
90 27 56 
7 96 50 
22 79 48 
37 92 25 
3 31 13 
23 86 32 
58 27 16 
100 7 27 
70 86 24 
50 91 39 
94 24 38 
14 42 78 
96 77 37 
24 40 76 
87 97 67 
88 43 13 
73 41 85 
53 99 32 
20 2 11 
49 98 43 
16 40 66 
54 72 93 
89 53 82 
90 97 13 
91 20 94 
19 14 16 
19 89 98 
30 49 85 
94 16 28 
48 61 56 
68 45 55 
63 29 78 
84 32 79 
72 71 15 
20 77 99 
29 97 99 
70 85 9 
35 68 71 
62 16 81 
66 24 45 
1 16 57 
55 39 15 
94 28 18 
42 60 13 
8 37 30 
71 81 89 
14 15 1 
15 7 36 
33 29 74 
79 30 66 
4 55 15 
34 80 71 
65 49 53 
48 8 98 
38 42 94 
42 51 58 
58 14 93 
25 18 56 
51 60 80 
94 32 33 
77 25 10 
12 4 28 
57 15 93 
42 8 30 
49 4 26 
67 50 20 
81 34 18 
5 27 1 
8 15 39 
1 49 70 
26 71 87 
94 44 26 
54 71 15 
39 96 82 
49 46 11 
33 17 47 
65 90 74 
98 16 29 
30 38 42 
97 6 66 
8 7 68 
48 91 80 
64 52 55 
4 14 79 
46 92 22 
92 100 89 
96 17 4 
84 78 32 
11 68 99 
99 74 14 
17 37 54 
97 17 29 
3 60 82 
33 57 89 
8 27 25 
73 100 45 
69 6 37 
8 78 19 
26 72 53 
72 11 2 
83 41 16 
64 75 60 
49 67 62 
18 16 22 
78 5 44 
77 58 18 
65 69 77 
44 16 77 
45 14 37 
8 99 86 
34 93 56 
97 64 65 
68 60 89 
70 29 52 
60 16 24 
46 34 53 
9 75 61 
100 55 60 
47 48 27 
25 17 53 
2 78 61 
85 28 50 
51 9 57 
28 27 70 
30 7 33 
94 2 35 
92 68 45 
34 24 89 
16 1 52 
30 88 90 
3 41 68 
12 2 6 
68 55 88 
69 40 35 
88 41 3 
26 65 38 
51 45 81 
14 58 84 
45 33 30 
64 89 23 
76 40 69 
37 23 41 
86 9 69 
98 13 69 
85 13 84 
81 31 97 
16 82 20 
77 85 91 
65 40 46 
91 8 17 
38 57 45 
91 53 31 
64 13 67 
15 8 17 
80 84 91 
41 22 91 
9 45 64 
99 51 72 
88 41 12 
79 64 47 
83 42 69 
72 82 31 
100 16 81 
40 32 20 
17 68 79 
95 51 100 
83 62 78 
21 18 38 
5 44 38 
77 98 27 
73 91 56 
83 60 80 
72 86 24 
4 8 86 
28 24 57 
95 48 17 
46 28 43 
19 1 10 
64 43 40 
63 96 86 
35 10 57 
100 5 62 
32 3 58 
3 98 85 
73 16 61 
90 99 2 
50 34 95 
28 91 26 
74 76 96 
58 23 76 
77 66 14 
36 92 24 
31 50 44 
46 48 42 
26 13 84 
34 8 91 
22 13 40 
84 98 3 
77 3 7 
43 53 64 
12 75 14 
34 72 49 
26 15 30 
16 23 79 
100 18 3 
73 37 66 
82 17 84 
29 81 66 
89 86 17 
9 76 57 
48 13 17 
67 85 89 
59 31 58 
10 50 21 
63 47 15 
4 93 56 
28 46 75 
89 25 57 
39 97 60 
87 66 96 
86 12 15 
9 23 16 
85 81 73 
9 38 62 
98 87 63 
70 20 52 
48 27 16 
80 68 81 
76 61 75 
93 30 75 
69 80 72 
89 15 76 
10 4 78 
7 91 32 
78 7 77 
29 49 62 
87 2 40 
26 46 5 
93 13 72 
56 65 86 
1 50 82 
60 64 73 
24 50 3 
31 23 69 
7 78 79 
96 94 27 
88 78 58 
22 70 58 
77 42 65 
25 81 56 
66 62 70 
36 95 50 
78 98 56 
21 18 23 
61 67 41 
34 12 2 
3 74 87 
28 57 27 
64 16 39 
26 5 90 
69 78 29 
38 43 34 
23 65 36 
64 39 27 
5 11 53 
96 37 8 
44 25 74 
2 28 19 
46 43 96 
92 91 88 
98 36 61 
66 34 59 
37 80 71 
50 10 2 
47 60 27 
13 3 68 
73 61 82 
37 48 88 
90 62 12 
68 49 3 
28 48 38 
34 25 86 
66 40 49 
21 56 69 
76 19 8 
81 7 43 
43 48 38 
54 76 78 
53 99 83 
98 97 88 
62 36 76 
98 96 41 
25 38 42 
34 88 52 
58 98 83 
76 71 40 
100 64 86 
96 17 22 
69 42 75 
3 79 43 
25 8 14 
27 40 11 
66 83 85 
60 16 2 
33 55 86 
62 90 74 
91 64 39 
60 63 20 
51 49 86 
95 73 9 
74 42 58 
95 49 2 
2 74 81 
65 7 55 
47 11 72 
68 9 37 
30 56 25 
61 66 77 
20 1 13 
26 59 23 
33 11 39 
5 63 23 
31 62 91 
5 74 96 
35 98 84 
12 50 65 
97 21 23 
58 30 70 
75 30 55 
40 90 72 
81 39 30 
6 74 95 
35 1 39 
79 64 26 
49 88 55 
8 56 21 
41 78 85 
88 37 12 
41 13 20 
16 85 67 
100 19 82 
81 36 70 
8 88 85 
14 66 29 
13 47 39 
1 87 85 
2 33 30 
96 23 26 
66 52 29 
57 26 54 
26 66 87 
17 23 76 
26 77 43 
54 39 25 
29 92 82 
97 15 7 
28 11 25 
29 13 14 
83 14 38 
35 81 58 
92 65 14 
80 65 13 
71 3 48 
39 35 77 
15 92 42 
45 19 79 
21 99 8 
88 28 26 
39 44 76 
35 95 60 
39 58 90 
37 33 80 
10 75 97 
21 92 56 
44 91 25 
71 43 46 
51 30 29 
14 82 93 
50 76 53 
50 13 9 
17 43 27 
61 53 81 
44 53 12 
9 84 86 
22 84 41 
28 54 70 
5 56 59 
52 24 94 
55 39 22 
7 61 74 
26 84 35 
44 1 97 
61 33 14 
48 73 14 
24 68 16 
47 89 88 
58 54 53 
60 3 66 
24 1 22 
68 7 40 
54 4 28 
57 14 83 
33 97 59 
22 86 51 
66 78 40 
15 99 7 
21 2 50 
40 80 44 
13 55 24 
80 91 47 
30 36 71 
37 40 46 
68 3 38 
83 4 69 
3 46 85 
29 25 59 
96 92 62 
31 97 86 
83 11 47 
92 62 7 
57 83 21 
20 53 90 
61 96 57 
17 68 98 
36 99 1 
42 38 39 
21 17 23 
66 86 98 
56 26 48 
55 80 100 
16 93 62 
36 87 56 
100 18 30 
86 93 92 
14 82 11 
70 51 24 
17 79 89 
48 30 86 
5 37 34 
2 19 7 
92 49 60 
1 99 18 
66 53 39 
3 32 34 
66 43 54 
1 51 67 
27 84 17 
29 62 100 
65 77 94 
24 14 68 
86 35 59 
64 4 33 
70 38 90 
87 29 12 
87 70 97 
85 78 4 
54 6 79 
56 19 88 
14 99 41 
94 23 80 
79 27 23 
60 81 65 
43 93 89 
72 90 71 
81 46 69 
81 45 1 
30 51 48 
53 52 19 
41 53 27 
44 51 89 
31 68 60 
48 93 23 
6 9 44 
96 30 31 
63 29 85 
83 40 28 
56 44 5 
28 56 12 
39 60 14 
68 90 7 
56 41 43 
64 18 48 
33 13 53 
19 3 15 
93 40 77 
24 91 11 
7 18 53 
2 84 20 
4 62 1 
23 35 94 
64 84 28 
92 96 23 
93 16 100 
22 74 94 
20 68 77 
70 32 22 
88 99 93 
40 58 42 
10 40 94 
79 23 26 
6 55 13 
68 31 46 
16 37 79 
46 95 60 
57 5 88 
90 56 22 
50 89 67 
100 28 15 
83 76 25 
13 25 32 
55 60 73 
24 69 98 
45 57 49 
25 58 78 
32 21 58 
32 27 10 
72 20 6 
91 21 68 
41 91 75 
10 87 57 
10 47 33 
79 86 46 
81 87 18 
23 36 72 
76 95 81 
58 81 10 
77 55 71 
4 21 97 
80 14 52 
93 40 95 
39 62 98 
23 69 29 
50 87 26 
36 53 66 
14 55 67 
66 47 13 
44 60 7 
63 32 26 
39 87 85 
92 17 30 
50 66 62 
19 13 35 
65 54 49 
33 60 15 
12 23 60 
54 13 27 
98 65 4 
53 61 55 
16 55 65 
70 89 29 
3 40 94 
96 43 20 
20 99 3 
92 18 71 
48 24 79 
9 38 11 
99 58 66 
100 83 99 
1 99 32 
30 99 43 
75 53 46 
36 39 28 
87 13 75 
76 71 5 
60 21 29 
67 12 75 
16 23 20 
39 11 73 
27 79 88 
15 12 64 
81 26 36 
54 93 46 
78 91 28 
45 72 15 
27 51 70 
5 70 18 
40 50 56 
29 62 79 
99 5 8 
4 90 14 
66 44 37 
63 31 33 
80 54 14 
65 41 36 
58 49 51 
45 31 21 
4 12 43 
67 1 40 
62 64 12 
36 28 58 
90 76 83 
61 83 9 
72 34 41 
23 52 70 
51 14 29 
62 2 36 
34 6 19 
51 73 44 
8 70 66 
63 46 99 
58 96 61 
24 6 22 
5 41 47 
49 29 16 
42 16 35 
36 18 44 
19 39 35 
21 13 88 
16 92 88 
45 77 17 
60 31 2 
27 42 95 
15 18 3 
78 91 35 
7 5 42 
42 81 56 
88 84 70 
76 77 17 
24 59 22 
75 45 32 
64 89 56 
14 11 31 
88 63 94 
21 59 26 
86 35 93 
73 78 46 
80 54 33 
37 87 53 
25 72 57 
52 60 80 
43 12 93 
67 89 43 
35 81 55 
43 22 60 
89 79 75 
90 47 24 
16 69 31 
18 98 43 
50 10 73 
3 12 79 
93 69 20 
32 46 84 
45 25 87 
11 52 67 
81 40 70 
18 88 64 
90 87 47 
48 4 100 
39 30 53 
58 76 84 
19 40 7 
23 51 70 
8 71 6 
41 48 21 
7 28 34 
17 88 86 
9 46 30 
68 34 36 
88 33 71 
4 80 68 
36 7 37 
62 21 40 
17 75 78 
53 94 16 
66 64 84 
4 38 14 
53 49 38 
14 99 60 
7 31 22 
36 29 48 
66 59 70 
49 85 71 
8 66 37 
95 70 9 
64 83 45 
7 68 84 
29 41 93 
19 6 75 
43 11 19 
21 74 25 
34 85 5 
31 72 54 
36 30 50 
19 85 14 
24 61 73 
8 2 67 
21 99 52 
24 12 66 
95 32 46 
31 84 85 
80 63 22 
31 79 43 
81 71 25 
32 71 67 
58 34 95 
33 25 68 
26 60 82 
18 26 95 
7 90 30 
36 5 27 
23 81 52 
50 51 37 
71 61 82 
71 80 19 
6 67 73 
79 29 66 
19 93 62 
16 85 90 
68 80 34 
25 24 26 
2 27 71 
14 36 62 
94 24 13 
43 1 42 
47 22 57 
44 70 93 
58 3 4 
96 3 66 
33 24 39 
80 84 67 
23 1 66 
16 38 28 
33 37 30 
74 82 94 
21 64 1 
91 19 87 
88 16 83 
16 59 18 
6 40 22 
12 88 63 
57 67 77 
56 58 90 
54 75 81 
13 22 49 
99 28 79 
9 36 95 
88 47 46 
14 43 89 
3 55 52 
19 89 39 
26 48 65 
16 11 35 
66 70 58 
26 35 63 
85 41 37 
7 98 46 
83 95 92 
30 82 79 
36 43 13 
88 12 92 
75 97 83 
92 17 68 
95 65 71 
30 40 81 
67 46 60 
81 74 10 
81 73 67 
5 40 2 
47 58 91 
69 10 100 
60 5 32 
72 12 31 
12 60 33 
69 9 78 
6 82 19 
63 50 96 
61 62 24 
90 88 15 
75 47 30 
23 31 5 
84 33 73 
99 49 36 
96 64 75 
64 75 37 
26 36 95 
12 38 52 
45 6 26 
71 19 49 
19 35 97 
50 85 60 
36 65 20 
99 24 49 
86 88 100 
76 1 26 
66 71 77 
67 6 53 
99 22 48 
15 54 51 
68 7 51 
95 9 41 
26 85 3 
92 45 66 
62 89 23 
25 58 38 
80 74 87 
3 21 39 
64 56 71 
100 82 63 
36 73 51 
55 6 43 
52 31 55 
78 50 3 
83 46 17 
98 84 90 
68 29 42 
65 19 45 
7 63 1 
38 72 97 
20 79 94 
15 77 52 
53 78 62 
14 16 48 
33 77 95 
84 67 46 
20 12 11 
35 100 97 
16 98 42 
71 11 45 
98 45 63 
97 94 74 
95 100 93 
36 56 12 
51 24 76 
73 60 7 
4 70 65 
89 54 61 
25 9 11 
39 53 29 
34 67 13 
68 18 48 
97 96 68 
24 46 66 
17 84 42 
82 65 14 
56 73 94 
46 79 29 
1 61 52 
7 85 8 
78 26 48 
79 74 48 
99 95 73 
71 94 84 
33 85 35 
21 15 3 
10 22 13 
23 5 91 
33 83 58 
13 8 33 
49 36 42 
81 4 86 
13 68 11 
43 74 69 
55 98 2 
50 32 96 
22 83 100 
35 33 50 
77 2 22 
18 45 43 
15 54 86 
87 51 75 
66 51 78 
47 67 77 
57 96 20 
92 49 70 
34 57 40 
96 26 20 
39 56 11 
24 58 74 
51 4 40 
5 28 8 
95 6 38 
51 17 21 
95 38 43 
87 12 27 
33 59 17 
60 76 38 
16 42 17 
6 35 30 
81 30 23 
1 62 51 
37 51 91 
60 83 62 
25 61 89 
14 45 11 
19 69 26 
82 63 16 
58 25 79 
80 59 26 
59 62 54 
15 83 65 
88 72 28 
63 53 50 
6 59 22 
81 68 74 
14 99 23 
86 35 99 
26 6 12 
4 2 95 
6 7 96 
18 41 67 
54 14 97 
88 80 40 
37 58 27 
42 26 28 
30 19 68 
52 72 31 
19 73 83 
74 8 78 
68 48 16 
72 50 90 
34 30 8 
62 10 84 
10 2 94 
94 73 32 
41 28 26 
67 24 89 
48 8 12 
44 3 22 
60 37 65 
34 33 74 
24 74 22 
76 25 72 
80 49 48 
20 45 94 
8 3 31 
88 46 30 
32 69 8 
52 13 45 
45 37 24 
42 26 97 
1 37 70 
22 10 66 
38 48 18 
43 71 55 
38 43 78 
88 4 26 
80 37 49 
72 21 37 
62 43 48 
70 44 47 
54 55 75 
42 36 35 
80 8 65 
62 42 69 
90 93 48 
84 39 69 
39 16 20 
58 53 10 
18 32 34 
88 95 59 
93 41 22 
64 10 76 
64 37 42 
85 33 50 
96 73 60 
82 62 48 
29 82 80 
68 50 3 
90 60 50 
71 21 70 
4 20 34 
15 86 72 
38 95 63 
95 37 33 
92 58 21 
53 77 40 
64 37 44 
97 100 19 
14 40 96 
44 27 87 
17 65 38 
19 96 85 
19 22 7 
27 48 33 
54 35 25 
65 41 18 
28 57 22 
83 24 87 
96 94 69 
57 64 54 
39 82 13 
86 29 84 
87 66 8 
38 54 66 
67 61 88 
57 52 12 
84 76 3 
73 70 27 
94 100 35 
39 99 51 
84 20 58 
77 80 38 
47 96 98 
93 69 49 
21 84 8 
84 87 4 
26 57 43 
94 29 48 
36 92 16 
68 61 78 
29 73 38 
38 56 1 
59 52 54 
43 29 98 
52 87 89 
41 98 40 
94 15 25 
44 36 59 
27 46 95 
98 92 37 
68 39 29 
91 6 5 
15 8 55 
26 82 83 
33 62 80 
12 59 33 
60 62 33 
21 74 72 
100 79 83 
78 90 100 
71 25 24 
35 2 68 
57 97 84 
99 12 1 
61 29 25 
86 13 16 
14 32 73 
79 38 8 
36 100 47 
21 43 89 
62 44 84 
32 35 54 
99 11 78 
76 35 1 
62 52 96 
53 4 88 
28 30 88 
100 11 82 
2 20 44 
41 48 74 
18 54 78 
26 93 98 
49 21 22 
67 29 44 
22 4 91 
29 18 10 
74 78 85 
3 90 26 
31 47 15 
25 21 35 
46 20 93 
82 57 49 
35 36 38 
47 41 93 
20 32 87 
19 77 74 
65 88 34 
18 10 90 
96 78 17 
38 90 100 
23 68 36 
43 99 39 
39 77 42 
80 65 56 
24 85 63 
93 40 13 
68 45 94 
59 52 39 
84 42 71 
38 37 32 
33 69 71 
72 89 91 
19 1 8 
20 59 40 
98 32 6 
50 91 13 
42 82 25 
5 55 15 
69 48 20 
30 68 66 
27 37 87 
39 16 78 
9 60 41 
72 40 68 
22 72 46 
98 74 86 
52 24 81 
64 10 88 
65 41 24 
4 8 47 
9 58 91 
100 62 26 
5 99 16 
51 99 25 
23 4 85 
46 21 36 
21 42 95 
43 48 37 
95 49 100 
95 43 13 
86 48 58 
15 34 42 
36 21 67 
99 80 11 
37 68 91 
96 43 1 
24 27 58 
27 66 64 
86 24 59 
64 36 46 
57 72 26 
13 28 58 
49 30 4 
86 50 66 
66 15 84 
89 29 49 
71 70 43 
60 81 55 
51 54 74 
54 22 16 
7 95 5 
64 26 51 
53 81 2 
44 29 11 
21 17 70 
12 81 62 
31 45 56 
74 45 89 
32 27 69 
97 76 55 
44 13 17 
34 80 42 
8 11 92 
1 70 18 
81 23 18 
59 94 13 
87 20 78 
66 24 41 
92 55 88 
77 16 58 
21 99 24 
57 36 56 
6 50 59 
90 48 54 
3 10 57 
9 29 31 
68 45 80 
35 74 15 
61 29 7 
54 22 32 
100 45 57 
1 30 36 
98 71 17 
80 62 49 
97 92 11 
2 67 65 
18 73 83 
35 80 70 
63 41 23 
69 88 21 
31 44 46 
100 80 14 
98 66 27 
8 62 9 
81 5 72 
8 86 39 
86 84 47 
50 37 83 
69 55 5 
30 16 43 
100 3 64 
23 27 5 
97 44 77 
51 4 31 
74 59 45 
11 74 27 
91 99 51 
44 20 93 
18 62 60 
84 44 53 
92 49 93 
54 92 35 
88 93 37 
49 4 33 
41 78 68 
58 88 85 
34 16 65 
41 74 36 
72 68 47 
55 16 63 
15 50 45 
26 6 85 
22 58 33 
70 88 90 
63 83 61 
96 76 94 
61 54 64 
44 97 38 
97 12 24 
11 53 25 
10 9 55 
15 52 69 
99 79 22 
36 89 66 
11 67 64 
5 67 97 
38 55 56 
62 63 61 
18 15 49 
36 48 85 
28 38 4 
94 43 100 
25 16 65 
29 14 86 
10 9 88 
61 54 63 
57 3 77 
58 62 52 
48 12 2 
76 41 75 
74 8 50 
26 92 52 
56 17 98 
56 29 71 
86 93 55 
53 93 88 
60 59 52 
42 91 50 
40 59 67 
82 22 98 
35 70 92 
64 13 68 
47 53 20 
33 88 85 
18 14 90 
87 10 39 
64 4 44 
68 38 31 
85 36 43 
12 80 9 
51 38 31 
8 21 100 
61 25 99 
85 97 53 
69 34 89 
62 66 58 
32 78 35 
73 93 97 
79 63 75 
52 97 79 
75 92 70 
55 73 23 
82 69 84 
85 52 17 
96 35 78 
41 80 89 
19 86 77 
4 40 62 
7 1 75 
4 60 35 
79 62 50 
80 49 61 
34 19 14 
76 27 44 
75 48 77 
37 80 100 
41 74 34 
3 42 55 
21 43 40 
2 8 54 
60 70 32 
14 29 92 
5 77 52 
78 4 56 
7 42 17 
55 83 24 
91 65 48 
97 38 29 
38 3 84 
52 79 95 
19 53 57 
78 55 86 
36 77 4 
60 96 54 
55 40 45 
61 62 97 
20 65 8 
71 17 22 
61 40 18 
77 70 4 
10 43 64 
87 15 97 
7 32 87 
97 75 62 
77 59 6 
41 16 25 
93 4 11 
14 75 6 
34 50 12 
33 51 49 
28 2 38 
67 92 80 
69 71 94 
37 86 27 
89 84 15 
99 96 94 
71 37 46 
37 98 42 
16 86 91 
41 22 1 
34 6 28 
43 73 11 
72 64 21 
69 38 90 
52 35 48 
80 61 15 
2 67 23 
81 70 39 
1 74 38 
66 46 85 
51 79 81 
43 18 16 
14 86 27 
46 34 54 
24 74 5 
8 93 97 
16 50 2 
20 50 85 
24 41 93 
95 7 36 
66 70 88 
97 91 85 
20 22 95 
18 47 10 
65 68 61 
98 3 70 
33 4 35 
57 72 2 
79 98 58 
35 63 57 
72 78 97 
80 42 65 
17 90 16 
26 70 24 
83 70 73 
44 18 51 
68 100 52 
13 18 43 
86 44 54 
3 67 35 
9 82 74 
77 98 76 
66 75 55 
34 77 7 
34 41 66 
42 25 50 
82 95 50 
66 35 42 
31 68 84 
62 39 11 
81 79 23 
45 12 24 
90 19 99 
64 20 78 
72 68 70 
32 43 88 
72 70 54 
72 76 84 
20 42 10 
9 34 49 
37 100 45 
33 68 66 
18 27 16 
30 98 86 
4 80 90 
32 86 80 
27 67 5 
53 52 79 
97 5 6 
39 24 99 
26 68 81 
54 38 76 
52 77 6 
38 43 89 
43 38 44 
73 23 68 
40 77 96 
83 97 56 
6 13 53 
51 13 32 
2 16 98 
40 11 57 
88 84 37 
56 31 55 
18 50 5 
76 96 90 
99 8 98 
55 62 90 
58 26 94 
71 76 97 
68 54 35 
60 34 84 
90 83 29 
39 53 42 
54 20 34 
68 74 38 
6 11 91 
54 7 27 
67 78 58 
36 66 63 
27 46 25 
82 23 99 
100 5 67 
15 10 84 
66 78 61 
54 21 40 
51 38 32 
66 57 26 
93 84 42 
11 7 62 
24 4 47 
31 87 57 
20 13 5 
34 51 47 
29 19 66 
29 47 83 
50 8 72 
84 68 44 
69 14 53 
29 40 62 
76 42 91 
97 37 77 
23 99 86 
74 68 90 
29 50 40 
56 58 98 
100 30 11 
25 74 18 
18 71 67 
66 12 95 
10 18 93 
96 33 22 
2 58 44 
21 3 7 
17 12 42 
19 74 24 
76 70 82 
38 21 60 
40 79 85 
83 84 22 
53 18 61 
37 94 92 
17 36 49 
45 27 20 
18 40 20 
4 36 5 
6 7 26 
41 45 33 
9 30 71 
61 78 72 
60 86 81 
77 20 82 
12 23 94 
61 75 5 
70 91 46 
64 87 86 
15 92 41 
21 30 38 
72 74 54 
16 30 2 
7 64 10 
81 73 32 
9 1 28 
88 38 44 
61 24 13 
85 12 84 
61 62 48 
31 82 22 
79 86 21 
58 17 16 
1 15 34 
38 20 89 
81 38 21 
23 65 12 
89 46 29 
29 10 2 
14 9 71 
50 76 84 
64 99 57 
54 88 11 
38 84 34 
52 82 73 
51 96 92 
2 63 6 
4 60 37 
59 46 61 
66 55 57 
76 1 73 
46 10 36 
9 27 13 
38 35 21 
65 69 72 
99 70 63 
42 47 88 
53 71 26 
40 43 17 
62 60 95 
97 17 5 
79 91 24 
72 14 19 
56 98 80 
87 42 99 
30 59 32 
29 68 16 
97 37 74 
85 99 10 
41 45 27 
28 38 12 
87 76 40 
81 23 91 
78 21 53 
87 16 29 
79 27 40 
89 68 94 
55 81 1 
33 59 9 
62 37 29 
51 49 62 
38 57 24 
34 19 12 
7 18 3 
49 1 48 
62 25 78 
5 75 27 
41 84 31 
80 17 98 
59 58 22 
15 64 77 
88 79 3 
33 53 18 
4 30 40 
92 100 15 
56 31 46 
14 98 77 
52 37 35 
18 99 63 
58 69 60 
42 30 9 
37 64 72 
99 60 68 
78 5 92 
61 25 85 
2 83 93 
54 87 46 
73 80 18 
97 52 64 
40 27 35 
64 45 71 
14 22 1 
100 17 61 
42 40 77 
41 72 46 
80 54 15 
77 61 90 
63 69 94 
86 55 50 
7 49 63 
42 86 6 
60 70 61 
93 28 65 
58 27 57 
67 46 4 
94 32 34 
12 91 41 
47 30 97 
89 17 77 
29 39 20 
31 87 79 
23 46 22 
34 100 11 
84 74 26 
38 47 70 
43 97 47 
64 36 51 
71 24 10 
26 97 81 
90 44 89 
38 30 36 
100 21 64 
41 66 74 
93 68 71 
57 36 63 
8 91 51 
49 66 81 
60 84 6 
37 100 75 
51 20 6 
44 11 3 
5 63 60 
39 49 90 
27 75 21 
55 43 26 
9 82 4 
89 55 93 
44 11 9 
60 65 91 
16 88 11 
12 50 90 
45 51 91 
83 72 54 
22 81 61 
55 49 6 
75 21 56 
50 2 15 
85 13 97 
38 66 63 
78 57 22 
50 84 88 
24 45 71 
17 77 97 
3 54 69 
22 28 14 
7 10 96 
12 71 59 
89 81 72 
67 46 16 
14 36 45 
14 17 98 
32 10 56 
64 3 33 
26 89 90 
87 27 95 
33 35 93 
40 9 80 
28 6 26 
49 72 19 
44 74 97 
26 46 64 
10 65 100 
28 40 72 
42 73 3 
53 52 87 
58 17 7 
62 74 72 
6 47 64 
83 27 33 
95 73 77 
60 98 86 
54 25 34 
66 68 12 
81 91 2 
74 82 65 
35 56 6 
37 45 66 
29 79 93 
8 87 84 
71 44 42 
98 68 37 
10 8 94 
18 66 92 
66 51 17 
2 15 34 
84 21 69 
34 29 90 
99 72 64 
14 2 17 
51 68 76 
66 11 69 
76 35 100 
98 72 54 
94 35 19 
54 40 79 
2 41 49 
65 40 32 
88 62 76 
5 95 83 
28 74 95 
58 100 70 
86 45 63 
89 43 85 
69 55 19 
16 99 63 
81 82 63 
39 86 27 
64 65 72 
65 86 81 
58 32 88 
100 8 24 
93 34 17 
40 68 58 
67 85 30 
8 65 23 
26 3 12 
97 25 23 
55 9 39 
36 69 76 
42 26 25 
49 29 87 
58 27 71 
18 10 33 
32 8 3 
47 34 43 
72 78 40 
79 4 86 
97 100 7 
31 27 69 
49 39 34 
29 96 61 
40 77 81 
89 42 53 
85 50 88 
85 80 31 
60 48 81 
66 83 61 
72 68 16 
70 29 45 
22 18 55 
93 81 66 
87 96 6 
75 32 100 
51 88 65 
56 30 71 
60 44 99 
88 3 40 
90 43 58 
8 42 24 
56 35 53 
62 84 22 
65 28 41 
9 84 46 
89 10 93 
18 31 16 
36 20 60 
70 86 19 
100 88 83 
40 84 19 
46 51 31 
56 14 54 
62 70 47 
12 71 64 
48 7 27 
72 14 66 
12 27 19 
33 19 32 
73 6 63 
35 90 1 
14 70 13 
88 23 52 
38 1 84 
18 23 28 
95 22 9 
11 67 27 
98 91 45 
50 44 54 
73 29 74 
61 12 32 
29 41 83 
9 17 37 
89 44 48 
91 3 6 
80 51 48 
53 45 76 
96 53 69 
11 38 1 
16 84 27 
41 19 48 
70 90 47 
18 38 87 
100 28 13 
32 44 81 
76 73 9 
74 75 79 
10 63 14 
65 38 75 
12 96 61 
41 54 44 
10 91 81 
44 26 100 
68 82 70 
66 43 7 
47 6 98 
32 2 41 
22 37 63 
56 7 55 
44 37 77 
96 8 46 
56 95 39 
66 46 70 
51 48 60 
38 32 58 
59 63 55 
38 35 6 
21 9 36 
57 51 17 
65 78 3 
50 54 16 
1 89 71 
76 36 67 
94 1 32 
8 9 99 
12 70 59 
48 4 26 
3 30 55 
93 29 82 
46 19 50 
65 73 83 
12 37 52 
15 21 53 
57 92 16 
12 36 83 
11 59 35 
84 94 87 
62 1 70 
47 50 100 
53 24 62 
80 40 53 
41 47 74 
86 4 56 
90 84 51 
17 62 9 
36 63 82 
52 71 95 
11 31 36 
37 8 9 
71 91 10 
3 4 100 
81 9 21 
13 31 63 
94 44 4 
2 66 97 
6 14 3 
73 15 18 
76 19 23 
12 68 87 
1 50 20 
56 11 50 
9 19 51 
7 40 49 
40 3 73 
6 63 98 
85 6 38 
28 37 42 
54 28 13 
44 79 99 
39 14 17 
43 24 100 
75 98 9 
93 25 38 
65 51 7 
94 70 19 
10 57 26 
30 74 40 
21 5 99 
33 45 70 
62 67 30 
89 16 93 
27 29 61 
93 82 12 
85 62 84 
53 27 77 
64 99 39 
61 4 94 
85 44 2 
74 46 32 
16 88 12 
54 34 4 
98 24 31 
37 96 84 
17 78 99 
92 49 61 
29 10 74 
54 55 14 
69 75 57 
19 47 28 
13 34 93 
8 12 86 
3 91 73 
58 61 32 
96 94 90 
64 69 98 
5 14 98 
56 45 26 
86 94 99 
59 79 45 
66 24 83 
59 99 29 
58 27 25 
93 56 83 
64 34 96 
9 40 2 
29 97 84 
20 17 15 
53 72 47 
61 52 72 
36 97 42 
63 61 67 
90 97 37 
14 94 10 
17 100 96 
57 52 56 
62 85 28 
88 49 95 
81 27 32 
15 75 81 
14 69 5 
93 99 71 
10 63 61 
83 92 64 
87 97 85 
22 31 13 
60 99 63 
43 100 37 
47 14 8 
8 45 95 
81 79 25 
37 24 21 
29 74 5 
47 50 26 
41 76 88 
43 47 67 
44 78 97 
76 45 46 
67 38 13 
23 61 53 
63 2 75 
23 27 62 
62 83 65 
58 29 51 
56 49 50 
86 93 74 
97 17 27 
82 49 32 
36 86 17 
21 47 12 
61 5 40 
86 23 58 
60 64 33 
16 56 3 
73 39 62 
33 5 82 
48 40 97 
58 49 13 
65 39 69 
87 36 29 
22 78 6 
20 9 66 
96 60 77 
90 39 63 
89 29 78 
20 11 70 
32 55 51 
21 76 83 
12 53 22 
24 22 16 
77 64 7 
24 39 88 
33 57 58 
49 96 32 
48 23 97 
17 49 52 
26 80 25 
13 80 29 
86 66 45 
83 64 96 
29 94 98 
39 60 6 
74 85 51 
14 33 54 
29 32 79 
89 56 11 
56 61 55 
95 70 72 
62 89 8 
50 100 4 
61 2 25 
34 16 74 
89 95 9 
39 100 46 
24 77 47 
100 84 79 
47 61 28 
96 28 32 
17 81 55 
17 65 100 
8 36 94 
11 69 16 
5 100 96 
100 83 9 
19 49 95 
31 25 59 
100 46 57 
49 46 45 
67 46 47 
5 86 23 
21 5 88 
99 78 59 
12 92 33 
81 84 42 
67 13 43 
6 79 60 
33 50 84 
97 69 45 
36 25 37 
79 19 73 
18 37 46 
63 42 17 
74 81 80 
84 86 98 
45 34 48 
100 34 1 
9 44 35 
53 22 4 
39 63 98 
44 2 84 
97 35 27 
96 1 17 
90 94 37 
30 77 51 
9 40 14 
63 16 35 
71 1 21 
28 24 46 
11 27 29 
99 14 73 
22 27 60 
99 73 17 
70 31 20 
81 67 25 
84 39 74 
21 72 55 
57 21 93 
8 30 88 
92 5 74 
56 95 15 
71 68 10 
33 53 15 
86 57 55 
33 13 74 
64 85 41 
10 8 36 
83 87 23 
1 99 88 
40 62 80 
15 18 4 
90 42 86 
30 39 45 
71 18 75 
40 67 74 
40 43 52 
92 67 55 
39 59 12 
31 77 51 
9 35 62 
16 84 3 
11 35 51 
90 56 31 
8 45 44 
2 17 51 
7 80 17 
31 91 25 
31 48 59 
2 63 90 
79 29 1 
19 100 72 
99 77 60 
89 45 40 
24 20 89 
93 5 31 
20 64 27 
38 97 46 
36 24 22 
61 11 37 
72 38 2 
17 58 37 
35 85 14 
71 44 74 
70 30 38 
27 84 93 
95 64 68 
28 27 43 
45 51 38 
55 93 47 
71 23 5 
30 74 2 
87 39 30 
10 73 44 
27 78 4 
58 93 90 
21 100 93 
15 64 60 
77 8 65 
15 88 3 
68 30 89 
75 82 10 
14 25 95 
89 75 49 
54 24 98 
49 62 45 
92 57 89 
58 52 43 
9 17 7 
5 57 69 
78 49 25 
44 72 96 
44 58 9 
88 77 56 
73 85 58 
25 43 28 
57 68 72 
75 11 77 
72 13 32 
61 96 19 
99 2 9 
25 4 90 
10 61 53 
1 71 97 
76 38 72 
70 53 36 
19 5 94 
13 70 55 
9 65 10 
63 66 35 
47 57 11 
2 89 74 
16 46 56 
92 24 70 
13 59 30 
10 58 43 
91 68 29 
100 79 32 
63 43 37 
27 25 82 
24 60 89 
31 65 59 
57 70 87 
7 46 47 
76 23 1 
33 92 8 
19 56 35 
65 83 1 
90 87 10 
42 50 12 
35 84 59 
96 40 100 
71 100 40 
57 3 97 
62 13 75 
51 79 43 
16 56 6 
8 22 51 
63 85 9 
30 26 32 
58 4 2 
85 76 52 
30 39 2 
59 95 5 
87 76 19 
16 50 55 
27 31 73 
18 40 67 
13 83 100 
29 91 46 
88 55 89 
55 44 9 
20 89 63 
93 34 39 
86 51 94 
14 94 54 
13 19 39 
86 71 99 
40 94 64 
58 100 67 
60 47 97 
34 13 84 
61 35 97 
46 96 37 
72 82 28 
98 91 1 
92 29 68 
69 86 62 
41 80 42 
49 93 89 
70 82 23 
39 77 47 
28 63 91 
26 9 75 
100 61 25 
65 41 45 
60 72 27 
20 40 65 
59 61 14 
100 48 82 
58 11 83 
8 53 36 
28 99 57 
59 87 90 
91 48 58 
80 12 62 
15 16 12 
20 72 79 
86 95 73 
33 77 42 
80 81 93 
75 95 91 
56 14 93 
78 57 47 
15 6 27 
23 50 75 
12 27 14 
6 66 16 
27 4 68 
53 92 81 
85 16 46 
89 15 51 
68 53 23 
93 4 75 
26 84 11 
16 22 93 
29 32 51 
7 49 19 
17 2 64 
69 62 91 
44 54 5 
15 75 34 
70 47 80 
29 74 14 
83 25 8 
50 14 100 
43 6 1 
64 28 85 
64 23 43 
61 21 6 
24 39 46 
82 54 8 
20 37 79 
46 49 68 
72 68 86 
71 76 84 
16 24 76 
19 7 6 
69 44 48 
83 36 96 
67 26 58 
96 8 14 
93 20 25 
89 67 77 
2 92 33 
93 83 63 
59 85 100 
61 15 63 
79 37 82 
7 8 98 
73 86 1 
75 39 7 
19 22 76 
66 84 81 
98 62 29 
14 60 49 
75 51 56 
85 49 8 
44 50 75 
56 72 37 
81 99 30 
89 59 55 
39 25 84 
52 38 73 
74 8 52 
88 75 16 
86 11 93 
94 46 47 
59 83 33 
5 42 14 
11 19 72 
73 53 56 
42 24 87 
93 79 18 
76 25 22 
3 76 50 
79 67 76 
29 67 62 
17 60 51 
5 29 83 
58 97 86 
77 19 98 
9 14 13 
66 76 78 
99 70 66 
92 14 64 
72 16 1 
35 4 89 
62 100 97 
19 50 29 
43 80 66 
34 80 22 
73 53 64 
93 75 8 
61 53 67 
23 35 2 
42 95 54 
54 97 15 
36 47 65 
64 67 47 
20 89 75 
45 38 15 
85 46 79 
46 59 2 
45 96 57 
73 10 20 
100 26 53 
65 44 56 
51 73 21 
91 53 14 
76 13 90 
12 49 80 
83 40 78 
94 14 77 
76 33 41 
46 41 2 
28 63 4 
38 39 27 
100 29 61 
64 39 83 
26 52 59 
49 91 77 
49 84 82 
25 31 22 
46 1 39 
11 65 14 
54 13 29 
7 2 1 
2 38 29 
79 17 64 
92 75 91 
74 75 33 
31 90 92 
14 36 12 
65 71 3 
13 20 58 
36 7 44 
84 92 23 
63 34 89 
39 50 85 
9 50 20 
4 35 16 
74 80 5 
6 39 87 
44 28 59 
75 51 29 
66 47 11 
28 83 86 
85 55 83 
26 6 47 
35 99 60 
13 95 9 
29 76 63 
89 34 82 
48 57 11 
41 91 44 
1 65 18 
76 9 41 
32 21 25 
8 59 45 
29 58 90 
47 20 98 
19 66 34 
25 41 35 
97 40 92 
62 23 7 
11 89 37 
8 64 92 
75 3 57 
13 44 76 
81 8 47 
8 60 89 
44 93 23 
29 57 7 
24 15 46 
99 77 32 
19 67 3 
35 86 77 
87 23 31 
57 16 54 
26 46 90 
26 36 61 
44 79 94 
7 32 30 
39 11 10 
16 46 64 
20 78 25 
88 5 84 
54 63 45 
76 1 39 
95 35 5 
93 38 20 
44 96 85 
76 36 3 
34 48 89 
36 91 41 
66 35 47 
83 37 27 
9 99 23 
78 86 70 
17 27 3 
16 40 70 
62 1 30 
93 72 77 
12 84 82 
42 13 37 
10 95 93 
31 52 10 
4 94 9 
29 97 65 
88 69 89 
11 95 16 
51 31 22 
25 74 2 
35 5 74 
79 37 1 
18 63 92 
35 96 52 
22 78 30 
3 95 54 
30 43 23 
36 31 56 
46 34 31 
89 83 67 
89 76 72 
33 91 39 
1 68 93 
69 41 5 
8 20 51 
51 24 19 
16 68 30 
49 84 93 
23 27 81 
22 2 33 
53 62 14 
83 47 72 
56 77 38 
39 20 2 
96 2 6 
59 74 83 
14 28 93 
37 55 89 
9 61 92 
39 78 30 
83 87 44 
92 93 4 
7 68 12 
95 39 28 
70 31 1 
83 62 99 
83 92 84 
2 4 59 
59 53 13 
81 37 28 
77 63 9 
13 16 51 
98 25 89 
39 74 87 
1 71 99 
84 76 45 
28 85 69 
20 6 7 
21 85 32 
40 1 89 
13 22 3 
74 60 46 
72 28 35 
85 21 92 
84 5 94 
61 24 39 
94 52 83 
89 36 85 
4 92 80 
24 41 62 
28 6 48 
14 40 68 
66 76 89 
19 86 18 
32 35 10 
65 68 84 
100 81 70 
22 68 23 
26 6 69 
100 11 27 
7 65 30 
6 43 27 
98 91 5 
74 98 40 
3 2 67 
72 95 87 
58 12 1 
41 25 28 
26 47 29 
51 95 62 
33 32 43 
4 46 62 
9 83 88 
10 59 26 
60 79 78 
70 53 4 
36 25 10 
12 68 62 
21 14 50 
52 49 61 
45 96 64 
17 29 60 
11 5 89 
68 49 69 
27 33 22 
59 97 20 
78 25 48 
84 55 49 
83 42 23 
6 50 36 
35 36 76 
30 29 33 
99 47 13 
13 43 71 
36 97 98 
19 11 10 
33 15 80 
94 33 72 
77 73 43 
21 91 24 
65 41 2 
13 22 39 
85 96 74 
73 65 91 
89 48 12 
10 35 71 
80 44 50 
36 12 90 
50 6 96 
74 53 10 
80 98 21 
39 66 5 
41 71 65 
70 31 24 
45 8 98 
61 70 14 
25 20 50 
17 5 68 
19 39 31 
15 74 81 
35 39 71 
22 18 27 
26 5 20 
66 80 65 
37 13 7 
66 57 78 
11 86 33 
26 38 51 
19 96 91 
98 90 73 
79 50 97 
28 73 37 
27 11 85 
29 24 46 
87 31 71 
88 68 80 
76 10 5 
26 33 81 
30 52 31 
16 71 15 
25 67 9 
46 40 6 
65 6 41 
32 27 56 
64 78 66 
22 93 59 
98 68 89 
51 9 72 
52 51 17 
64 48 30 
66 83 48 
55 87 19 
35 74 26 
32 82 48 
4 8 44 
7 43 96 
25 29 31 
74 33 65 
92 42 64 
73 24 91 
29 58 75 
35 48 1 
49 42 76 
3 17 4 
41 25 5 
100 20 11 
54 65 59 
70 53 18 
81 43 5 
53 60 98 
67 64 68 
72 85 35 
50 49 33 
6 33 27 
97 17 21 
79 72 66 
28 63 73 
49 65 64 
33 72 45 
89 97 5 
32 26 5 
32 25 9 
91 65 21 
91 90 64 
55 93 59 
63 33 44 
40 65 86 
85 91 98 
59 78 72 
22 17 31 
23 67 18 
74 55 59 
59 18 83 
29 8 52 
80 1 97 
24 8 89 
72 68 69 
23 30 26 
97 23 8 
52 67 86 
56 46 43 
77 26 13 
30 41 71 
1 7 21 
71 44 9 
26 61 60 
39 45 75 
84 46 26 
45 9 40 
40 4 74 
25 67 29 
100 15 10 
4 50 70 
24 20 19 
47 80 100 
74 25 67 
75 43 34 
74 52 19 
59 78 68 
51 92 16 
25 18 2 
81 25 70 
15 27 45 
94 1 38 
72 68 18 
81 26 76 
36 19 57 
32 13 5 
39 40 66 
41 79 2 
22 92 56 
50 7 83 
75 86 26 
55 20 32 
81 13 2 
22 60 45 
15 53 84 
5 90 68 
76 85 86 
64 54 8 
63 30 41 
98 57 34 
58 8 95 
8 27 32 
82 21 91 
9 86 39 
42 48 43 
96 25 45 
4 99 12 
85 65 78 
59 94 38 
62 33 37 
83 18 79 
59 99 9 
24 100 71 
100 33 54 
49 46 16 
65 70 17 
44 47 78 
76 12 25 
53 15 50 
6 89 91 
56 4 95 
3 33 34 
96 74 8 
54 89 65 
76 90 40 
9 78 32 
74 51 55 
64 69 92 
22 75 72 
64 20 46 
99 98 16 
16 47 30 
8 14 5 
21 14 13 
53 44 99 
10 49 84 
8 93 45 
13 33 76 
56 93 86 
25 91 50 
71 15 74 
86 59 83 
66 7 42 
24 32 70 
61 68 5 
83 26 9 
90 93 61 
44 15 54 
44 69 92 
56 73 76 
50 97 21 
79 11 66 
76 73 44 
73 74 54 
67 94 30 
34 71 56 
37 73 16 
14 9 90 
16 62 55 
2 78 65 
30 27 59 
70 78 56 
38 23 50 
15 86 41 
17 4 40 
48 6 20 
28 94 88 
95 88 100 
14 45 65 
14 41 45 
60 1 4 
89 13 46 
41 32 74 
89 34 97 
32 44 7 
63 15 95 
82 55 33 
44 79 28 
58 48 35 
70 29 38 
53 36 92 
61 81 35 
35 33 91 
20 75 35 
19 86 25 
41 9 59 
66 69 33 
97 66 62 
51 92 20 
90 53 80 
92 12 99 
18 35 45 
74 59 98 
35 95 87 
38 75 68 
83 2 27 
10 48 63 
27 44 30 
100 24 67 
90 41 84 
49 29 51 
48 81 40 
16 66 30 
17 24 61 
73 72 45 
83 81 22 
91 88 7 
1 78 97 
