10000
100000
21 76 90 
17 93 34 
14 42 44 
91 22 4 
24 10 66 
61 98 47 
31 49 10 
21 24 37 
31 18 27 
60 27 72 
89 29 88 
62 41 24 
39 89 38 
41 53 42 
22 78 64 
43 84 5 
98 41 37 
17 44 14 
96 60 31 
100 26 75 
32 11 52 
49 2 76 
56 32 10 
69 94 27 
56 29 24 
5 74 24 
4 26 56 
77 17 89 
5 36 51 
81 76 19 
43 89 14 
81 16 32 
99 22 63 
8 83 56 
12 62 80 
70 14 75 
26 36 20 
5 94 19 
78 95 14 
70 19 94 
47 74 71 
79 8 20 
21 10 41 
32 53 94 
30 39 4 
64 67 17 
26 38 15 
20 4 88 
73 74 50 
43 3 72 
30 60 47 
99 63 60 
61 76 90 
19 2 98 
29 69 83 
19 89 93 
60 82 95 
48 27 16 
86 80 55 
23 53 44 
86 22 51 
63 66 35 
84 19 49 
91 28 78 
6 44 9 
7 68 84 
77 60 13 
40 52 43 
22 58 33 
38 78 29 
91 43 46 
91 37 34 
74 94 67 
17 64 10 
18 70 5 
33 68 66 
60 45 100 
89 10 25 
64 52 16 
91 31 46 
35 39 76 
32 43 16 
82 59 67 
75 40 22 
58 91 9 
7 1 63 
28 25 80 
77 82 34 
91 92 57 
22 46 5 
45 61 27 
84 74 39 
93 99 71 
7 20 16 
65 75 72 
16 56 46 
9 38 58 
100 69 36 
14 17 19 
31 18 47 
63 9 41 
16 33 12 
44 97 66 
20 22 71 
11 12 40 
34 15 68 
70 45 30 
14 53 69 
15 44 13 
78 44 5 
85 53 75 
39 4 96 
12 8 86 
54 65 59 
29 63 99 
8 65 24 
8 9 19 
26 82 42 
13 52 23 
44 77 37 
15 74 22 
91 49 76 
83 44 32 
1 54 18 
17 69 5 
26 20 15 
3 44 22 
20 48 69 
70 82 29 
2 97 15 
70 26 53 
77 15 64 
86 2 44 
81 69 46 
11 98 69 
19 25 53 
40 3 88 
63 69 34 
98 16 34 
56 14 92 
69 41 13 
18 8 63 
97 57 86 
18 92 17 
44 49 98 
72 99 69 
10 77 34 
25 42 8 
1 33 50 
68 43 27 
86 42 39 
14 49 25 
98 99 5 
71 87 67 
24 37 63 
33 59 94 
37 77 12 
50 33 79 
23 97 12 
49 46 42 
93 86 55 
46 2 41 
1 11 12 
17 97 24 
95 90 54 
19 75 85 
5 71 65 
17 27 42 
88 62 98 
42 25 35 
44 50 3 
9 57 51 
15 4 68 
67 86 40 
10 56 43 
54 46 71 
16 64 23 
13 67 20 
47 50 26 
51 91 52 
81 40 70 
20 16 27 
40 21 37 
67 87 50 
6 5 42 
30 2 100 
66 86 29 
50 72 77 
19 71 90 
93 23 48 
99 81 30 
65 30 69 
75 97 62 
65 41 18 
91 20 47 
26 24 15 
16 5 33 
62 14 21 
97 49 12 
54 53 91 
19 74 6 
44 12 53 
46 80 9 
25 91 50 
78 34 42 
42 92 65 
14 10 63 
91 10 81 
34 3 10 
95 1 54 
56 53 77 
50 55 2 
47 62 82 
68 36 93 
8 93 73 
71 3 48 
67 82 81 
55 97 76 
70 99 39 
8 5 28 
51 90 80 
97 85 53 
62 83 60 
50 93 79 
76 70 21 
20 84 83 
43 95 13 
95 47 54 
59 55 34 
10 18 47 
1 88 6 
99 42 87 
99 50 7 
77 66 6 
41 75 76 
97 40 98 
53 81 92 
13 35 85 
95 36 80 
28 48 81 
16 2 84 
26 17 94 
35 10 6 
69 96 53 
46 65 64 
87 78 43 
99 11 23 
57 73 79 
25 8 100 
67 37 92 
64 43 47 
53 49 90 
28 88 30 
82 52 16 
20 55 92 
36 12 41 
81 54 90 
1 32 99 
24 31 30 
39 82 13 
30 1 14 
26 96 24 
34 2 12 
17 7 32 
5 38 99 
9 7 66 
77 28 95 
73 56 32 
71 69 94 
100 40 96 
87 51 75 
30 25 47 
89 72 14 
19 6 64 
99 88 6 
52 12 57 
24 19 74 
42 34 15 
17 58 16 
82 84 81 
5 78 41 
22 48 69 
85 20 39 
49 33 53 
71 75 18 
92 83 74 
97 84 29 
16 68 20 
78 9 58 
31 46 51 
30 15 27 
76 71 94 
20 82 94 
17 29 53 
19 74 34 
98 13 47 
77 27 93 
22 7 44 
98 56 80 
87 91 23 
65 51 7 
74 31 95 
65 52 10 
42 53 39 
9 58 35 
2 91 50 
98 80 17 
68 26 41 
51 54 3 
49 52 70 
64 29 70 
1 84 16 
32 60 5 
18 100 3 
35 65 17 
49 70 61 
5 99 66 
15 1 88 
53 93 64 
56 41 70 
36 35 16 
85 59 100 
85 70 86 
60 69 34 
7 87 32 
85 98 9 
85 47 1 
29 86 84 
79 12 1 
62 98 29 
49 1 13 
96 82 5 
22 100 30 
7 8 53 
66 55 26 
96 37 84 
52 89 45 
27 35 62 
60 66 13 
38 21 14 
68 17 98 
61 12 4 
18 60 45 
64 98 34 
4 26 48 
14 55 46 
25 36 37 
47 49 51 
99 28 57 
4 41 58 
2 80 41 
55 81 22 
89 69 88 
27 50 51 
66 97 6 
51 17 57 
3 63 24 
100 25 38 
74 24 58 
27 10 32 
36 47 71 
65 21 81 
86 51 49 
20 26 89 
8 51 24 
42 50 7 
8 82 12 
87 35 78 
20 38 62 
12 41 91 
46 72 22 
12 36 14 
4 42 76 
4 12 99 
62 63 61 
9 87 16 
51 54 47 
54 35 31 
93 41 42 
48 35 8 
61 67 19 
28 74 21 
73 3 59 
57 26 48 
52 5 8 
26 13 10 
84 53 44 
80 83 98 
53 37 8 
16 59 99 
11 38 85 
95 51 18 
44 2 52 
51 4 53 
94 48 3 
49 81 94 
15 72 98 
42 74 22 
86 91 2 
12 36 83 
7 88 12 
62 93 21 
56 18 29 
37 8 24 
39 60 2 
81 82 78 
66 1 97 
13 80 45 
42 90 8 
7 68 90 
93 8 96 
9 84 46 
74 76 92 
93 10 95 
85 34 45 
4 13 14 
28 46 75 
26 38 65 
49 54 8 
89 84 87 
22 51 80 
77 4 59 
77 65 94 
35 6 82 
61 27 37 
5 84 94 
3 58 4 
19 29 50 
45 56 33 
90 63 37 
17 4 12 
84 67 31 
76 40 71 
64 14 52 
51 42 57 
84 37 70 
15 71 11 
83 78 47 
16 6 48 
37 10 7 
6 47 64 
70 72 83 
73 12 23 
9 41 54 
18 95 26 
48 67 60 
81 26 43 
93 13 58 
64 66 32 
39 59 43 
77 41 94 
35 43 91 
62 11 37 
51 32 38 
35 8 65 
60 93 79 
6 36 61 
15 92 22 
100 95 88 
33 39 50 
64 92 43 
18 30 90 
39 26 60 
34 100 64 
100 53 92 
89 30 68 
56 71 29 
37 98 88 
57 62 33 
40 26 56 
99 36 1 
91 73 24 
25 2 74 
33 82 72 
57 44 100 
61 29 87 
58 59 78 
55 62 59 
36 27 74 
74 93 79 
65 26 93 
57 91 10 
29 27 15 
18 4 28 
80 57 34 
39 53 29 
53 79 60 
26 95 43 
24 39 81 
69 20 37 
39 47 13 
11 54 68 
85 81 37 
54 39 28 
99 79 30 
49 61 10 
64 50 92 
25 78 27 
58 32 61 
99 69 88 
41 88 3 
69 74 33 
97 28 36 
99 9 84 
49 6 48 
48 49 99 
83 82 81 
63 48 23 
92 29 20 
7 30 90 
33 22 96 
99 14 18 
60 2 91 
16 66 6 
7 12 1 
56 79 54 
19 88 77 
94 96 76 
85 75 37 
33 24 39 
51 2 89 
51 44 73 
10 66 4 
69 94 58 
27 61 57 
20 75 26 
17 38 63 
36 68 81 
35 62 77 
61 81 53 
8 75 32 
32 87 20 
84 29 48 
53 63 48 
18 33 10 
37 19 87 
73 67 6 
37 4 82 
30 23 7 
66 43 20 
96 83 64 
44 47 87 
62 16 28 
61 39 37 
93 95 40 
38 75 86 
44 55 9 
17 41 64 
40 35 28 
30 47 97 
86 53 73 
58 43 90 
83 38 9 
33 41 37 
97 63 79 
67 85 30 
99 15 23 
59 36 87 
61 54 75 
69 88 20 
42 37 28 
77 47 60 
42 39 89 
27 87 72 
94 52 28 
47 56 15 
14 86 65 
83 91 87 
46 79 11 
51 44 89 
40 56 31 
14 17 53 
16 62 48 
59 8 45 
43 2 30 
100 96 53 
95 82 97 
13 10 12 
45 46 76 
24 41 54 
8 100 21 
38 32 59 
76 57 94 
97 56 46 
49 76 27 
86 77 56 
39 82 46 
81 31 39 
91 19 96 
40 20 13 
7 52 59 
47 100 50 
14 70 13 
58 6 54 
42 68 82 
14 33 21 
40 99 77 
16 77 48 
62 30 17 
74 63 13 
75 51 16 
79 6 25 
18 24 31 
11 60 35 
42 51 87 
58 52 41 
73 80 18 
82 68 23 
40 57 88 
5 83 58 
53 77 40 
81 26 33 
98 39 7 
75 97 89 
1 77 41 
15 85 12 
7 4 85 
3 100 7 
59 67 45 
57 12 21 
91 75 92 
74 7 61 
75 22 99 
22 47 57 
97 3 57 
74 62 23 
59 61 14 
46 94 100 
30 39 81 
57 40 38 
26 55 10 
6 12 2 
87 39 76 
8 47 81 
57 85 18 
93 95 45 
9 4 87 
94 84 87 
84 10 49 
50 59 94 
19 59 42 
11 34 100 
22 41 5 
36 52 6 
50 39 71 
78 88 31 
38 88 21 
90 29 33 
58 90 93 
28 9 60 
27 32 8 
28 75 23 
50 28 85 
13 54 80 
97 50 79 
1 87 17 
97 83 37 
42 17 84 
52 56 59 
56 62 9 
40 94 1 
31 96 71 
96 39 82 
29 82 92 
95 34 58 
32 49 13 
53 18 32 
14 55 15 
17 68 100 
34 35 53 
19 2 10 
16 71 15 
56 90 58 
94 91 51 
62 87 27 
7 74 90 
7 52 84 
59 3 50 
54 100 39 
68 93 41 
70 33 45 
19 4 12 
75 88 23 
7 67 60 
59 79 15 
48 71 64 
68 40 31 
97 77 50 
53 38 76 
80 59 81 
37 88 12 
67 98 34 
4 96 17 
87 37 35 
64 38 18 
48 12 89 
39 52 59 
38 47 95 
94 93 61 
13 75 64 
42 15 41 
98 84 31 
18 23 20 
76 44 73 
45 74 73 
86 15 41 
2 56 84 
90 97 37 
72 66 68 
67 3 95 
22 51 20 
47 45 61 
36 60 21 
95 61 90 
51 43 79 
50 3 24 
30 13 15 
15 18 24 
45 9 8 
93 90 61 
43 45 10 
1 97 71 
95 83 73 
11 43 33 
38 75 65 
21 84 10 
87 12 76 
47 99 13 
76 41 14 
95 63 12 
86 25 44 
62 80 76 
42 12 27 
42 47 4 
84 25 75 
70 32 24 
33 25 28 
9 20 50 
44 47 88 
89 85 79 
97 38 46 
20 63 79 
62 14 2 
95 35 61 
79 82 70 
6 27 15 
14 81 61 
33 1 75 
73 62 10 
65 61 69 
53 26 16 
6 22 24 
16 2 6 
81 6 74 
39 85 87 
88 70 83 
84 100 74 
4 62 5 
77 94 20 
84 69 29 
42 39 80 
95 88 49 
69 49 16 
85 3 33 
93 4 46 
99 17 60 
17 39 25 
74 40 47 
100 15 70 
19 35 68 
4 55 60 
96 49 83 
28 57 80 
78 37 88 
41 47 27 
9 19 61 
58 5 46 
95 72 87 
93 59 22 
4 86 17 
17 49 63 
43 49 71 
61 2 38 
59 51 9 
62 87 12 
92 98 70 
18 33 53 
72 41 87 
48 89 25 
11 68 63 
92 32 11 
32 71 67 
31 26 86 
90 3 98 
64 4 44 
6 44 85 
48 78 71 
8 7 68 
11 55 17 
35 73 49 
83 38 35 
15 23 90 
41 60 39 
94 8 10 
40 60 53 
24 1 15 
39 11 36 
30 90 88 
64 68 67 
35 52 37 
26 24 70 
71 43 95 
32 15 78 
77 45 60 
67 93 38 
58 96 70 
100 91 57 
45 95 31 
41 55 19 
46 84 26 
78 15 51 
2 16 60 
40 14 34 
67 55 35 
23 67 79 
3 84 12 
24 52 42 
6 5 97 
55 81 60 
70 56 78 
6 89 84 
58 77 16 
73 39 62 
24 70 81 
29 97 94 
69 24 86 
70 9 87 
30 16 47 
88 84 37 
37 9 17 
60 47 97 
81 29 11 
55 36 76 
79 38 39 
65 81 94 
10 75 67 
73 17 30 
86 15 72 
81 12 17 
39 73 22 
73 84 95 
24 38 57 
42 61 8 
66 6 96 
91 8 97 
20 37 79 
78 25 76 
27 100 12 
38 82 11 
72 99 64 
30 87 96 
90 72 71 
23 100 56 
93 92 4 
84 9 69 
9 28 50 
46 48 69 
96 87 60 
77 83 96 
78 76 59 
23 49 32 
58 57 27 
39 60 6 
26 66 15 
30 59 29 
32 88 43 
100 25 41 
36 100 55 
81 82 63 
6 59 77 
58 35 81 
60 98 53 
43 77 26 
12 43 93 
93 57 15 
12 22 31 
1 35 76 
21 1 33 
46 4 74 
11 35 44 
65 13 96 
99 90 38 
91 62 69 
31 39 92 
11 82 27 
100 94 35 
80 19 64 
98 74 6 
96 57 4 
24 39 4 
67 88 40 
25 20 32 
27 67 3 
29 41 93 
59 34 66 
88 56 4 
32 84 39 
46 97 100 
44 94 79 
93 9 88 
53 57 8 
20 95 22 
70 95 72 
62 64 53 
19 16 14 
19 17 12 
91 2 75 
53 50 76 
58 92 93 
77 52 93 
35 94 19 
53 71 67 
22 75 72 
50 16 54 
38 74 68 
2 75 22 
23 91 86 
68 18 85 
45 80 79 
77 95 9 
56 37 4 
92 37 81 
66 83 48 
21 24 26 
48 45 55 
39 41 51 
35 76 60 
82 47 54 
18 97 62 
90 73 58 
91 39 27 
30 16 66 
80 72 82 
3 33 34 
79 43 71 
87 60 80 
38 3 16 
1 20 6 
33 13 32 
65 92 87 
1 98 91 
57 58 59 
74 13 94 
80 49 48 
7 60 45 
76 80 28 
30 52 20 
79 40 1 
41 84 94 
99 18 9 
29 48 94 
9 96 74 
72 16 2 
8 97 93 
66 51 17 
94 77 97 
46 38 31 
80 64 13 
26 82 34 
91 68 15 
7 51 68 
63 47 28 
57 49 45 
37 81 65 
6 27 43 
21 71 60 
46 43 25 
8 44 4 
27 14 84 
23 26 76 
16 46 21 
70 58 78 
85 38 20 
78 48 25 
89 34 69 
19 36 16 
50 38 23 
56 8 36 
33 38 35 
32 86 27 
52 56 20 
62 68 46 
76 10 5 
49 82 88 
66 33 69 
95 91 99 
99 60 87 
70 15 49 
3 7 19 
38 30 80 
23 80 27 
11 78 70 
43 45 42 
26 44 20 
82 63 67 
20 52 55 
38 43 10 
31 47 30 
58 72 38 
25 67 29 
10 14 30 
53 89 82 
78 21 53 
41 89 96 
44 28 79 
36 20 60 
18 21 38 
10 36 25 
83 34 41 
63 36 16 
38 93 78 
27 39 64 
46 91 94 
15 57 16 
53 15 21 
76 3 71 
5 15 16 
16 52 43 
58 72 39 
98 99 16 
38 81 85 
49 73 89 
14 99 77 
25 66 64 
96 89 39 
59 13 57 
24 41 39 
2 4 14 
40 78 66 
25 64 6 
88 92 90 
58 55 7 
43 31 79 
15 63 6 
2 48 12 
65 30 86 
77 95 33 
18 86 19 
43 17 18 
16 3 84 
1 73 35 
99 35 86 
61 54 64 
97 50 9 
50 90 58 
79 88 27 
10 61 43 
93 13 57 
74 5 63 
40 10 73 
21 78 87 
83 78 75 
37 68 67 
71 38 8 
6 60 84 
76 89 33 
5 44 63 
24 85 63 
13 39 42 
60 67 26 
13 8 27 
15 92 58 
41 20 53 
13 40 61 
84 41 90 
45 76 56 
98 33 2 
94 51 59 
60 31 68 
63 58 85 
31 49 68 
28 33 85 
3 33 37 
29 55 4 
90 33 75 
71 18 15 
51 48 79 
94 31 90 
37 19 32 
64 86 40 
96 83 12 
60 49 92 
83 3 45 
91 79 36 
57 15 40 
22 78 6 
4 10 72 
49 77 14 
30 32 45 
91 11 42 
8 94 36 
89 62 8 
5 86 23 
88 18 84 
70 3 98 
90 65 2 
79 76 54 
22 23 2 
62 68 17 
81 40 77 
62 11 39 
75 58 29 
27 97 70 
21 18 68 
34 3 4 
26 80 1 
64 86 4 
87 41 19 
71 22 15 
35 60 95 
64 33 41 
28 38 2 
9 58 13 
64 60 75 
97 37 21 
79 41 68 
67 85 10 
38 73 52 
97 44 2 
44 28 53 
53 81 60 
100 97 14 
100 19 72 
76 33 99 
76 68 51 
53 88 78 
43 49 98 
49 21 54 
37 41 23 
55 31 92 
17 43 81 
21 88 93 
65 98 4 
31 26 17 
93 16 89 
32 6 80 
30 13 47 
19 75 6 
25 20 78 
36 67 81 
50 34 90 
99 2 32 
78 43 7 
91 34 36 
88 83 86 
26 6 7 
91 39 1 
45 14 50 
79 41 1 
50 1 8 
20 70 71 
23 42 72 
77 1 14 
39 69 72 
48 90 34 
99 12 92 
81 88 96 
75 88 55 
73 95 77 
12 96 1 
24 36 75 
32 58 3 
84 32 74 
49 33 81 
38 9 11 
62 70 1 
81 1 77 
48 76 37 
87 21 38 
52 60 19 
76 23 31 
26 71 53 
81 4 100 
18 9 82 
94 54 33 
62 79 29 
34 9 3 
88 84 70 
25 89 58 
58 83 67 
57 92 16 
34 45 68 
30 71 65 
30 58 5 
81 35 71 
98 31 4 
61 59 92 
64 36 91 
50 100 24 
81 70 25 
81 15 74 
66 11 69 
18 92 66 
15 41 92 
79 48 74 
72 78 97 
57 78 66 
73 48 78 
71 23 95 
14 100 81 
66 47 13 
17 49 59 
98 43 18 
79 66 88 
98 3 84 
7 39 5 
43 38 94 
3 17 81 
5 67 27 
8 45 98 
91 25 2 
97 87 67 
43 45 54 
53 100 35 
26 5 3 
58 48 91 
50 45 73 
59 87 53 
75 35 39 
46 56 96 
10 57 3 
92 33 2 
74 82 29 
43 53 35 
80 83 93 
35 52 39 
79 75 44 
85 54 74 
38 84 1 
88 40 58 
36 53 66 
20 89 45 
44 79 86 
47 53 50 
97 23 43 
16 94 28 
34 53 46 
97 40 51 
9 6 46 
98 75 9 
81 71 41 
97 93 99 
35 45 15 
88 20 50 
63 69 15 
73 31 27 
64 28 47 
2 31 53 
75 7 48 
75 33 48 
64 34 92 
4 78 75 
31 88 45 
66 87 26 
68 45 94 
94 58 24 
58 79 42 
50 31 27 
77 70 4 
11 77 92 
32 5 68 
58 92 12 
37 53 87 
58 42 47 
44 79 99 
96 7 50 
7 100 29 
42 55 67 
90 58 72 
29 25 31 
46 5 34 
59 68 79 
8 45 64 
48 33 21 
30 88 17 
30 45 51 
49 34 72 
24 83 67 
34 29 7 
2 81 53 
27 69 31 
74 95 70 
99 44 60 
41 69 61 
27 12 28 
72 80 87 
99 64 35 
96 79 8 
19 77 35 
13 26 30 
2 57 52 
30 87 6 
87 80 2 
57 45 6 
58 54 83 
91 73 56 
63 38 66 
40 27 11 
1 14 45 
37 73 28 
2 63 90 
12 33 92 
68 9 37 
5 96 6 
13 32 51 
19 1 29 
16 57 1 
42 84 81 
44 87 67 
57 1 38 
86 47 31 
28 10 52 
17 73 53 
62 26 14 
31 84 41 
52 49 27 
52 36 72 
38 64 79 
35 20 78 
36 88 71 
25 39 26 
2 35 68 
85 78 41 
85 98 36 
32 73 46 
77 55 62 
68 18 48 
22 29 79 
48 17 39 
6 94 25 
39 71 89 
96 31 57 
88 47 42 
96 14 82 
70 80 35 
87 76 40 
91 74 7 
92 32 21 
8 9 37 
58 42 51 
63 98 93 
34 11 8 
66 76 65 
69 28 98 
94 59 13 
87 79 47 
11 7 32 
61 9 83 
19 38 42 
73 64 12 
86 70 61 
14 3 46 
1 21 7 
84 85 13 
62 100 5 
20 2 49 
77 31 100 
52 72 61 
92 47 85 
51 1 89 
71 87 31 
34 84 23 
87 39 30 
34 93 31 
78 44 76 
81 17 71 
66 95 24 
81 60 67 
30 95 67 
67 69 13 
73 23 19 
82 50 34 
56 4 35 
16 68 13 
2 64 28 
6 3 22 
53 12 22 
52 49 77 
76 92 100 
44 55 29 
99 12 86 
18 52 87 
73 64 51 
50 81 56 
9 89 94 
94 18 63 
87 37 76 
48 46 76 
3 57 14 
26 48 65 
26 75 60 
68 98 36 
13 60 74 
26 82 83 
8 88 97 
20 51 92 
81 30 15 
57 7 29 
6 100 85 
66 8 96 
19 24 48 
26 74 1 
67 80 18 
61 90 77 
94 66 34 
100 85 94 
17 98 14 
65 12 50 
74 94 22 
95 47 35 
9 30 54 
25 21 32 
59 88 95 
1 26 76 
44 49 80 
84 38 53 
16 10 52 
23 18 28 
23 79 97 
27 37 58 
23 39 71 
25 16 64 
89 21 1 
70 50 4 
36 51 64 
67 59 20 
81 93 34 
50 56 49 
51 12 34 
70 4 53 
47 62 77 
23 97 89 
62 63 49 
77 82 35 
29 74 27 
77 12 60 
43 62 48 
24 8 46 
87 55 50 
64 92 21 
90 4 63 
72 97 64 
26 19 49 
24 65 6 
16 18 43 
23 19 75 
23 8 97 
19 44 16 
34 35 42 
27 17 86 
60 91 27 
14 55 6 
21 14 35 
48 81 35 
18 74 27 
21 64 18 
74 75 70 
79 32 100 
52 6 56 
20 5 48 
85 54 80 
4 71 61 
56 64 89 
17 23 45 
37 51 84 
100 61 66 
13 83 99 
59 31 58 
46 48 63 
29 65 73 
93 7 51 
72 97 61 
29 51 30 
52 5 76 
24 97 14 
38 100 80 
59 63 55 
40 68 72 
20 94 35 
46 80 87 
48 90 52 
29 13 27 
28 36 10 
84 47 86 
27 28 57 
88 91 7 
50 5 41 
29 94 15 
87 31 80 
29 28 26 
35 76 63 
45 19 95 
10 93 18 
42 59 82 
25 58 27 
77 4 95 
29 22 41 
72 40 80 
50 30 36 
28 64 84 
23 74 35 
41 11 95 
95 45 53 
21 7 59 
56 55 72 
32 55 20 
52 3 83 
66 68 38 
66 70 1 
23 7 70 
8 32 33 
98 3 74 
93 12 53 
22 98 57 
53 40 79 
6 12 26 
16 12 3 
89 10 22 
41 12 3 
3 92 15 
34 93 37 
100 67 75 
31 28 32 
21 24 99 
77 2 21 
9 13 30 
45 88 97 
57 8 39 
62 96 73 
59 47 23 
57 36 19 
43 95 38 
74 62 96 
95 35 53 
96 45 97 
66 29 52 
82 66 7 
96 48 45 
69 21 88 
26 5 20 
48 10 33 
22 59 17 
25 19 10 
33 74 31 
32 68 89 
56 81 37 
46 79 85 
7 83 52 
54 100 21 
98 82 22 
58 64 10 
3 32 34 
71 37 19 
17 87 26 
38 43 34 
62 67 47 
53 64 73 
4 84 98 
16 84 27 
20 47 38 
17 25 53 
28 22 55 
62 10 35 
30 85 96 
37 84 33 
79 13 12 
27 80 98 
54 43 26 
97 80 13 
20 56 59 
47 72 55 
72 96 44 
17 9 10 
50 16 41 
33 62 72 
63 26 38 
61 29 15 
62 29 25 
67 52 86 
90 17 16 
60 56 81 
42 46 48 
10 56 99 
59 70 5 
23 58 14 
50 91 13 
96 17 63 
94 99 15 
43 17 27 
86 80 32 
83 9 100 
20 57 80 
40 4 17 
98 32 27 
1 85 68 
36 27 38 
81 49 84 
8 2 67 
54 24 15 
15 87 58 
96 78 14 
36 45 14 
9 97 2 
84 3 7 
63 43 71 
68 94 18 
85 77 3 
21 26 77 
30 19 68 
98 30 50 
86 65 81 
53 50 63 
93 36 89 
72 71 24 
15 70 72 
19 33 54 
57 39 65 
66 46 70 
62 81 16 
46 48 87 
43 60 22 
53 26 100 
11 2 20 
1 42 44 
49 90 8 
34 82 41 
96 23 97 
67 94 79 
17 89 79 
15 69 17 
99 71 86 
46 28 43 
21 94 25 
16 58 27 
76 54 74 
59 2 46 
35 65 16 
58 52 13 
59 12 72 
36 74 71 
10 88 21 
99 34 11 
7 60 44 
62 91 20 
99 29 84 
55 38 56 
60 87 27 
27 24 58 
87 76 19 
90 53 65 
61 68 15 
81 8 15 
3 13 31 
11 19 72 
41 29 82 
56 71 98 
18 32 51 
81 15 75 
30 23 9 
14 96 8 
96 17 80 
39 90 49 
91 24 79 
13 86 62 
3 80 40 
24 14 68 
34 9 49 
65 97 64 
42 4 78 
41 45 27 
77 12 67 
40 27 30 
9 53 70 
58 40 86 
90 76 13 
83 85 13 
16 91 86 
76 71 97 
66 33 46 
48 80 97 
21 40 54 
30 23 44 
70 10 44 
39 12 52 
50 39 91 
62 12 76 
16 5 71 
72 51 99 
38 50 93 
86 55 50 
57 35 10 
45 27 47 
64 66 19 
43 27 28 
65 34 88 
91 16 69 
60 3 66 
61 32 15 
96 38 50 
25 38 58 
81 29 69 
97 10 49 
64 2 38 
70 38 30 
1 89 80 
38 1 89 
96 42 37 
50 9 13 
37 66 73 
56 16 71 
73 70 62 
20 9 66 
19 95 39 
70 51 38 
17 65 25 
69 5 55 
22 1 41 
60 56 9 
41 79 96 
59 46 71 
35 47 59 
25 45 96 
61 78 66 
9 100 85 
65 4 70 
99 82 25 
100 22 95 
28 20 93 
2 34 83 
94 4 83 
75 3 37 
24 87 2 
23 65 12 
42 7 74 
10 80 4 
30 86 99 
65 29 97 
96 45 88 
68 40 10 
59 97 70 
79 17 65 
64 52 40 
79 81 96 
23 95 69 
24 4 5 
5 32 26 
57 79 91 
85 100 1 
19 21 5 
3 59 16 
58 84 76 
26 96 23 
89 1 31 
83 66 73 
47 3 5 
65 1 83 
64 33 50 
8 95 45 
9 85 1 
63 24 49 
94 82 74 
79 69 64 
90 72 96 
94 57 84 
12 22 11 
61 99 93 
94 81 62 
35 4 66 
46 58 77 
92 35 73 
49 100 12 
98 32 6 
62 12 90 
17 22 2 
21 94 13 
93 84 13 
56 77 38 
75 35 54 
23 97 76 
99 48 100 
38 98 88 
62 42 7 
30 92 65 
77 71 55 
4 7 6 
4 47 46 
73 11 71 
99 64 8 
21 31 72 
51 56 21 
23 11 74 
84 72 29 
40 29 94 
34 39 93 
59 55 33 
31 35 64 
74 59 45 
53 14 37 
49 79 20 
16 11 95 
4 26 37 
32 85 67 
22 37 63 
46 70 83 
87 3 75 
11 36 69 
89 88 63 
83 81 8 
98 15 24 
33 36 40 
13 72 59 
20 28 83 
18 92 63 
57 72 2 
52 51 28 
14 59 42 
29 30 33 
88 5 57 
2 41 18 
68 94 52 
60 62 33 
61 53 67 
2 31 40 
76 22 27 
17 33 62 
82 20 60 
84 62 44 
31 36 51 
8 88 30 
75 55 54 
99 51 91 
28 26 41 
47 80 91 
45 13 95 
10 20 73 
41 50 49 
37 58 99 
25 56 42 
63 96 74 
64 20 46 
41 44 91 
9 65 10 
34 59 19 
26 96 5 
48 49 88 
1 39 25 
67 41 44 
74 12 60 
44 73 10 
61 20 65 
25 14 8 
5 45 54 
17 94 37 
86 74 47 
15 80 33 
16 55 10 
43 73 17 
54 75 81 
31 22 17 
94 91 24 
61 91 24 
97 87 85 
80 26 62 
14 49 31 
3 26 81 
91 22 41 
18 16 4 
40 25 88 
2 81 91 
49 86 64 
80 82 19 
23 30 81 
38 2 1 
93 97 96 
12 95 15 
57 95 94 
47 55 88 
46 37 18 
6 82 15 
21 41 72 
45 23 99 
70 47 30 
22 36 63 
15 92 99 
95 91 46 
47 50 38 
51 81 29 
64 67 89 
37 11 88 
68 4 51 
68 36 17 
76 40 69 
41 44 46 
78 88 46 
68 8 85 
69 45 96 
62 5 75 
46 16 37 
86 44 54 
95 99 72 
54 15 44 
68 78 72 
21 60 38 
69 8 74 
70 75 63 
76 33 13 
4 42 68 
65 75 55 
73 88 28 
83 80 54 
71 46 49 
72 59 78 
49 2 14 
16 88 75 
53 64 84 
51 54 74 
73 63 28 
13 42 25 
69 75 9 
54 13 29 
25 20 96 
73 3 69 
25 38 31 
47 21 12 
3 21 7 
100 3 69 
50 14 62 
83 69 55 
53 13 57 
95 60 62 
83 20 5 
75 56 51 
28 86 83 
99 5 16 
69 55 6 
87 42 25 
54 76 3 
66 81 59 
58 38 57 
69 83 23 
97 70 80 
8 100 28 
40 16 21 
19 7 2 
25 48 57 
65 75 8 
24 9 19 
99 36 30 
64 28 52 
85 18 43 
24 22 36 
19 29 22 
88 43 87 
4 19 62 
31 4 51 
14 100 80 
70 22 32 
2 94 35 
64 26 51 
60 3 90 
95 8 58 
86 66 74 
29 39 64 
24 41 13 
91 76 42 
25 2 86 
97 9 52 
100 46 91 
22 57 95 
43 18 45 
37 96 77 
98 31 36 
8 78 39 
43 25 2 
8 80 47 
6 35 27 
86 84 98 
13 57 10 
96 19 85 
38 86 89 
86 4 50 
57 2 25 
65 91 4 
37 11 41 
61 25 20 
42 80 41 
10 44 22 
92 83 95 
14 45 41 
48 82 72 
29 42 72 
100 43 37 
36 48 51 
85 37 25 
79 100 75 
25 49 12 
20 73 41 
85 92 89 
50 27 7 
54 44 34 
43 66 80 
4 22 53 
76 5 71 
10 96 20 
99 46 63 
1 58 17 
3 96 29 
1 28 54 
84 34 57 
98 47 6 
24 68 16 
19 76 90 
37 5 15 
24 10 67 
96 81 64 
26 87 71 
79 41 28 
6 100 19 
8 11 1 
30 66 79 
16 2 94 
73 61 9 
99 22 20 
35 96 64 
58 5 56 
41 1 94 
26 2 21 
31 12 1 
17 52 33 
89 24 8 
56 28 77 
76 69 36 
18 68 10 
30 44 54 
97 31 81 
23 67 18 
51 38 45 
48 77 74 
79 16 23 
100 27 34 
43 11 18 
32 82 8 
61 92 9 
33 29 10 
35 67 3 
57 1 76 
84 14 58 
95 59 84 
60 37 54 
66 45 86 
7 9 24 
92 97 8 
37 46 65 
91 71 22 
80 25 82 
19 95 5 
71 89 81 
40 55 21 
80 49 12 
75 56 24 
94 81 31 
27 52 44 
1 81 55 
5 80 71 
3 76 50 
36 55 59 
24 97 12 
63 87 36 
67 65 97 
18 96 5 
24 20 35 
70 46 97 
38 35 45 
18 93 79 
8 54 2 
90 74 26 
32 82 48 
17 21 81 
62 47 98 
13 23 38 
76 96 63 
65 83 43 
38 25 49 
66 56 8 
52 48 41 
68 80 34 
66 83 13 
22 32 15 
61 68 63 
88 8 85 
66 47 32 
90 10 11 
29 46 91 
38 90 94 
37 85 52 
65 82 74 
91 96 57 
2 51 57 
48 90 79 
92 15 42 
98 14 77 
69 88 22 
59 74 98 
3 90 46 
84 14 60 
39 53 30 
39 64 59 
74 47 53 
68 70 72 
83 30 20 
59 65 1 
90 21 23 
29 74 33 
95 81 5 
18 1 75 
32 43 33 
40 52 55 
13 27 81 
65 25 75 
87 81 18 
60 17 91 
24 63 57 
87 84 4 
69 97 45 
7 97 26 
82 68 6 
69 98 19 
49 56 16 
2 9 6 
82 36 63 
60 25 17 
67 99 27 
41 11 96 
46 4 34 
2 22 77 
13 67 84 
49 16 4 
63 24 45 
93 58 14 
64 80 98 
22 95 9 
100 45 33 
54 74 73 
3 45 81 
25 39 100 
27 67 33 
33 67 22 
58 49 51 
72 62 55 
40 39 16 
23 52 70 
8 64 54 
28 70 27 
63 86 45 
84 69 20 
57 39 11 
62 37 6 
24 92 8 
22 51 63 
63 50 25 
84 49 64 
94 37 90 
87 91 19 
3 69 65 
34 49 29 
62 17 36 
9 38 62 
10 49 51 
57 40 4 
10 8 85 
39 1 35 
13 4 42 
49 73 100 
12 77 42 
78 25 47 
75 53 46 
51 48 77 
83 71 33 
64 96 68 
43 5 32 
2 78 36 
78 5 50 
50 52 78 
6 11 91 
6 40 97 
80 26 59 
73 67 38 
100 89 92 
71 43 40 
7 65 30 
78 22 57 
20 13 22 
59 28 56 
1 59 12 
19 39 31 
91 64 78 
42 33 77 
48 69 60 
20 45 71 
88 86 100 
79 82 45 
85 72 39 
98 83 97 
43 94 20 
68 97 57 
99 26 10 
64 52 65 
71 33 96 
85 78 68 
46 40 7 
75 50 77 
24 7 46 
43 85 65 
8 16 89 
89 97 91 
33 35 85 
21 72 55 
85 80 81 
28 74 79 
57 9 89 
86 42 90 
37 19 34 
81 78 61 
60 96 73 
26 4 88 
31 17 66 
9 94 35 
49 89 53 
77 80 97 
37 82 87 
93 39 83 
66 24 41 
69 40 35 
78 44 42 
23 26 56 
69 96 94 
65 73 91 
89 68 60 
56 30 38 
92 81 19 
30 77 98 
76 75 61 
73 52 82 
94 39 60 
91 73 54 
93 90 48 
18 85 4 
21 74 35 
30 23 80 
66 28 76 
65 70 17 
95 42 80 
4 85 53 
11 88 22 
91 97 85 
79 63 75 
12 88 29 
24 41 65 
89 37 63 
9 67 25 
29 90 83 
66 53 94 
96 24 78 
75 93 30 
10 59 32 
61 65 19 
30 23 29 
53 91 31 
58 89 12 
28 37 81 
98 27 42 
56 85 84 
91 24 11 
60 98 86 
31 56 55 
44 2 84 
57 82 99 
30 49 4 
29 19 66 
64 48 47 
21 3 48 
57 45 100 
26 17 51 
16 9 23 
70 52 16 
29 47 83 
62 3 42 
76 84 36 
57 36 63 
75 96 64 
36 89 19 
78 76 80 
71 30 41 
43 26 22 
60 69 40 
1 56 44 
53 3 37 
17 38 56 
91 13 2 
41 78 25 
66 87 8 
49 61 11 
81 80 35 
2 72 49 
6 98 63 
7 29 61 
14 65 88 
20 40 65 
18 97 93 
86 46 40 
43 71 61 
26 25 82 
27 51 74 
48 100 82 
38 89 95 
42 31 5 
81 7 30 
18 1 13 
59 68 6 
31 26 96 
80 81 74 
66 15 37 
61 33 14 
1 51 67 
49 48 72 
93 92 64 
31 33 61 
71 10 24 
39 32 52 
45 28 56 
13 29 48 
53 18 61 
7 86 4 
24 94 40 
56 86 65 
94 61 32 
53 61 38 
15 18 73 
7 44 78 
6 26 85 
28 39 19 
98 41 40 
97 84 86 
17 35 51 
92 19 86 
34 59 60 
48 47 6 
80 48 51 
76 99 45 
71 97 75 
42 36 39 
46 95 92 
94 52 2 
100 5 93 
25 41 76 
7 32 91 
56 11 89 
11 42 10 
92 79 9 
37 21 33 
12 28 56 
14 53 95 
24 79 46 
70 34 49 
10 6 36 
31 49 45 
48 86 58 
35 75 22 
97 39 30 
35 80 86 
15 19 71 
56 7 26 
91 70 46 
67 96 57 
36 61 43 
60 4 1 
17 24 77 
75 93 72 
20 2 64 
60 70 32 
42 38 30 
64 86 41 
51 37 50 
38 82 12 
34 25 13 
64 31 26 
25 75 62 
56 30 25 
57 36 9 
5 75 61 
43 14 30 
18 14 98 
8 87 97 
93 97 43 
51 37 91 
64 86 94 
52 79 48 
90 2 33 
55 65 89 
2 84 20 
10 85 16 
22 29 61 
94 34 87 
37 20 26 
19 97 100 
14 88 75 
67 46 70 
51 6 91 
83 27 37 
47 64 95 
57 47 70 
75 8 93 
94 29 98 
37 30 8 
90 76 2 
60 23 70 
61 82 71 
22 80 20 
53 5 13 
77 84 7 
45 15 27 
72 36 96 
39 90 58 
43 5 82 
55 94 68 
24 22 1 
4 50 43 
33 62 80 
33 75 74 
8 36 10 
72 87 55 
50 20 25 
60 18 92 
51 41 89 
74 82 79 
3 85 7 
51 62 73 
45 89 78 
72 54 70 
83 80 66 
15 26 43 
49 84 93 
61 91 100 
49 56 8 
15 92 62 
2 68 72 
61 62 26 
22 10 66 
46 81 87 
9 63 77 
13 60 42 
1 36 30 
87 2 90 
90 5 35 
55 85 38 
2 20 18 
64 18 65 
6 7 19 
80 2 59 
78 77 7 
79 20 94 
51 96 92 
58 25 64 
68 14 86 
24 11 63 
56 81 43 
17 49 2 
32 53 39 
5 73 45 
27 79 56 
84 32 57 
71 70 21 
48 59 77 
36 14 78 
61 8 4 
67 99 3 
98 43 15 
73 3 20 
42 67 74 
100 35 97 
99 19 33 
55 16 50 
81 82 41 
97 98 47 
32 89 81 
94 91 85 
92 72 70 
14 66 72 
63 35 96 
3 28 2 
21 4 97 
8 3 32 
21 32 71 
22 39 13 
72 66 8 
52 48 11 
66 78 92 
8 94 32 
92 16 51 
40 7 53 
49 61 80 
89 61 67 
46 9 45 
3 68 23 
68 99 11 
6 71 8 
12 59 39 
37 34 31 
15 39 58 
54 25 9 
86 79 77 
42 20 90 
85 19 37 
99 21 5 
68 70 50 
1 44 7 
52 57 17 
6 68 64 
90 76 96 
88 50 84 
19 100 55 
57 90 96 
65 54 49 
40 89 76 
87 51 27 
4 64 15 
55 76 8 
20 2 39 
34 73 84 
97 52 34 
15 77 91 
81 23 27 
89 36 66 
7 42 54 
18 29 7 
37 100 80 
84 55 56 
2 22 6 
68 41 78 
63 73 92 
73 98 90 
96 46 8 
78 47 44 
66 58 99 
13 82 74 
96 61 12 
14 48 16 
89 66 32 
26 19 69 
86 25 71 
76 25 68 
53 88 93 
87 24 57 
2 59 40 
88 12 92 
24 51 30 
73 86 95 
89 19 14 
55 91 48 
6 78 69 
33 40 100 
69 36 18 
51 39 3 
93 44 20 
64 47 93 
85 19 80 
50 44 54 
95 99 43 
46 38 22 
21 8 80 
3 47 33 
88 98 35 
84 42 71 
45 40 56 
45 21 10 
17 47 33 
62 51 98 
86 37 77 
26 91 66 
77 33 70 
81 32 73 
75 50 39 
18 20 40 
65 76 43 
54 65 77 
53 37 13 
97 78 1 
6 26 91 
24 35 79 
57 11 48 
53 95 73 
6 88 71 
58 70 22 
66 48 21 
72 69 41 
8 44 92 
14 94 10 
77 65 69 
16 46 11 
8 86 99 
14 54 97 
79 14 20 
90 68 15 
91 33 35 
62 43 10 
38 22 15 
32 94 34 
52 17 60 
2 29 73 
98 45 49 
7 39 75 
43 56 46 
1 54 78 
34 45 54 
84 91 76 
4 14 90 
69 74 55 
35 5 95 
100 96 88 
54 44 77 
28 54 70 
41 13 59 
85 76 79 
21 43 99 
24 22 16 
71 67 96 
26 80 87 
66 2 39 
35 22 93 
64 27 32 
55 88 68 
28 45 41 
56 78 98 
73 31 23 
62 5 45 
95 53 7 
68 9 56 
43 89 30 
60 23 68 
22 86 95 
80 89 59 
54 30 85 
89 97 67 
23 29 73 
6 17 43 
13 36 97 
34 52 46 
28 95 39 
42 14 78 
80 94 13 
6 28 34 
87 84 10 
83 81 65 
89 40 98 
69 70 19 
82 88 97 
42 30 45 
26 98 93 
74 40 55 
34 40 44 
20 34 79 
42 17 53 
11 32 1 
71 27 2 
77 71 53 
63 12 50 
63 76 29 
24 7 85 
5 52 32 
19 40 46 
46 34 54 
67 51 55 
70 92 35 
46 53 7 
27 68 60 
42 55 7 
91 5 98 
80 100 17 
60 24 16 
2 53 67 
81 51 79 
80 93 81 
53 90 85 
59 46 11 
13 19 40 
54 12 71 
12 94 23 
62 36 14 
25 17 70 
8 30 34 
15 22 16 
76 45 8 
21 52 8 
68 42 35 
100 34 1 
68 50 12 
11 5 44 
15 33 99 
68 43 94 
71 50 68 
59 28 50 
3 54 95 
59 68 38 
22 96 17 
27 10 95 
84 16 53 
98 40 45 
20 79 45 
92 49 28 
24 12 17 
97 52 33 
19 47 43 
51 74 85 
1 68 24 
69 64 92 
40 8 47 
28 25 65 
92 17 29 
5 97 33 
46 3 42 
80 37 93 
26 1 95 
13 18 43 
76 91 94 
44 90 15 
54 42 45 
93 9 56 
90 11 13 
23 68 73 
94 4 61 
72 21 37 
29 42 98 
54 70 86 
64 50 97 
76 74 56 
28 43 75 
18 15 4 
66 1 99 
22 55 58 
46 49 65 
45 11 14 
2 24 98 
21 65 18 
19 8 78 
86 89 95 
44 58 60 
73 97 90 
5 97 14 
25 93 71 
100 17 96 
99 100 12 
18 81 63 
98 74 40 
67 26 58 
77 67 47 
63 70 89 
66 12 93 
61 25 100 
18 63 73 
75 49 23 
11 39 33 
16 70 7 
70 24 31 
3 56 80 
77 43 69 
73 14 69 
34 4 75 
49 56 44 
30 16 3 
64 100 21 
86 48 16 
16 74 34 
34 52 88 
26 24 25 
19 16 49 
54 29 20 
87 74 80 
43 88 13 
71 41 14 
38 61 73 
49 62 25 
11 60 43 
74 10 97 
52 54 49 
47 50 24 
59 79 45 
62 76 56 
99 89 37 
78 18 54 
62 100 21 
35 32 38 
79 27 40 
55 59 74 
24 31 45 
97 57 12 
65 7 55 
98 2 77 
64 97 22 
43 6 32 
72 88 65 
29 16 74 
95 48 96 
99 52 59 
21 75 3 
30 36 71 
57 21 83 
31 43 40 
26 42 6 
12 55 16 
11 48 59 
25 20 51 
80 58 45 
66 19 43 
57 70 66 
72 45 97 
85 96 91 
61 4 28 
87 27 41 
44 31 50 
92 53 4 
74 58 10 
34 22 87 
67 41 3 
59 54 70 
94 62 10 
77 21 9 
61 36 98 
62 78 43 
23 82 99 
44 32 94 
97 36 81 
86 42 100 
8 23 2 
98 28 43 
81 70 5 
9 45 40 
22 63 61 
73 47 87 
49 79 37 
15 66 19 
64 93 7 
61 24 39 
33 73 84 
27 1 87 
37 51 52 
66 93 3 
74 99 14 
48 12 39 
91 97 62 
68 38 93 
72 17 6 
100 96 82 
46 19 50 
88 52 60 
48 28 61 
66 70 3 
94 40 51 
32 29 94 
26 47 29 
50 3 37 
28 88 26 
62 75 13 
45 99 21 
61 4 10 
14 16 17 
44 35 56 
95 47 17 
86 42 98 
43 16 10 
16 13 51 
17 6 92 
79 82 30 
93 97 35 
57 75 69 
44 74 25 
24 70 86 
100 96 51 
20 66 26 
31 46 57 
84 1 65 
75 13 88 
90 76 56 
31 14 32 
11 98 56 
2 48 23 
46 1 39 
3 44 11 
36 38 63 
11 6 22 
58 83 66 
56 45 72 
79 1 37 
95 39 85 
8 49 86 
96 50 32 
68 83 97 
22 54 2 
30 22 94 
51 36 73 
16 97 7 
28 60 24 
15 7 36 
70 32 19 
66 55 57 
52 56 75 
66 46 96 
96 56 39 
21 32 72 
22 93 16 
19 1 36 
23 87 9 
40 63 60 
98 44 40 
58 38 87 
87 2 40 
58 11 83 
85 79 40 
22 2 33 
40 76 90 
99 55 21 
59 63 94 
54 33 62 
20 40 51 
48 6 28 
46 14 49 
31 58 20 
9 69 61 
61 35 1 
78 56 14 
8 4 10 
13 49 26 
56 11 16 
61 9 75 
100 37 98 
94 20 91 
22 100 83 
99 63 55 
64 91 60 
89 22 16 
47 26 53 
57 2 37 
93 34 56 
29 26 51 
66 22 45 
72 98 96 
14 97 91 
1 69 28 
83 70 73 
96 86 18 
25 34 64 
85 80 71 
13 39 17 
70 87 57 
10 39 11 
62 61 93 
92 98 72 
36 33 78 
82 60 3 
19 98 85 
99 79 64 
49 32 76 
58 10 81 
3 44 86 
62 58 85 
69 78 9 
68 5 46 
25 4 74 
71 82 21 
83 75 29 
80 40 88 
33 22 39 
68 38 41 
26 54 48 
66 40 14 
75 68 88 
1 21 15 
63 20 91 
31 66 29 
17 24 61 
19 67 11 
58 51 29 
18 38 48 
52 85 17 
21 92 56 
22 92 13 
12 46 26 
7 87 11 
15 55 5 
30 15 18 
42 91 50 
8 3 62 
14 3 6 
69 59 80 
56 33 11 
67 93 36 
16 75 30 
23 27 20 
64 71 73 
9 80 85 
46 24 60 
37 41 75 
29 33 89 
72 21 88 
1 4 3 
80 54 15 
95 100 98 
17 71 9 
4 73 50 
69 58 87 
48 97 92 
84 90 51 
92 50 43 
29 39 65 
8 71 58 
56 17 98 
23 69 29 
70 74 83 
15 37 40 
77 32 59 
29 78 63 
42 94 32 
74 91 85 
38 22 53 
77 62 1 
53 63 44 
86 76 5 
42 26 19 
50 34 29 
1 61 88 
44 34 18 
81 72 63 
93 44 33 
14 11 82 
46 47 67 
42 50 97 
32 54 86 
85 49 30 
96 28 83 
59 86 35 
35 67 62 
83 16 23 
10 1 98 
61 12 32 
85 78 74 
25 78 74 
36 80 76 
99 21 8 
2 27 83 
32 1 94 
8 77 92 
58 25 79 
14 40 68 
92 77 62 
13 98 20 
85 67 80 
18 49 8 
22 6 59 
73 74 8 
22 49 13 
80 93 59 
100 36 16 
23 76 58 
53 70 76 
40 45 21 
99 18 11 
58 76 66 
67 55 14 
25 97 69 
57 82 98 
64 15 100 
21 88 33 
58 38 54 
77 72 9 
2 52 88 
87 56 43 
1 70 18 
61 49 92 
77 31 30 
30 36 7 
14 75 6 
53 72 52 
61 29 26 
80 27 55 
84 41 100 
20 45 98 
85 20 77 
46 43 30 
27 66 12 
67 9 97 
4 78 69 
68 52 45 
26 33 99 
98 76 50 
45 49 96 
36 43 13 
59 5 56 
27 59 32 
18 36 20 
54 26 34 
17 36 33 
27 92 87 
31 27 44 
25 7 69 
1 62 51 
20 13 58 
94 96 29 
58 27 91 
61 16 79 
85 14 35 
87 37 27 
65 12 57 
81 28 4 
55 52 64 
88 62 6 
59 34 81 
63 78 58 
97 82 77 
86 8 71 
18 63 2 
60 1 97 
67 84 80 
8 22 19 
41 60 49 
69 3 54 
35 70 59 
95 34 50 
100 57 72 
18 95 35 
62 27 70 
48 23 11 
57 19 44 
15 70 82 
41 33 45 
5 88 15 
58 70 100 
67 1 48 
14 84 9 
35 85 58 
56 25 81 
24 82 96 
32 96 28 
46 55 1 
43 62 82 
20 39 16 
29 39 20 
51 31 38 
14 33 54 
2 21 50 
78 58 25 
3 46 23 
22 48 13 
90 98 84 
76 35 36 
9 95 44 
43 41 56 
37 52 12 
4 35 22 
51 66 61 
13 3 81 
21 85 92 
33 11 86 
74 6 82 
1 38 56 
49 30 90 
27 66 8 
77 37 66 
99 79 68 
96 62 52 
16 38 28 
74 1 78 
73 70 82 
97 44 43 
55 52 31 
44 52 35 
6 45 42 
20 4 29 
8 21 79 
67 11 91 
63 77 85 
17 96 1 
100 40 68 
41 55 45 
61 96 70 
34 86 25 
20 90 85 
3 74 19 
89 98 57 
1 46 93 
29 5 74 
36 49 42 
87 43 85 
5 49 96 
17 1 9 
51 56 95 
21 29 72 
67 49 97 
47 90 31 
2 89 40 
37 34 89 
37 32 38 
17 80 25 
8 4 86 
79 69 34 
26 90 46 
90 19 15 
34 65 26 
16 55 65 
17 47 52 
45 72 14 
34 89 48 
74 78 71 
74 75 76 
89 67 15 
58 29 90 
66 95 8 
89 57 65 
67 85 35 
61 29 25 
6 35 30 
10 39 71 
75 36 53 
94 86 51 
72 60 96 
11 82 3 
58 43 71 
68 2 85 
46 45 89 
48 9 80 
55 54 43 
24 86 30 
35 56 53 
63 36 66 
62 67 20 
25 2 13 
71 15 93 
11 84 82 
85 43 4 
20 25 45 
28 25 41 
31 66 8 
11 100 30 
61 97 62 
66 27 98 
13 24 61 
29 49 87 
15 41 16 
33 30 2 
2 56 52 
17 66 2 
12 84 45 
80 75 89 
81 18 34 
29 58 31 
57 6 91 
31 87 57 
14 69 5 
17 29 31 
5 29 83 
100 96 25 
21 38 39 
35 58 78 
60 69 58 
14 96 68 
2 45 93 
94 3 6 
72 14 70 
23 35 28 
77 78 91 
65 60 81 
30 78 39 
37 92 94 
99 22 11 
10 48 63 
32 82 22 
90 10 18 
11 43 38 
91 11 79 
46 55 80 
31 46 68 
98 38 46 
73 44 63 
100 39 12 
28 44 98 
100 42 46 
80 18 90 
12 38 69 
92 37 17 
64 40 11 
5 82 33 
22 86 65 
34 64 88 
61 7 24 
53 72 47 
54 2 24 
80 53 90 
65 47 86 
6 35 56 
83 43 73 
37 40 75 
62 81 12 
79 75 74 
26 46 5 
59 52 3 
18 13 63 
76 2 44 
70 80 65 
43 54 66 
49 57 60 
13 30 85 
21 55 25 
51 44 30 
31 49 32 
40 24 53 
12 88 20 
17 14 2 
18 53 70 
83 71 82 
69 3 95 
66 64 78 
98 24 84 
2 77 50 
27 59 89 
57 25 19 
37 74 7 
63 40 31 
15 32 12 
47 65 73 
22 33 11 
98 51 35 
74 47 95 
5 95 38 
27 6 84 
77 84 26 
97 39 20 
62 47 63 
40 14 96 
49 69 68 
66 17 88 
25 70 76 
19 10 11 
72 99 38 
43 73 14 
34 29 24 
3 85 19 
25 21 1 
16 62 55 
50 55 58 
64 83 37 
60 84 83 
84 100 56 
45 20 27 
71 29 12 
41 98 96 
27 89 44 
76 13 7 
47 16 13 
22 59 5 
36 8 43 
56 12 13 
57 8 38 
52 6 77 
9 96 34 
35 52 69 
56 64 90 
93 92 86 
70 35 98 
15 96 100 
90 10 16 
15 11 64 
74 95 2 
77 83 99 
24 32 22 
1 27 56 
58 70 66 
99 85 10 
94 54 25 
81 67 74 
62 42 65 
74 47 41 
54 28 13 
92 98 37 
59 31 48 
81 36 26 
52 50 47 
44 46 51 
73 67 7 
62 75 65 
50 58 77 
63 61 67 
92 24 36 
97 99 5 
46 38 80 
43 70 71 
95 72 97 
36 45 100 
80 14 52 
50 32 81 
75 49 82 
95 55 47 
27 78 35 
23 82 1 
18 92 5 
46 10 36 
59 69 27 
91 32 97 
32 36 76 
19 39 99 
26 1 7 
37 45 14 
46 13 43 
74 50 8 
97 1 80 
31 4 14 
14 93 33 
26 68 8 
16 35 21 
24 86 31 
76 43 41 
8 39 87 
29 60 23 
39 83 64 
89 64 20 
57 77 3 
8 28 24 
93 86 74 
38 60 32 
33 60 12 
13 35 31 
81 60 82 
64 42 91 
48 86 83 
5 64 21 
89 14 65 
77 68 48 
71 27 23 
30 44 92 
96 84 19 
48 54 6 
97 78 29 
90 47 70 
36 43 19 
77 14 94 
19 47 28 
21 35 42 
42 89 83 
68 49 4 
17 20 15 
43 62 52 
29 4 66 
69 43 74 
92 53 8 
57 26 22 
11 52 28 
58 61 34 
78 69 75 
8 71 84 
85 4 78 
69 33 14 
22 13 42 
3 81 86 
40 17 43 
9 32 25 
81 26 68 
63 69 16 
27 62 58 
42 56 40 
65 83 15 
55 35 53 
57 89 25 
57 56 63 
77 29 15 
63 27 35 
78 18 99 
53 66 61 
2 13 77 
60 81 86 
100 17 65 
2 67 65 
43 47 34 
87 84 5 
11 39 81 
62 38 18 
89 28 26 
13 97 90 
1 57 18 
50 18 11 
91 70 42 
73 30 24 
31 68 84 
5 42 14 
3 98 94 
58 15 53 
17 79 92 
78 2 43 
74 82 54 
19 63 8 
94 3 93 
4 29 8 
28 60 40 
48 37 43 
54 60 96 
58 76 87 
99 48 32 
97 56 83 
33 41 6 
99 5 80 
41 72 58 
28 43 51 
24 59 15 
55 23 98 
90 63 56 
74 86 84 
70 47 44 
70 39 75 
69 56 21 
51 42 49 
86 2 52 
12 29 99 
48 98 86 
96 43 7 
31 23 69 
50 4 10 
45 56 31 
50 2 16 
61 75 62 
39 69 84 
20 7 97 
27 33 2 
68 83 23 
73 96 58 
36 48 85 
6 84 37 
24 8 100 
21 66 62 
45 33 49 
48 64 99 
62 1 30 
66 18 46 
9 41 76 
29 39 98 
6 66 35 
47 14 5 
59 54 40 
34 28 41 
33 68 30 
21 17 70 
1 44 85 
62 96 92 
55 1 98 
9 47 32 
92 29 74 
34 97 14 
18 33 85 
69 48 44 
18 29 10 
76 7 68 
19 70 84 
62 37 29 
91 68 55 
86 100 64 
85 37 2 
43 90 34 
97 79 68 
34 10 38 
23 71 100 
43 77 98 
78 58 56 
30 47 75 
85 73 63 
87 52 5 
87 34 46 
22 84 94 
37 78 5 
22 42 70 
72 19 27 
48 32 47 
29 51 7 
97 81 26 
51 33 32 
70 51 24 
13 78 87 
89 60 18 
42 94 38 
60 58 4 
87 100 22 
50 8 90 
56 22 72 
21 48 88 
17 59 33 
37 65 60 
52 1 89 
83 11 76 
89 67 18 
43 23 30 
3 52 17 
77 43 84 
61 52 92 
15 46 24 
16 59 18 
75 8 95 
41 43 39 
18 100 23 
50 32 16 
60 83 21 
90 69 38 
52 29 48 
78 25 49 
79 89 26 
8 24 47 
23 56 44 
11 54 87 
77 11 17 
74 54 4 
21 55 13 
13 89 46 
81 42 79 
93 41 99 
46 49 11 
93 92 81 
95 74 96 
4 52 32 
86 16 72 
37 14 5 
33 57 96 
25 24 82 
67 40 17 
79 40 36 
79 75 89 
64 11 43 
68 63 87 
6 27 33 
36 47 30 
92 53 36 
25 79 81 
39 100 62 
42 95 78 
20 31 70 
20 12 52 
100 76 25 
19 100 17 
99 61 32 
46 6 53 
19 1 95 
100 40 71 
12 51 7 
25 58 96 
18 82 7 
29 86 57 
53 71 3 
74 25 56 
77 84 69 
22 21 100 
17 42 72 
34 45 48 
40 84 9 
65 21 43 
44 13 42 
37 95 33 
81 18 33 
85 74 89 
10 21 50 
89 23 30 
43 2 80 
52 49 61 
75 36 11 
95 47 62 
53 57 19 
91 44 25 
30 38 48 
85 42 28 
62 37 36 
81 23 18 
19 95 67 
65 50 38 
68 53 25 
5 71 54 
6 95 74 
81 31 28 
21 81 49 
99 39 100 
72 88 23 
24 27 33 
21 33 53 
56 96 73 
17 59 8 
63 34 2 
7 27 21 
93 8 86 
58 28 45 
13 5 20 
18 38 42 
29 98 58 
94 64 40 
3 41 68 
2 5 40 
20 97 70 
8 92 64 
74 97 37 
79 66 27 
66 29 81 
45 53 50 
62 23 87 
39 43 24 
15 92 100 
84 91 80 
89 54 65 
78 28 49 
4 56 95 
6 84 26 
38 45 29 
48 84 92 
4 86 56 
70 1 37 
47 24 4 
58 65 80 
10 14 24 
67 39 35 
87 15 83 
57 51 4 
2 46 9 
64 33 4 
60 71 31 
42 19 79 
30 52 31 
12 58 1 
60 25 68 
45 56 43 
30 14 38 
9 51 92 
51 91 45 
89 11 70 
26 64 25 
90 10 76 
27 37 86 
19 12 27 
54 82 95 
4 55 99 
96 32 49 
24 83 66 
9 42 65 
4 8 27 
18 6 59 
21 92 87 
21 25 29 
12 96 15 
66 78 4 
65 36 20 
58 68 28 
32 11 84 
86 78 18 
22 85 65 
96 78 17 
74 97 44 
84 33 74 
6 25 54 
85 31 17 
6 32 89 
70 34 37 
4 9 13 
90 97 31 
27 11 100 
1 81 54 
68 18 69 
19 89 100 
92 55 3 
78 51 31 
29 68 16 
68 87 26 
9 80 17 
71 68 93 
51 76 81 
88 65 23 
62 52 66 
75 93 4 
69 87 60 
90 72 50 
93 97 66 
81 27 90 
90 74 2 
25 6 15 
13 80 91 
28 38 65 
73 14 99 
71 10 35 
74 20 66 
66 9 99 
44 75 71 
46 44 31 
88 19 61 
23 32 92 
23 54 52 
42 53 86 
4 68 27 
55 83 5 
56 22 92 
18 10 32 
12 1 63 
72 19 5 
64 39 65 
24 86 67 
11 63 12 
41 14 7 
13 43 71 
99 84 25 
23 9 46 
34 90 77 
57 81 87 
51 63 57 
10 42 65 
56 32 27 
65 50 31 
58 100 82 
96 98 47 
11 71 12 
47 24 72 
73 1 32 
57 51 83 
58 48 66 
78 25 88 
66 40 2 
7 58 3 
96 44 85 
47 55 93 
95 13 91 
3 95 33 
70 33 94 
56 9 39 
45 31 21 
98 25 51 
76 84 33 
97 75 83 
40 32 20 
24 52 9 
40 52 19 
18 1 65 
91 36 20 
64 13 68 
15 47 71 
64 52 31 
14 78 87 
22 97 17 
90 91 64 
17 97 77 
10 28 19 
44 43 38 
45 23 3 
49 59 95 
3 66 17 
25 2 63 
37 1 12 
20 16 23 
18 72 43 
98 97 88 
7 97 15 
32 78 8 
64 98 59 
52 79 95 
13 67 17 
17 69 62 
45 2 21 
15 11 95 
59 84 76 
26 22 41 
39 70 85 
58 67 100 
31 77 50 
5 75 36 
27 41 100 
70 1 31 
54 80 99 
87 83 44 
71 94 56 
31 18 23 
27 33 5 
22 25 31 
72 82 2 
40 20 59 
13 31 63 
6 91 89 
70 58 82 
57 40 25 
15 66 2 
11 48 78 
76 22 15 
36 41 91 
30 73 83 
32 17 35 
15 54 97 
64 48 18 
2 49 88 
60 90 50 
24 6 88 
83 46 17 
19 6 14 
6 9 7 
24 88 37 
8 41 26 
100 37 75 
4 96 76 
61 88 67 
16 88 12 
65 38 17 
20 45 69 
77 74 24 
60 49 85 
61 54 63 
21 57 96 
41 6 8 
19 41 48 
12 1 70 
91 14 19 
23 73 86 
71 29 94 
58 48 26 
95 41 60 
21 80 39 
39 80 27 
32 41 10 
31 5 93 
96 83 41 
10 94 40 
97 11 78 
53 83 99 
55 37 29 
40 79 54 
42 73 83 
42 52 38 
66 85 83 
25 27 4 
20 14 67 
3 71 65 
71 19 49 
7 20 9 
23 64 10 
100 39 1 
82 60 56 
46 96 73 
48 54 87 
64 96 30 
20 64 27 
35 49 87 
28 75 24 
18 22 34 
89 98 68 
67 76 79 
98 71 77 
5 59 73 
29 14 44 
98 56 100 
78 76 54 
24 66 12 
83 89 67 
99 90 2 
75 42 49 
72 75 48 
78 93 27 
99 2 57 
57 15 86 
96 99 44 
2 38 72 
52 54 82 
70 77 87 
79 11 82 
44 43 14 
53 25 11 
28 35 72 
69 66 92 
3 97 5 
42 82 74 
82 12 84 
26 84 11 
73 16 10 
86 55 4 
22 28 79 
91 28 25 
79 75 94 
49 58 59 
74 54 48 
20 93 64 
54 87 59 
22 50 97 
32 52 1 
97 58 78 
64 45 83 
43 88 45 
1 73 76 
27 72 58 
35 7 97 
70 42 7 
48 80 91 
81 41 26 
97 58 30 
66 24 45 
15 69 18 
13 2 88 
52 19 53 
21 58 32 
96 94 98 
15 6 80 
47 77 24 
30 78 87 
79 8 38 
21 12 78 
99 20 3 
99 100 83 
2 41 79 
93 90 47 
28 23 87 
27 65 20 
95 86 42 
47 58 89 
63 33 86 
20 96 26 
66 43 71 
11 72 47 
83 39 28 
95 81 31 
81 12 78 
40 24 8 
71 20 31 
25 32 63 
68 75 42 
89 55 88 
71 74 7 
24 82 95 
76 89 46 
41 20 43 
14 54 94 
93 95 100 
95 46 27 
37 30 96 
80 10 55 
13 3 22 
60 12 23 
45 30 95 
15 28 22 
10 11 73 
30 84 96 
18 35 28 
68 38 31 
17 15 29 
69 48 7 
29 62 49 
63 35 26 
85 36 69 
62 23 7 
11 33 77 
37 77 30 
85 19 100 
68 69 72 
1 5 27 
34 64 60 
13 9 95 
83 31 17 
47 13 7 
46 55 24 
44 12 47 
38 47 70 
85 76 52 
18 60 33 
88 58 32 
53 64 43 
41 27 53 
76 77 98 
18 41 67 
32 41 2 
46 29 89 
80 46 89 
9 100 62 
28 77 79 
24 8 7 
92 5 48 
58 54 53 
45 79 19 
25 80 3 
88 42 48 
15 74 1 
87 43 25 
35 81 61 
50 91 83 
38 75 68 
92 22 46 
30 41 68 
77 73 71 
79 97 94 
29 17 60 
42 49 12 
89 62 98 
84 5 57 
27 50 44 
14 100 11 
46 55 67 
30 55 74 
40 4 31 
16 40 66 
72 28 88 
97 39 18 
31 87 11 
44 18 36 
56 36 6 
70 99 66 
35 19 41 
37 28 22 
65 9 71 
47 94 76 
83 33 47 
22 60 50 
44 40 8 
40 32 43 
99 9 23 
67 13 43 
100 73 45 
43 6 74 
8 32 14 
71 81 83 
28 83 88 
49 55 68 
20 76 54 
41 5 47 
89 25 98 
16 87 63 
3 2 48 
72 74 54 
72 80 28 
74 94 100 
90 19 73 
30 25 31 
23 36 65 
86 75 1 
24 2 64 
91 78 97 
67 100 79 
90 67 44 
93 6 43 
68 90 93 
27 29 61 
76 24 16 
42 77 39 
61 20 72 
71 5 23 
79 88 3 
13 25 62 
70 82 68 
31 92 90 
91 90 95 
31 74 16 
12 87 68 
2 16 26 
32 74 46 
11 81 86 
74 51 55 
49 81 66 
12 33 64 
88 83 100 
86 39 9 
59 54 52 
72 89 81 
8 31 71 
61 56 81 
57 41 6 
9 96 8 
24 35 7 
21 91 53 
92 26 42 
55 59 89 
4 1 51 
84 55 68 
84 100 79 
19 15 3 
50 15 2 
69 19 55 
16 49 29 
6 38 54 
85 36 89 
62 97 6 
12 67 20 
57 85 10 
40 24 78 
45 15 33 
91 74 61 
14 42 3 
26 15 3 
66 97 46 
100 31 16 
64 98 29 
90 40 72 
66 71 77 
62 97 66 
3 55 42 
59 97 20 
30 59 27 
72 93 1 
100 18 67 
26 69 68 
24 11 64 
72 82 31 
49 26 61 
3 70 60 
88 52 23 
92 44 21 
72 35 19 
48 93 71 
84 55 49 
10 55 9 
24 62 89 
96 5 60 
60 4 61 
4 1 62 
70 52 15 
49 20 50 
45 80 41 
34 44 98 
90 71 42 
20 46 68 
100 43 65 
96 87 66 
64 93 26 
54 34 20 
31 58 34 
23 1 66 
21 16 85 
42 53 7 
39 41 33 
37 89 84 
81 69 14 
35 62 53 
23 69 64 
17 97 21 
51 98 54 
54 56 5 
68 34 20 
26 100 62 
70 93 3 
51 86 62 
31 49 21 
72 11 2 
21 38 81 
72 47 82 
46 3 72 
13 3 69 
61 21 3 
35 59 20 
6 48 13 
15 72 51 
32 44 70 
85 28 78 
83 74 59 
39 79 83 
59 61 56 
50 6 32 
26 69 6 
64 43 40 
36 34 77 
95 32 89 
53 52 83 
65 100 76 
22 89 35 
10 44 18 
66 99 62 
69 5 41 
7 48 16 
79 21 37 
98 29 18 
56 53 92 
67 5 97 
95 39 56 
66 56 45 
47 10 13 
77 16 93 
36 43 85 
73 45 72 
33 93 11 
24 89 82 
34 17 2 
68 1 93 
83 40 28 
50 28 1 
50 67 89 
96 98 3 
99 42 29 
45 58 73 
3 85 20 
87 36 91 
16 57 55 
63 84 78 
99 29 59 
89 66 37 
25 79 97 
96 81 37 
8 64 9 
18 92 2 
74 59 33 
93 42 91 
23 8 63 
15 47 63 
18 51 96 
33 94 3 
63 32 10 
83 19 73 
22 79 50 
17 2 64 
37 61 48 
60 62 16 
54 44 19 
18 81 58 
2 60 31 
75 46 96 
82 30 59 
27 67 79 
30 26 23 
53 95 75 
49 92 93 
2 82 79 
22 84 83 
73 68 3 
77 88 8 
66 24 47 
36 74 100 
79 76 75 
28 38 12 
93 25 87 
81 89 48 
19 74 7 
21 37 70 
17 50 52 
54 9 27 
82 69 22 
23 81 52 
42 50 47 
63 83 9 
46 79 81 
21 18 23 
32 34 89 
54 82 88 
42 48 64 
14 97 11 
69 95 14 
53 57 12 
2 100 25 
49 45 62 
67 53 80 
7 4 9 
14 100 50 
76 72 6 
76 16 36 
47 36 84 
29 36 7 
24 78 32 
29 93 66 
16 59 17 
87 50 24 
27 7 100 
62 27 79 
66 57 23 
53 90 15 
62 33 8 
78 57 82 
49 53 21 
88 82 35 
27 43 34 
100 69 44 
39 92 60 
83 38 10 
4 62 82 
47 10 21 
69 24 45 
69 73 90 
62 57 71 
40 35 8 
4 9 37 
7 26 83 
59 53 36 
18 36 70 
60 51 59 
29 51 97 
58 86 27 
27 29 57 
45 74 17 
17 79 52 
79 80 22 
56 13 90 
36 95 7 
85 46 14 
23 83 87 
11 59 37 
47 61 95 
25 52 39 
65 37 24 
80 10 61 
62 5 87 
16 18 79 
16 19 79 
38 92 100 
25 27 62 
100 21 93 
68 49 97 
30 80 9 
80 16 84 
30 74 2 
42 53 78 
55 69 77 
19 18 22 
57 2 34 
33 73 25 
24 88 39 
86 51 11 
81 52 71 
99 9 2 
34 12 32 
88 63 12 
80 48 33 
64 1 30 
28 41 65 
27 49 33 
88 55 52 
15 14 4 
41 9 95 
79 68 26 
17 49 69 
31 66 9 
27 15 97 
53 61 55 
82 60 26 
72 40 14 
39 71 51 
77 53 84 
97 99 58 
66 11 87 
78 89 34 
56 15 17 
69 34 28 
7 41 85 
8 85 7 
8 58 10 
99 33 51 
33 52 65 
4 74 44 
71 24 25 
60 89 74 
66 52 40 
56 61 96 
59 12 71 
65 78 17 
41 35 45 
32 84 46 
85 89 69 
33 80 30 
73 93 25 
53 33 15 
15 90 88 
88 58 39 
42 90 32 
86 70 17 
57 46 40 
48 39 9 
21 53 50 
85 36 42 
24 53 86 
18 100 62 
49 25 79 
4 55 58 
14 73 77 
25 44 24 
86 72 68 
77 69 73 
75 99 44 
75 3 59 
45 30 77 
41 52 55 
14 51 96 
60 18 62 
42 71 58 
38 53 34 
63 31 33 
30 16 2 
79 71 61 
64 44 76 
41 38 50 
66 51 18 
91 31 25 
72 12 31 
23 67 72 
94 27 96 
48 43 40 
95 32 46 
86 20 73 
26 55 59 
62 97 22 
31 25 47 
38 33 84 
12 24 45 
1 85 87 
95 41 87 
68 34 36 
2 20 4 
53 73 84 
58 43 10 
58 32 65 
78 27 54 
34 10 45 
24 79 59 
19 8 95 
72 17 3 
85 49 80 
59 44 36 
62 93 63 
31 43 51 
99 72 80 
87 84 51 
46 39 55 
79 4 14 
68 48 16 
42 81 56 
30 49 39 
76 44 13 
25 27 31 
24 20 18 
65 49 95 
98 80 21 
65 41 45 
24 34 89 
92 38 42 
74 75 73 
44 92 69 
46 54 66 
99 48 55 
98 37 42 
29 56 75 
14 6 94 
70 67 97 
8 95 70 
71 50 97 
62 31 24 
14 63 24 
78 52 43 
60 36 76 
67 80 86 
85 65 78 
95 32 98 
31 27 21 
62 22 10 
76 10 80 
2 33 12 
71 24 44 
33 66 25 
39 53 95 
31 68 65 
93 90 98 
13 67 34 
84 12 68 
24 80 68 
99 43 26 
5 11 18 
44 88 38 
47 73 53 
4 55 21 
82 91 8 
43 11 73 
24 20 1 
45 16 21 
11 57 78 
66 68 30 
7 60 73 
64 85 58 
41 23 78 
70 29 38 
12 84 88 
17 8 15 
65 71 61 
44 94 26 
89 7 18 
64 85 82 
80 50 4 
66 67 29 
34 84 47 
38 93 25 
9 86 84 
68 41 96 
73 2 94 
31 55 99 
1 42 64 
20 99 77 
80 63 25 
5 39 34 
40 62 80 
13 3 8 
85 48 28 
23 18 32 
72 74 21 
64 100 55 
22 53 98 
46 47 83 
27 53 98 
37 44 64 
43 100 56 
47 65 90 
47 39 77 
32 4 75 
98 77 37 
24 49 32 
75 94 34 
2 10 50 
19 17 93 
10 86 24 
19 28 2 
4 47 35 
37 87 96 
78 47 5 
74 32 93 
12 44 6 
63 3 69 
4 34 100 
54 79 26 
53 58 94 
90 91 36 
26 35 23 
6 80 83 
66 3 91 
31 46 97 
93 53 1 
9 88 78 
15 4 55 
95 85 86 
66 12 71 
51 95 100 
62 27 15 
81 27 28 
95 54 39 
33 37 62 
32 84 7 
69 44 47 
69 19 40 
29 95 74 
12 84 9 
46 79 86 
46 3 36 
27 94 20 
89 61 66 
34 96 4 
28 8 59 
73 6 63 
91 92 88 
59 64 12 
64 45 78 
95 84 31 
97 9 44 
90 39 91 
92 36 16 
51 100 2 
18 32 25 
53 70 100 
6 46 94 
66 10 56 
8 29 21 
59 23 81 
3 53 66 
76 44 39 
82 48 56 
63 94 69 
24 35 3 
69 88 11 
27 50 47 
49 56 55 
34 51 78 
91 71 3 
11 47 83 
56 4 32 
17 99 75 
25 55 68 
65 6 41 
64 51 52 
88 47 43 
24 63 88 
92 83 27 
63 26 32 
42 41 82 
92 95 100 
45 54 49 
94 46 47 
33 34 44 
57 2 20 
65 18 93 
35 11 59 
21 64 12 
20 82 80 
18 24 60 
9 26 50 
79 20 65 
41 88 25 
9 19 50 
53 79 52 
13 100 83 
44 76 56 
26 76 85 
37 30 25 
45 10 60 
12 59 38 
71 78 14 
1 47 44 
60 85 50 
9 65 6 
69 49 2 
23 86 61 
98 82 77 
97 43 47 
82 58 63 
39 34 49 
3 73 83 
94 47 9 
87 34 40 
20 41 12 
56 98 29 
85 34 5 
29 86 22 
6 53 96 
6 50 84 
68 22 86 
66 34 54 
33 93 64 
3 9 99 
2 92 70 
9 95 70 
43 91 57 
75 77 11 
27 84 93 
90 22 19 
38 3 84 
9 98 65 
33 1 29 
89 86 17 
75 95 65 
4 11 37 
82 99 98 
78 71 84 
45 50 38 
85 28 69 
79 13 75 
58 5 57 
90 4 75 
95 55 79 
77 44 95 
48 8 39 
35 97 76 
41 60 13 
6 3 86 
21 23 38 
81 28 36 
76 37 70 
32 41 54 
27 55 32 
10 49 24 
44 73 37 
9 21 81 
69 94 49 
81 74 52 
15 49 85 
60 32 62 
57 72 32 
11 30 48 
29 27 49 
15 20 12 
14 48 12 
89 14 29 
28 17 95 
85 70 33 
76 55 95 
30 15 26 
9 32 92 
50 23 10 
29 11 27 
76 46 33 
30 84 25 
93 54 46 
13 33 8 
71 97 48 
3 67 2 
79 48 71 
27 7 65 
19 65 30 
99 49 24 
7 82 10 
19 28 42 
65 33 38 
84 66 90 
87 77 83 
32 9 78 
81 29 46 
24 42 5 
78 2 61 
80 48 82 
3 20 18 
80 94 59 
15 33 20 
71 65 80 
96 59 45 
27 86 7 
99 62 83 
34 67 8 
5 63 60 
10 52 80 
51 30 77 
25 43 96 
46 93 75 
52 78 64 
77 65 33 
61 62 24 
81 27 32 
39 50 44 
62 7 20 
57 28 22 
3 31 54 
48 5 31 
33 58 5 
31 69 82 
92 84 23 
15 75 86 
12 62 3 
95 99 73 
23 36 68 
37 45 43 
33 75 67 
20 75 35 
38 76 54 
8 48 78 
90 4 25 
46 2 95 
27 5 75 
78 15 88 
10 43 65 
6 50 96 
23 75 1 
64 31 91 
89 67 43 
10 90 88 
75 45 32 
57 81 38 
19 48 5 
42 86 67 
7 15 99 
18 25 77 
1 28 25 
22 68 23 
22 96 68 
20 43 96 
63 94 66 
1 99 71 
92 4 80 
11 87 95 
38 20 93 
79 12 14 
11 33 53 
36 48 88 
56 41 57 
4 74 40 
37 46 97 
7 33 91 
4 47 57 
86 4 79 
54 31 18 
44 71 79 
7 8 50 
4 35 18 
50 75 68 
62 55 90 
43 73 50 
76 69 52 
97 5 36 
4 67 1 
21 15 54 
5 43 81 
3 73 40 
35 46 59 
16 75 31 
8 42 26 
85 14 28 
98 99 58 
62 85 34 
8 9 99 
70 99 7 
37 19 17 
88 55 49 
86 72 24 
23 32 22 
100 68 90 
70 97 1 
2 26 81 
57 69 63 
63 78 41 
3 94 40 
56 31 90 
3 33 19 
80 65 13 
31 70 55 
73 99 17 
70 88 66 
26 22 12 
72 93 60 
87 41 35 
77 2 89 
37 48 88 
16 42 98 
27 93 20 
11 15 16 
78 50 40 
56 27 77 
78 58 32 
10 21 4 
63 57 75 
63 45 98 
51 15 54 
41 99 74 
59 64 44 
100 11 32 
50 85 20 
87 56 46 
67 91 26 
33 64 60 
80 94 40 
22 54 8 
24 59 16 
39 72 47 
18 7 52 
30 32 7 
62 50 66 
88 59 48 
44 40 18 
23 57 67 
66 91 55 
60 23 10 
42 26 28 
17 50 49 
40 49 7 
54 3 61 
12 60 38 
5 27 73 
24 43 66 
51 24 41 
9 52 25 
86 29 54 
50 19 5 
25 27 54 
77 11 31 
77 99 6 
40 3 30 
14 7 1 
65 38 69 
33 16 29 
75 21 49 
62 88 76 
42 12 50 
22 99 73 
66 76 22 
76 28 77 
39 51 99 
89 22 59 
79 7 78 
32 80 19 
49 89 54 
26 13 11 
94 56 82 
27 52 31 
95 35 87 
44 35 99 
67 16 85 
23 16 87 
85 31 16 
83 25 76 
56 91 27 
24 55 65 
9 82 4 
24 78 72 
50 79 9 
81 16 100 
78 52 8 
59 3 53 
53 78 62 
57 55 86 
65 62 78 
22 26 54 
23 96 70 
87 55 19 
54 26 19 
97 59 81 
63 51 36 
32 77 43 
53 73 29 
87 22 50 
26 49 44 
74 38 56 
40 78 83 
50 28 7 
27 72 86 
37 43 66 
11 99 78 
7 64 95 
99 55 1 
66 19 50 
31 86 34 
2 44 9 
32 59 30 
36 23 95 
63 83 64 
69 26 49 
77 38 93 
41 43 36 
72 80 26 
6 43 75 
98 47 20 
12 47 92 
29 77 43 
73 39 65 
32 27 67 
81 66 84 
87 92 9 
40 29 77 
14 91 55 
12 64 15 
17 97 27 
33 44 63 
20 61 88 
64 85 10 
5 56 44 
59 66 46 
40 7 41 
41 52 59 
85 17 50 
91 79 23 
58 15 45 
99 39 43 
84 67 73 
14 46 27 
81 29 36 
98 23 76 
56 92 49 
58 70 30 
20 8 51 
92 30 35 
77 60 99 
97 99 79 
61 75 36 
3 76 84 
75 44 58 
99 10 57 
83 48 29 
77 57 67 
76 81 95 
98 49 24 
40 20 49 
4 59 43 
80 54 14 
38 7 23 
88 30 57 
28 10 82 
62 49 100 
85 47 29 
20 6 70 
83 73 65 
82 62 32 
65 98 85 
4 42 5 
54 31 39 
78 25 57 
46 56 31 
52 77 5 
72 38 97 
89 34 71 
14 91 54 
63 47 8 
69 60 70 
20 6 51 
68 98 1 
28 95 74 
81 18 15 
98 81 83 
34 57 51 
31 36 79 
16 29 48 
80 52 93 
92 98 5 
94 4 90 
18 29 64 
10 70 62 
86 55 19 
26 55 42 
82 84 17 
56 19 35 
33 47 10 
37 96 4 
45 53 20 
68 58 88 
63 65 35 
41 59 29 
87 24 81 
85 80 31 
88 48 30 
80 24 60 
70 46 49 
65 40 32 
56 21 11 
51 89 47 
77 49 95 
73 55 60 
48 38 43 
8 68 74 
55 52 8 
87 44 98 
70 74 47 
70 40 11 
74 95 43 
72 78 34 
76 73 9 
33 44 69 
95 52 18 
69 55 51 
55 23 92 
71 80 19 
33 35 4 
94 14 92 
28 82 3 
34 16 65 
24 67 23 
8 63 61 
94 58 51 
90 40 66 
34 13 36 
93 42 84 
12 48 8 
79 90 66 
27 54 53 
34 5 18 
13 39 4 
5 23 79 
29 94 10 
95 48 17 
56 27 90 
16 36 15 
21 36 46 
91 94 93 
87 68 91 
3 47 39 
72 6 10 
38 91 83 
16 61 73 
80 36 55 
79 32 14 
6 42 86 
63 9 85 
21 84 94 
72 25 7 
14 10 7 
98 74 48 
39 53 66 
18 83 59 
78 5 80 
22 81 85 
80 82 3 
25 88 76 
78 17 75 
89 14 22 
74 41 66 
13 55 65 
54 61 99 
10 44 23 
63 36 83 
5 55 47 
15 62 89 
82 90 45 
55 94 78 
1 99 65 
72 35 82 
98 45 12 
52 66 72 
33 96 67 
86 80 5 
3 13 18 
96 52 11 
35 33 93 
100 42 23 
33 79 46 
29 10 74 
95 62 57 
56 81 32 
56 8 79 
66 38 54 
17 8 39 
35 26 74 
22 81 83 
17 59 26 
45 20 29 
69 70 84 
81 73 14 
6 34 57 
22 15 27 
39 97 60 
67 10 55 
6 84 34 
11 3 51 
42 1 43 
77 56 88 
67 44 48 
93 98 22 
58 47 35 
17 28 31 
51 48 47 
70 76 86 
77 68 29 
95 58 61 
36 100 47 
24 5 93 
70 3 31 
79 13 68 
13 49 29 
34 85 92 
16 95 45 
9 39 5 
61 2 25 
21 97 23 
12 52 75 
25 56 69 
43 6 55 
6 39 2 
85 72 35 
82 56 3 
34 10 20 
21 77 49 
8 55 15 
4 36 5 
85 21 25 
5 65 31 
64 37 42 
29 92 68 
34 9 77 
90 31 67 
10 94 79 
8 80 16 
86 21 91 
71 16 39 
51 33 19 
30 55 21 
45 40 89 
72 34 3 
51 73 39 
86 80 72 
8 13 89 
79 11 1 
71 99 14 
72 42 19 
3 25 45 
62 14 23 
79 6 32 
80 44 48 
62 44 25 
17 13 48 
84 64 66 
32 39 29 
68 54 20 
53 14 13 
36 96 95 
36 73 26 
39 40 66 
76 14 36 
88 85 50 
46 6 43 
4 55 26 
94 65 84 
72 95 63 
92 17 33 
2 63 6 
86 27 39 
85 26 3 
49 38 53 
35 95 71 
16 76 67 
79 34 2 
19 98 89 
95 99 41 
32 44 7 
61 98 29 
93 23 43 
37 10 87 
48 29 11 
33 55 46 
33 63 74 
91 19 26 
67 78 58 
97 38 28 
63 26 100 
89 8 60 
25 46 9 
77 72 44 
92 80 67 
58 19 39 
49 67 62 
61 21 19 
89 70 29 
40 86 65 
37 45 66 
99 60 35 
95 43 49 
37 72 50 
35 32 78 
59 26 52 
22 36 23 
19 61 96 
48 41 10 
93 40 13 
42 15 35 
99 60 50 
30 95 21 
90 36 22 
75 96 36 
22 62 84 
50 5 36 
36 26 47 
23 16 33 
22 43 67 
45 28 4 
7 36 44 
18 71 86 
62 85 28 
72 41 34 
72 25 2 
83 2 93 
34 55 86 
3 20 7 
52 5 91 
33 93 74 
81 5 16 
77 45 64 
58 12 85 
66 16 70 
43 4 12 
11 82 9 
98 62 81 
57 99 64 
14 93 28 
98 35 84 
80 46 62 
20 8 82 
7 20 1 
23 28 79 
38 26 45 
64 70 84 
68 80 88 
4 86 68 
88 11 54 
83 25 8 
38 89 37 
7 37 55 
43 18 94 
35 74 31 
93 41 24 
44 66 64 
26 87 27 
35 19 97 
64 44 19 
84 96 92 
24 16 74 
60 57 64 
58 47 9 
57 61 54 
89 25 61 
17 51 94 
89 5 97 
37 67 62 
39 52 86 
11 65 14 
97 9 42 
29 59 25 
48 34 5 
32 73 14 
98 29 43 
66 78 37 
93 10 89 
64 92 42 
38 47 33 
26 2 28 
59 6 50 
66 96 3 
60 26 17 
26 23 59 
4 45 66 
43 1 6 
57 34 4 
8 48 98 
66 65 80 
14 90 86 
10 97 24 
35 41 25 
40 82 36 
77 8 12 
95 98 22 
77 89 67 
100 51 91 
69 92 71 
40 21 73 
39 99 65 
63 97 72 
42 27 95 
71 37 88 
17 33 20 
48 84 4 
9 94 76 
62 75 55 
52 61 1 
69 42 15 
71 15 69 
14 5 98 
79 99 22 
59 56 85 
64 11 87 
29 67 60 
62 32 46 
77 40 69 
43 22 45 
14 66 29 
4 53 88 
7 56 55 
15 42 62 
57 58 50 
8 5 98 
20 78 64 
57 38 72 
17 93 77 
22 18 55 
19 89 39 
75 59 89 
72 28 17 
9 82 72 
100 70 3 
64 48 30 
88 9 87 
8 99 47 
17 55 2 
65 55 17 
5 11 89 
12 54 17 
61 26 36 
4 72 59 
65 47 36 
66 61 83 
25 76 67 
60 81 46 
2 9 40 
19 58 10 
31 69 65 
92 7 83 
22 8 35 
77 33 73 
77 72 46 
72 36 34 
87 74 49 
65 63 83 
7 20 25 
31 29 9 
81 14 39 
63 39 32 
15 60 33 
16 8 10 
89 44 90 
77 55 80 
36 49 22 
8 14 47 
46 54 19 
23 96 92 
64 41 8 
78 52 13 
22 67 28 
93 55 59 
58 92 21 
44 33 42 
61 94 75 
18 44 51 
27 33 83 
14 23 5 
71 13 46 
45 29 27 
21 27 76 
17 7 97 
18 51 25 
100 3 37 
84 15 66 
1 51 15 
77 6 74 
7 95 21 
35 65 100 
81 22 7 
96 85 53 
43 3 79 
31 20 10 
10 27 54 
16 32 24 
52 42 57 
51 53 78 
72 35 34 
18 74 10 
34 18 32 
70 45 29 
48 24 79 
23 66 21 
58 84 95 
51 12 50 
4 66 64 
68 59 78 
84 98 66 
50 3 60 
25 11 16 
31 18 78 
45 80 69 
92 14 35 
76 34 13 
28 17 78 
66 21 93 
67 69 56 
21 8 49 
12 20 11 
59 68 73 
8 49 32 
67 46 4 
89 38 61 
61 15 97 
35 8 49 
52 79 87 
91 37 5 
27 78 18 
21 52 99 
61 75 56 
71 88 53 
51 40 41 
53 91 14 
1 43 36 
63 85 47 
91 88 98 
96 56 17 
2 84 13 
97 40 56 
72 68 57 
10 65 64 
25 15 68 
11 44 29 
72 28 4 
13 6 55 
1 62 59 
13 8 21 
44 35 9 
38 84 8 
17 64 79 
51 21 41 
63 71 58 
18 47 86 
58 62 8 
59 49 28 
17 57 5 
29 8 52 
53 13 6 
57 76 49 
18 7 3 
76 23 1 
83 73 12 
18 33 100 
53 8 31 
61 90 45 
69 96 27 
40 91 95 
12 7 33 
54 18 42 
65 45 31 
59 20 70 
26 65 6 
94 89 34 
92 97 11 
77 19 74 
88 83 9 
45 92 55 
1 4 35 
47 33 88 
59 90 60 
8 87 94 
24 90 44 
32 46 98 
39 13 45 
79 46 65 
6 85 51 
52 19 79 
99 61 60 
4 41 40 
79 65 42 
26 49 4 
90 37 65 
48 44 11 
76 99 12 
57 26 3 
56 52 57 
99 9 44 
29 51 24 
83 8 72 
89 10 12 
7 16 34 
10 29 2 
7 27 60 
37 68 91 
34 40 57 
94 46 33 
67 59 95 
13 2 83 
75 29 89 
8 62 84 
51 4 73 
76 17 75 
56 19 10 
48 79 22 
41 22 84 
33 32 36 
59 45 54 
89 50 68 
54 94 70 
57 25 70 
9 2 55 
83 84 92 
56 53 79 
9 41 50 
27 87 95 
1 43 71 
89 61 88 
13 96 18 
2 27 20 
74 78 33 
34 21 73 
16 92 88 
65 57 22 
74 67 1 
84 4 56 
22 59 24 
72 16 1 
39 59 41 
93 91 64 
3 26 56 
46 47 17 
26 28 6 
8 19 25 
19 32 24 
45 14 25 
41 47 86 
93 66 84 
29 41 83 
27 44 26 
82 48 62 
19 32 33 
37 19 9 
20 79 96 
22 79 96 
67 18 39 
9 47 87 
24 31 98 
54 41 18 
81 12 35 
6 5 86 
63 14 52 
30 80 16 
47 73 9 
3 23 99 
10 21 25 
24 83 87 
64 13 67 
1 44 20 
44 77 29 
24 74 28 
100 48 69 
21 9 32 
64 72 73 
56 31 36 
17 25 34 
58 77 2 
22 28 53 
92 75 70 
46 76 50 
20 73 54 
12 76 81 
93 50 12 
71 27 32 
93 7 88 
55 54 14 
58 48 40 
76 17 71 
41 30 74 
9 33 54 
36 89 20 
31 83 98 
83 93 6 
18 11 92 
88 55 92 
3 87 74 
37 27 32 
94 91 78 
72 26 18 
95 76 87 
63 39 98 
14 56 93 
83 85 55 
83 43 17 
76 29 19 
79 27 94 
60 42 63 
55 53 51 
29 40 50 
25 93 76 
7 46 98 
64 2 39 
82 16 91 
34 7 77 
49 33 46 
99 6 64 
46 49 4 
77 66 63 
70 88 1 
64 85 28 
25 82 47 
22 18 27 
15 84 41 
98 61 75 
56 6 16 
4 12 90 
41 59 9 
6 26 47 
56 73 76 
20 44 2 
51 34 47 
25 69 71 
60 19 14 
6 8 60 
10 80 1 
85 8 46 
71 46 19 
25 3 10 
64 44 41 
50 59 80 
100 5 34 
78 76 42 
28 8 38 
54 75 63 
81 100 46 
7 6 96 
35 80 2 
1 46 78 
71 19 27 
84 46 67 
83 98 95 
97 54 25 
58 40 42 
83 17 47 
2 78 21 
93 12 85 
96 51 11 
89 64 24 
73 87 66 
22 84 21 
14 72 53 
39 34 30 
16 52 93 
62 93 39 
100 16 73 
12 82 32 
91 8 17 
95 91 19 
9 44 58 
55 34 56 
82 38 50 
22 68 60 
32 80 73 
36 6 95 
71 15 78 
66 69 52 
26 61 60 
23 72 47 
19 85 21 
31 71 90 
45 80 68 
93 26 52 
97 36 98 
10 78 4 
63 32 1 
69 1 33 
72 16 68 
47 73 36 
9 51 19 
65 19 45 
33 31 13 
78 81 96 
95 82 80 
80 40 53 
19 65 17 
28 59 44 
65 91 48 
87 98 63 
21 50 97 
64 98 69 
47 16 90 
99 25 61 
93 38 57 
91 27 8 
33 12 59 
33 10 30 
70 17 45 
30 51 15 
55 10 37 
91 6 15 
45 55 18 
5 70 19 
59 99 68 
76 82 62 
25 44 6 
62 9 17 
73 58 26 
24 1 74 
38 72 76 
27 67 11 
10 51 26 
38 85 87 
20 97 74 
83 45 4 
91 77 10 
71 74 15 
71 65 95 
86 70 25 
36 60 38 
8 32 77 
12 29 61 
19 84 40 
15 21 71 
66 59 70 
43 16 61 
93 47 41 
90 23 1 
35 68 66 
64 23 43 
21 54 60 
55 100 23 
59 51 47 
51 71 24 
8 29 73 
35 15 10 
89 24 60 
97 27 99 
100 24 43 
89 97 43 
46 41 79 
13 5 29 
38 1 74 
14 100 52 
10 32 17 
70 49 53 
87 13 75 
56 68 77 
35 43 48 
29 21 78 
15 10 65 
13 22 40 
9 39 55 
1 10 90 
81 14 19 
46 61 35 
18 73 83 
5 74 45 
88 22 53 
17 86 96 
32 30 49 
70 87 97 
99 24 38 
96 61 79 
92 71 85 
26 48 78 
37 22 12 
68 37 38 
14 12 11 
40 87 71 
98 58 83 
12 89 82 
16 27 18 
42 9 45 
39 88 7 
10 53 74 
93 3 44 
58 54 20 
13 56 78 
79 84 69 
87 54 55 
45 71 64 
24 56 78 
39 72 48 
18 15 3 
55 8 85 
94 57 90 
14 19 72 
48 55 9 
86 46 17 
95 20 90 
50 2 62 
86 19 77 
40 76 64 
93 98 8 
60 100 83 
17 38 62 
38 80 77 
89 24 19 
42 4 28 
58 63 12 
1 22 14 
31 49 43 
80 84 82 
55 100 80 
31 49 36 
79 19 4 
65 95 36 
9 58 23 
71 96 2 
100 36 26 
76 20 38 
27 43 99 
71 47 80 
85 48 4 
56 97 96 
51 90 38 
72 21 64 
25 96 15 
57 8 100 
57 50 39 
99 34 88 
17 86 88 
89 70 47 
50 76 27 
38 39 99 
97 31 48 
68 35 10 
87 27 44 
30 32 29 
15 63 61 
6 46 92 
57 45 38 
53 100 6 
74 6 78 
27 5 36 
43 78 81 
14 60 39 
74 78 8 
70 82 76 
29 97 17 
26 9 75 
46 54 87 
26 60 27 
65 91 21 
90 4 64 
35 94 6 
94 10 53 
24 45 37 
65 38 76 
44 3 59 
66 44 37 
31 13 38 
63 38 3 
96 78 58 
62 1 23 
40 6 24 
86 74 3 
24 45 71 
74 66 28 
24 9 28 
16 17 18 
47 20 53 
90 5 26 
100 90 78 
10 71 91 
17 50 68 
32 17 96 
79 29 32 
64 53 71 
99 29 33 
63 2 91 
25 85 2 
34 84 13 
43 45 27 
71 33 93 
42 59 5 
58 71 45 
63 53 91 
5 12 18 
5 69 82 
13 56 46 
40 28 22 
61 63 43 
58 24 40 
90 66 36 
12 95 31 
73 89 58 
33 45 30 
51 28 53 
41 82 97 
54 98 24 
10 46 67 
1 100 30 
85 39 45 
2 41 66 
41 2 52 
10 39 87 
40 31 95 
32 39 90 
90 7 15 
62 79 31 
27 13 39 
50 100 4 
99 43 25 
17 7 58 
37 51 55 
83 71 67 
27 10 94 
63 6 70 
71 69 20 
12 36 90 
63 96 50 
10 69 100 
57 12 39 
51 15 89 
16 82 83 
53 16 85 
23 2 93 
59 17 54 
91 22 10 
25 36 97 
17 74 6 
9 33 18 
61 78 72 
73 26 21 
82 34 89 
96 63 86 
36 87 29 
79 56 82 
73 70 27 
33 39 100 
41 36 74 
45 6 26 
30 94 44 
26 16 69 
62 3 41 
18 32 71 
61 62 48 
70 26 49 
100 91 87 
52 59 60 
15 24 81 
3 46 85 
31 72 52 
66 37 69 
30 98 86 
6 24 56 
68 70 86 
97 53 84 
76 22 94 
72 69 54 
41 96 25 
69 27 45 
59 90 29 
100 67 5 
1 20 30 
84 21 90 
60 64 73 
37 75 92 
36 49 17 
25 1 67 
80 50 11 
2 89 74 
43 7 24 
75 40 32 
49 91 99 
95 83 5 
22 51 8 
70 64 94 
70 69 75 
19 78 69 
30 94 67 
36 34 78 
87 17 46 
14 74 29 
2 36 50 
8 87 25 
34 5 52 
25 21 74 
78 67 100 
15 27 13 
29 26 9 
44 39 8 
16 96 64 
37 50 43 
87 18 46 
30 11 5 
1 81 8 
48 90 32 
13 43 39 
37 47 85 
62 16 9 
92 19 95 
85 27 1 
10 90 62 
43 80 41 
90 11 76 
35 49 23 
61 30 32 
37 27 11 
84 73 42 
3 81 83 
24 53 39 
64 14 92 
50 30 23 
3 27 17 
30 3 55 
12 87 72 
91 66 81 
44 58 73 
24 93 2 
69 90 80 
84 68 65 
27 73 98 
3 74 42 
42 50 26 
21 88 5 
50 56 30 
31 48 67 
36 10 87 
48 27 33 
20 11 21 
16 69 20 
17 82 45 
67 95 76 
61 37 31 
89 40 65 
17 77 76 
24 8 42 
85 81 63 
55 51 32 
21 13 88 
72 94 17 
19 24 54 
40 4 8 
33 89 46 
83 71 70 
97 87 28 
84 44 51 
40 33 89 
70 90 88 
66 85 46 
46 76 61 
44 45 21 
99 92 77 
63 42 9 
22 80 97 
88 39 64 
68 95 64 
100 66 36 
84 67 1 
8 96 37 
77 20 60 
26 90 79 
57 76 9 
12 34 50 
27 68 23 
37 80 78 
51 22 39 
38 72 73 
25 38 91 
32 47 27 
47 90 46 
77 13 26 
49 94 72 
4 73 34 
51 60 48 
2 22 40 
80 56 32 
7 80 17 
64 29 31 
96 14 80 
29 79 42 
87 48 23 
54 49 73 
27 35 40 
6 20 7 
15 90 49 
34 15 65 
81 93 3 
70 49 35 
75 92 93 
11 23 4 
8 51 12 
15 78 64 
55 2 98 
31 55 11 
53 56 1 
21 14 66 
60 71 100 
2 73 92 
1 10 19 
98 16 29 
13 48 52 
53 60 37 
72 13 69 
83 74 2 
84 75 43 
93 51 97 
54 76 30 
14 53 58 
27 97 65 
85 78 8 
31 82 22 
77 25 10 
24 45 62 
54 70 40 
16 42 6 
86 91 94 
75 10 82 
54 61 46 
27 78 4 
97 64 88 
44 56 65 
81 32 44 
17 76 56 
20 54 74 
61 51 75 
85 43 1 
2 81 86 
14 48 85 
25 15 44 
45 98 91 
63 37 43 
31 6 86 
68 39 69 
61 7 67 
3 72 91 
57 89 79 
3 43 35 
27 46 22 
31 77 51 
50 92 65 
11 34 85 
21 41 19 
97 78 38 
1 65 24 
95 23 87 
16 41 25 
84 15 53 
85 44 2 
29 13 96 
51 70 56 
25 18 2 
19 64 8 
68 66 96 
90 8 6 
68 45 48 
85 46 16 
76 36 38 
87 76 69 
3 88 15 
74 28 53 
99 64 39 
4 52 24 
79 17 2 
10 43 86 
89 59 62 
63 51 14 
22 89 45 
89 71 3 
40 56 87 
91 77 53 
45 17 77 
56 36 28 
46 68 66 
33 94 4 
86 45 14 
29 84 76 
1 82 2 
6 89 77 
15 25 38 
16 84 40 
82 41 63 
35 88 5 
78 29 89 
94 37 50 
73 77 79 
75 47 9 
49 52 95 
81 93 44 
54 57 12 
80 93 63 
66 97 59 
98 84 32 
25 55 67 
19 78 97 
81 78 20 
81 45 76 
90 62 74 
70 49 92 
73 82 68 
100 91 94 
43 22 61 
35 48 66 
47 10 5 
64 49 35 
90 35 14 
89 71 72 
34 14 19 
41 1 16 
84 89 15 
23 7 27 
64 67 11 
99 30 43 
11 90 96 
54 6 33 
24 62 53 
94 8 55 
90 34 39 
82 35 67 
79 53 64 
32 84 34 
76 96 25 
65 6 51 
5 23 91 
85 79 70 
43 21 89 
83 67 84 
58 55 28 
15 49 37 
84 46 71 
99 82 84 
38 24 94 
93 45 16 
95 13 51 
10 71 76 
14 97 9 
25 38 42 
77 82 92 
82 49 84 
32 57 54 
9 30 71 
50 73 76 
20 23 48 
71 54 99 
85 73 58 
9 89 95 
18 49 4 
69 52 15 
99 82 65 
72 78 81 
97 79 52 
74 7 93 
56 62 35 
7 49 71 
22 47 74 
19 29 16 
26 56 69 
27 25 82 
59 54 62 
81 38 82 
17 99 78 
7 70 28 
25 87 65 
52 84 81 
47 73 39 
92 82 18 
76 33 41 
11 29 24 
67 49 13 
11 56 39 
17 33 56 
5 18 50 
27 42 93 
58 30 50 
49 82 96 
15 63 12 
68 83 51 
51 21 73 
93 13 42 
30 41 63 
12 35 67 
2 25 89 
43 25 28 
13 53 59 
48 73 14 
63 3 44 
7 73 36 
95 85 44 
33 86 17 
58 1 45 
40 25 84 
3 56 88 
79 25 13 
71 11 45 
41 3 90 
5 17 62 
12 30 37 
52 49 39 
99 5 1 
19 56 88 
53 89 42 
69 74 4 
34 15 2 
13 3 68 
29 69 20 
69 20 44 
32 99 77 
49 90 99 
85 50 68 
49 50 75 
80 47 100 
52 77 3 
38 95 6 
1 49 95 
22 27 33 
70 23 82 
17 66 7 
70 78 86 
84 90 29 
19 9 96 
67 94 76 
61 22 81 
34 80 71 
41 85 64 
72 23 99 
51 85 7 
85 25 73 
71 26 68 
78 84 32 
93 88 89 
81 18 45 
73 25 6 
18 29 22 
93 89 49 
43 82 83 
93 48 27 
62 40 29 
87 12 55 
97 57 23 
83 49 77 
11 66 64 
41 75 74 
65 36 48 
45 75 60 
4 29 31 
41 52 38 
54 76 85 
59 87 8 
81 72 5 
65 93 28 
98 80 42 
2 10 94 
96 97 37 
82 57 9 
20 90 84 
15 12 86 
76 71 36 
92 6 54 
50 8 14 
6 66 61 
17 15 13 
95 56 15 
17 14 39 
15 93 4 
61 4 26 
18 45 35 
33 42 86 
12 87 1 
70 34 39 
90 65 12 
99 19 64 
47 13 6 
27 80 46 
100 75 63 
73 81 85 
20 100 11 
47 70 62 
38 5 9 
23 36 72 
1 65 82 
55 37 20 
69 22 41 
1 32 17 
53 16 54 
79 26 23 
94 59 10 
29 99 97 
73 28 56 
73 61 24 
95 79 82 
39 38 27 
34 10 22 
70 74 42 
59 27 81 
29 41 33 
32 91 65 
37 22 84 
33 97 59 
94 34 95 
86 15 55 
11 91 93 
74 78 36 
3 35 83 
7 58 35 
40 9 53 
65 78 3 
27 24 55 
83 26 9 
96 36 79 
29 66 79 
74 64 93 
27 42 54 
65 38 23 
16 12 92 
24 6 44 
31 87 23 
30 2 25 
79 71 59 
79 9 10 
31 42 48 
48 28 38 
84 53 74 
34 36 20 
84 55 33 
56 57 31 
38 44 97 
31 34 51 
27 2 97 
77 65 8 
99 85 74 
45 52 21 
6 38 85 
93 46 84 
53 48 72 
69 93 70 
81 77 25 
66 47 11 
11 88 89 
84 59 13 
84 85 12 
71 27 10 
16 62 96 
67 55 34 
3 49 78 
24 20 87 
73 99 49 
84 61 33 
26 93 4 
100 62 97 
84 73 29 
38 90 100 
71 15 39 
45 59 80 
26 75 83 
31 22 44 
35 78 91 
42 27 39 
5 56 74 
55 100 61 
27 4 12 
78 3 96 
61 86 93 
55 50 100 
24 2 86 
2 20 40 
66 47 28 
16 35 11 
10 65 74 
46 39 24 
21 48 86 
55 17 81 
96 8 63 
72 62 74 
39 25 94 
10 76 64 
55 43 71 
98 82 1 
31 77 33 
16 60 43 
14 40 46 
64 35 27 
3 7 99 
45 47 70 
25 52 6 
23 81 91 
83 41 79 
36 49 51 
69 84 83 
4 20 34 
26 94 19 
10 70 8 
28 100 13 
77 29 100 
77 32 1 
2 49 18 
23 99 94 
77 7 3 
93 86 35 
93 55 89 
90 57 68 
67 18 45 
7 64 24 
89 27 97 
8 65 23 
14 21 13 
36 48 52 
80 23 94 
33 78 92 
76 3 80 
55 23 36 
61 63 40 
85 54 70 
75 5 99 
29 4 36 
9 71 57 
45 28 14 
8 52 74 
48 28 8 
60 5 57 
86 72 48 
90 52 65 
10 43 64 
45 73 13 
79 57 94 
88 87 20 
79 26 28 
83 23 13 
13 68 11 
85 32 34 
39 45 30 
46 37 53 
6 7 37 
37 50 83 
56 8 21 
44 94 20 
6 80 11 
47 87 63 
20 8 65 
53 36 71 
78 52 40 
57 37 71 
33 22 59 
71 99 19 
70 36 99 
82 39 91 
21 28 29 
81 67 28 
16 85 68 
40 93 77 
57 35 63 
41 27 52 
59 82 77 
36 62 61 
91 48 16 
11 77 86 
50 61 89 
65 78 2 
82 100 63 
10 68 81 
39 95 20 
7 76 91 
16 49 70 
47 18 23 
32 67 6 
76 25 48 
70 98 59 
64 99 51 
95 30 85 
17 75 35 
95 7 54 
65 61 66 
45 92 66 
55 17 53 
27 59 33 
4 81 60 
17 25 54 
12 71 64 
75 12 43 
26 58 94 
32 51 99 
25 8 33 
23 41 57 
9 15 53 
1 7 90 
9 43 40 
30 13 59 
98 39 79 
25 73 92 
96 78 35 
65 11 54 
97 57 41 
63 16 44 
53 76 42 
70 74 91 
48 37 56 
66 68 90 
93 44 18 
42 44 71 
61 17 100 
33 16 95 
59 13 63 
24 57 75 
75 21 88 
60 30 86 
73 38 62 
73 61 82 
62 39 78 
64 65 100 
23 64 89 
92 13 98 
99 2 35 
51 44 57 
68 32 36 
8 31 57 
29 100 20 
92 14 29 
90 74 16 
99 58 17 
24 13 94 
76 6 11 
66 6 42 
31 47 15 
60 41 67 
6 19 34 
43 50 24 
73 67 43 
65 41 71 
85 30 46 
5 14 76 
25 4 65 
38 87 60 
50 11 56 
72 69 44 
8 5 85 
25 81 60 
93 83 63 
25 67 4 
33 39 91 
12 27 8 
66 44 91 
41 88 12 
94 96 86 
47 57 78 
70 51 23 
19 53 40 
82 91 40 
60 2 66 
16 37 48 
92 37 25 
85 73 7 
59 69 49 
7 6 78 
6 17 34 
3 31 48 
10 2 11 
90 25 91 
7 12 60 
15 11 82 
39 66 77 
4 86 21 
13 33 53 
75 97 10 
79 36 17 
74 54 57 
38 17 9 
31 41 6 
99 43 47 
3 80 13 
75 39 48 
34 2 26 
85 73 43 
20 82 77 
31 36 8 
96 17 53 
100 93 58 
62 13 69 
85 9 47 
67 35 36 
95 50 82 
30 38 36 
78 45 80 
81 21 34 
20 59 3 
2 51 88 
63 30 6 
57 97 92 
61 29 100 
18 32 90 
59 22 58 
19 85 63 
8 67 4 
88 27 92 
22 66 17 
99 2 27 
52 9 6 
21 68 91 
93 19 62 
47 80 70 
38 89 20 
48 15 44 
54 57 26 
9 77 45 
37 40 46 
49 47 23 
17 77 56 
15 46 87 
96 45 57 
87 47 19 
69 16 56 
32 50 84 
76 3 27 
72 18 68 
74 45 89 
6 87 96 
16 88 20 
67 75 58 
51 20 89 
87 91 69 
48 19 28 
74 49 53 
92 49 48 
13 46 27 
83 86 35 
76 17 23 
44 61 46 
14 80 45 
75 88 24 
47 20 21 
78 3 50 
28 91 63 
40 6 22 
7 9 17 
76 88 41 
86 3 77 
22 51 13 
8 96 74 
80 84 29 
83 75 81 
82 50 48 
94 56 27 
17 20 99 
63 15 40 
7 1 75 
64 56 71 
21 78 40 
49 73 85 
71 84 94 
52 56 47 
99 29 18 
45 84 76 
4 13 91 
29 68 65 
32 35 10 
16 45 58 
65 36 56 
68 43 22 
49 60 6 
97 3 80 
71 3 98 
47 56 99 
25 60 50 
21 5 55 
87 90 53 
90 21 6 
41 44 54 
18 2 14 
24 73 98 
7 98 8 
3 19 40 
87 40 30 
34 93 8 
90 68 1 
96 25 97 
73 33 97 
67 71 18 
24 46 66 
36 4 77 
33 69 71 
19 98 5 
5 79 96 
15 75 33 
51 62 21 
67 73 81 
31 39 27 
78 95 58 
87 71 77 
54 39 25 
66 50 86 
95 42 54 
25 13 41 
63 36 12 
16 72 100 
82 8 54 
91 80 19 
42 4 53 
68 83 15 
74 33 65 
49 6 81 
60 96 77 
39 49 58 
90 96 94 
2 35 23 
86 4 81 
75 18 43 
72 18 87 
90 35 1 
61 67 41 
1 45 81 
57 11 40 
27 94 22 
31 21 24 
30 49 45 
30 17 58 
18 59 80 
79 35 82 
79 36 39 
8 92 11 
94 53 16 
12 88 23 
56 80 77 
12 10 96 
33 30 60 
99 100 11 
17 42 12 
63 26 71 
3 21 31 
58 70 57 
23 97 25 
31 55 80 
63 41 23 
84 18 72 
98 5 79 
74 77 55 
21 16 88 
53 56 73 
30 87 60 
45 55 88 
57 19 61 
40 61 45 
93 9 97 
81 23 46 
3 100 4 
69 5 83 
34 15 36 
57 70 42 
78 24 58 
16 22 18 
61 66 35 
38 89 43 
50 62 52 
62 66 1 
58 27 71 
76 14 26 
44 46 57 
98 99 7 
92 5 74 
17 22 71 
11 37 54 
91 24 10 
95 63 14 
88 8 86 
83 7 29 
96 88 70 
81 21 25 
74 82 9 
60 15 64 
15 18 83 
16 33 1 
91 8 34 
15 23 71 
64 91 39 
59 72 3 
17 43 99 
66 13 85 
88 92 42 
41 90 53 
12 70 59 
78 57 60 
11 73 39 
57 13 50 
99 3 18 
42 40 77 
55 72 13 
94 63 88 
29 15 39 
37 49 80 
3 10 19 
76 3 17 
6 38 35 
71 95 52 
6 35 61 
14 88 40 
55 92 58 
36 35 38 
75 95 91 
6 95 10 
77 93 72 
16 12 80 
63 18 39 
96 46 43 
45 8 28 
22 66 65 
4 67 19 
74 89 27 
40 90 51 
92 85 62 
70 93 44 
76 19 22 
81 76 26 
92 39 76 
31 4 16 
26 2 46 
93 50 51 
8 39 81 
34 43 69 
97 15 87 
55 39 70 
76 95 35 
50 85 39 
94 60 34 
45 4 8 
47 30 73 
22 1 97 
27 68 31 
3 12 7 
20 95 17 
7 52 39 
35 69 79 
84 69 10 
31 28 13 
66 73 85 
20 52 70 
90 36 23 
23 83 57 
15 28 83 
70 9 96 
34 7 28 
85 29 72 
62 65 56 
54 15 33 
84 60 34 
77 33 14 
66 64 95 
5 74 35 
38 15 45 
25 23 41 
47 32 90 
30 93 16 
68 3 38 
37 46 71 
68 80 87 
47 88 29 
74 67 25 
22 65 10 
91 79 52 
88 51 62 
75 80 41 
14 60 99 
16 69 31 
21 59 12 
56 49 62 
16 63 99 
69 6 41 
96 23 44 
27 57 69 
62 58 64 
42 84 26 
37 56 95 
9 19 26 
53 32 24 
39 80 15 
9 36 44 
14 21 50 
99 48 92 
67 39 56 
48 34 100 
34 16 59 
25 55 95 
53 9 13 
58 18 90 
6 40 46 
64 67 47 
11 5 57 
50 33 85 
16 77 44 
9 70 55 
65 68 61 
17 45 38 
12 49 16 
89 5 86 
40 26 16 
66 93 22 
87 82 22 
30 8 52 
18 36 14 
88 32 57 
37 45 12 
45 8 61 
92 48 20 
73 1 25 
66 70 62 
72 94 40 
9 90 44 
62 36 76 
87 39 6 
55 37 30 
65 88 51 
47 29 77 
4 29 90 
95 80 40 
24 74 22 
35 86 68 
24 87 6 
57 33 19 
16 57 54 
14 37 70 
26 12 39 
66 26 85 
56 18 71 
88 46 50 
80 61 15 
78 90 25 
75 27 80 
66 34 38 
51 60 11 
36 14 89 
89 8 1 
74 88 11 
30 38 35 
15 89 76 
4 15 79 
90 63 31 
23 55 20 
77 48 90 
11 27 85 
17 1 11 
16 98 2 
98 77 6 
41 53 29 
42 38 20 
22 80 34 
17 86 36 
17 12 41 
37 41 26 
93 11 57 
78 58 11 
95 59 47 
19 32 25 
5 65 24 
72 67 3 
92 59 97 
5 80 74 
11 81 1 
99 3 17 
79 3 12 
100 95 48 
48 4 100 
85 29 36 
75 2 89 
17 19 47 
77 19 64 
11 19 37 
58 65 34 
43 52 22 
26 52 58 
47 90 24 
1 11 25 
33 45 91 
40 98 65 
26 19 75 
61 98 38 
21 36 57 
43 26 55 
44 90 93 
31 52 10 
85 43 26 
41 29 60 
47 36 54 
93 83 87 
93 88 13 
37 33 30 
39 36 28 
78 48 40 
30 22 78 
99 59 9 
29 14 51 
41 85 68 
10 5 42 
72 6 20 
57 28 61 
64 30 31 
53 77 79 
95 2 49 
10 63 61 
61 79 20 
93 87 85 
65 75 37 
19 54 80 
6 17 47 
13 22 10 
79 36 12 
1 22 20 
75 43 44 
53 17 4 
51 54 35 
98 100 86 
65 54 76 
94 59 92 
92 66 80 
33 50 49 
64 16 46 
1 70 83 
87 100 85 
82 50 85 
94 52 83 
94 88 41 
86 49 30 
43 89 85 
10 12 56 
61 70 47 
25 58 73 
66 10 68 
29 24 93 
86 54 49 
12 68 79 
20 86 7 
22 10 54 
79 99 19 
67 40 1 
58 65 8 
49 84 95 
11 36 31 
62 47 7 
20 10 42 
60 46 67 
94 86 26 
86 77 28 
25 74 41 
55 61 56 
61 84 95 
54 40 30 
5 97 17 
56 85 62 
1 25 37 
27 73 48 
81 84 93 
7 50 83 
26 32 24 
44 14 56 
6 2 54 
32 7 75 
8 3 23 
21 28 10 
72 28 40 
85 89 67 
62 4 46 
32 34 70 
15 36 33 
69 93 20 
1 43 96 
40 94 15 
6 91 5 
24 99 96 
58 9 50 
26 46 64 
1 71 89 
37 7 13 
19 100 82 
20 68 77 
40 74 30 
78 3 99 
64 39 16 
9 1 62 
13 20 19 
99 38 3 
28 70 1 
67 46 16 
96 58 61 
5 7 38 
30 11 18 
27 12 87 
31 34 46 
25 21 35 
87 25 55 
18 49 31 
4 55 74 
2 28 13 
44 50 75 
36 53 44 
21 84 8 
18 47 96 
79 72 20 
29 28 11 
1 88 14 
3 21 15 
26 21 8 
3 57 69 
51 10 90 
18 88 77 
38 1 94 
49 72 38 
51 44 81 
64 35 50 
38 47 5 
96 36 83 
94 99 96 
45 27 72 
85 2 49 
51 81 45 
22 2 69 
90 4 3 
53 23 61 
77 68 67 
62 99 68 
63 93 33 
28 4 38 
20 94 9 
8 70 66 
62 34 4 
100 58 66 
10 88 9 
26 20 7 
72 65 64 
38 45 30 
21 65 2 
14 7 94 
26 78 21 
37 89 74 
54 34 27 
16 43 81 
8 15 76 
30 9 16 
43 73 53 
64 86 1 
70 78 54 
75 89 20 
63 14 66 
89 90 26 
65 66 72 
67 55 13 
99 2 43 
85 33 12 
14 100 30 
44 13 60 
28 24 46 
7 81 95 
90 70 38 
76 84 72 
6 47 68 
64 22 75 
89 23 62 
9 35 62 
36 22 93 
31 47 35 
23 47 65 
53 79 50 
5 44 26 
18 63 72 
40 78 72 
77 37 97 
74 33 60 
74 26 96 
11 62 89 
43 47 15 
14 72 100 
79 66 93 
28 32 3 
67 29 76 
51 90 35 
29 1 28 
17 98 22 
69 52 22 
27 3 6 
93 99 17 
66 93 36 
87 28 100 
33 74 13 
57 89 22 
20 46 93 
9 39 72 
36 95 26 
59 75 50 
73 74 29 
69 4 83 
60 97 62 
11 37 61 
22 17 51 
54 21 91 
83 69 34 
63 14 27 
97 52 6 
87 16 38 
61 70 60 
46 24 29 
72 93 24 
18 13 58 
19 66 34 
94 55 90 
58 85 88 
23 97 66 
34 23 22 
24 98 69 
21 46 3 
14 9 71 
36 28 58 
85 26 39 
5 61 51 
89 8 92 
72 12 35 
1 95 8 
1 93 19 
63 11 83 
18 24 34 
90 71 37 
46 61 59 
4 40 62 
62 14 45 
54 22 16 
36 75 67 
31 30 67 
66 23 86 
71 21 1 
86 8 52 
62 36 87 
25 27 8 
77 8 63 
93 57 52 
58 41 63 
91 30 48 
100 44 26 
73 39 60 
76 35 99 
84 15 71 
33 56 51 
53 73 10 
70 99 63 
80 14 64 
4 68 8 
93 89 43 
79 17 68 
44 35 10 
85 32 37 
63 29 85 
35 38 12 
55 50 23 
83 47 7 
68 44 33 
24 11 85 
35 7 45 
64 25 76 
29 5 28 
64 53 2 
78 94 31 
83 28 49 
2 96 38 
46 23 36 
35 10 52 
82 70 85 
26 56 48 
82 47 58 
85 1 70 
2 100 20 
55 35 81 
1 91 51 
39 23 56 
66 63 67 
9 45 64 
21 17 51 
83 41 16 
72 40 9 
49 72 9 
82 57 49 
68 21 74 
14 10 33 
8 100 77 
57 54 64 
6 79 54 
59 4 58 
37 43 87 
82 88 93 
1 92 15 
69 14 52 
86 30 37 
44 95 31 
51 49 29 
77 61 66 
16 12 15 
30 37 68 
72 15 71 
42 53 33 
15 29 37 
84 71 36 
9 3 80 
99 16 52 
64 96 45 
75 41 27 
16 94 40 
57 24 7 
70 46 9 
42 70 89 
17 15 74 
21 31 91 
5 45 98 
6 70 28 
65 33 68 
8 92 5 
7 61 52 
7 18 53 
62 29 100 
44 79 3 
47 3 22 
9 44 96 
10 61 53 
29 88 21 
78 37 90 
57 70 50 
12 78 91 
85 91 42 
39 70 81 
59 44 69 
75 95 28 
16 20 57 
69 15 45 
93 92 31 
72 47 68 
75 89 49 
54 67 65 
3 17 62 
1 15 34 
89 92 35 
15 71 54 
55 75 66 
10 7 96 
26 74 84 
15 39 24 
7 42 66 
50 39 15 
2 81 13 
58 83 36 
19 69 11 
50 39 22 
3 8 18 
22 21 23 
53 79 39 
3 92 17 
66 28 81 
95 16 83 
20 64 12 
24 12 20 
10 2 44 
53 78 96 
16 69 11 
22 28 14 
3 61 60 
46 44 80 
91 70 20 
38 49 92 
74 19 52 
40 9 10 
93 56 83 
25 77 45 
60 55 75 
97 10 81 
65 42 55 
35 76 100 
34 1 28 
24 33 14 
27 32 69 
22 31 91 
76 23 44 
60 90 32 
95 62 51 
13 21 71 
2 11 31 
79 100 44 
20 74 73 
34 21 13 
70 48 87 
83 16 39 
8 50 69 
52 17 49 
84 35 59 
68 7 40 
49 62 80 
30 1 60 
22 25 76 
99 34 89 
35 2 58 
70 18 87 
59 83 33 
30 18 100 
7 82 96 
14 90 100 
76 75 32 
62 79 14 
12 80 9 
29 60 21 
70 15 78 
69 49 93 
16 12 78 
7 3 8 
57 24 33 
91 29 42 
51 54 52 
25 84 39 
1 92 28 
31 73 48 
87 44 49 
65 1 55 
88 41 87 
76 38 27 
99 53 32 
13 91 65 
73 13 7 
58 79 36 
59 81 55 
59 41 72 
23 9 70 
39 80 18 
68 27 55 
14 66 77 
3 4 17 
22 87 31 
9 62 8 
6 7 89 
35 15 74 
4 93 11 
11 52 67 
45 72 15 
62 91 31 
77 48 64 
92 37 11 
93 33 47 
1 64 5 
1 18 99 
20 41 13 
91 31 23 
15 100 10 
69 62 86 
59 61 57 
63 12 98 
78 59 99 
76 72 89 
14 3 65 
58 87 49 
67 80 44 
32 35 54 
83 79 100 
90 39 63 
7 69 82 
10 95 76 
32 23 86 
14 5 8 
1 78 13 
86 7 80 
24 49 7 
56 25 18 
37 89 55 
76 72 70 
69 33 40 
51 7 36 
81 13 71 
93 38 47 
53 62 80 
34 76 63 
45 5 19 
16 48 17 
50 33 35 
40 73 50 
53 18 6 
98 77 22 
15 22 14 
29 67 62 
23 49 74 
78 84 14 
98 80 29 
38 94 14 
51 40 12 
53 26 72 
3 24 25 
69 51 41 
53 56 14 
67 85 27 
17 35 50 
87 46 39 
40 99 97 
1 59 44 
16 4 11 
81 38 7 
65 92 37 
50 53 15 
19 39 13 
64 20 31 
54 28 85 
96 48 8 
96 85 74 
97 10 78 
37 87 16 
22 19 44 
30 2 39 
68 59 74 
57 11 47 
28 61 47 
96 29 61 
44 28 43 
94 84 17 
80 49 56 
68 14 69 
68 32 70 
83 46 91 
4 16 35 
17 68 91 
54 14 37 
21 61 50 
90 76 39 
75 77 15 
47 4 73 
75 32 43 
46 60 74 
46 66 62 
51 43 12 
90 71 27 
64 10 100 
67 43 83 
43 11 25 
56 42 98 
92 33 8 
38 86 65 
92 83 64 
45 34 88 
12 72 44 
23 92 24 
54 5 44 
80 84 54 
6 2 46 
8 37 83 
70 16 40 
2 55 34 
39 56 35 
99 42 23 
4 91 1 
22 51 31 
58 57 33 
21 29 61 
66 39 5 
19 59 27 
92 80 68 
43 98 57 
90 68 5 
65 19 69 
66 99 36 
77 99 31 
19 59 82 
7 6 23 
24 47 40 
46 72 41 
95 81 69 
51 32 42 
30 49 1 
54 40 1 
65 27 40 
18 93 7 
31 9 20 
13 1 20 
68 29 42 
75 100 87 
97 44 17 
4 95 2 
38 88 70 
74 96 5 
36 12 73 
4 54 16 
67 85 84 
100 17 93 
53 49 62 
15 78 18 
67 95 65 
40 22 89 
33 86 15 
36 57 54 
24 20 46 
75 61 88 
75 46 17 
86 30 48 
5 74 19 
67 20 50 
4 90 80 
3 8 31 
12 95 66 
1 70 57 
45 22 60 
68 96 21 
14 83 57 
38 10 14 
52 9 3 
63 25 67 
5 88 71 
49 5 72 
94 62 34 
78 47 53 
17 42 25 
67 92 24 
53 99 70 
32 100 60 
83 2 29 
40 97 90 
37 72 56 
37 95 30 
58 4 43 
12 27 14 
89 72 44 
75 26 40 
56 6 38 
79 88 29 
65 55 8 
8 96 7 
74 67 40 
30 49 96 
3 49 65 
13 80 29 
39 73 45 
19 16 33 
86 8 39 
9 13 14 
29 59 88 
97 53 87 
55 100 60 
93 49 53 
97 36 42 
33 7 30 
61 86 12 
46 52 18 
17 11 36 
27 57 82 
24 23 29 
43 52 58 
86 98 74 
98 28 6 
86 35 77 
38 80 14 
13 47 43 
89 63 34 
92 86 10 
92 83 58 
70 22 82 
67 28 95 
62 99 77 
5 23 38 
88 50 35 
26 4 65 
60 86 24 
71 37 80 
83 18 71 
65 39 69 
21 99 97 
87 42 24 
21 24 91 
80 94 12 
15 70 17 
75 37 49 
26 28 25 
49 76 42 
18 40 97 
46 7 47 
10 74 81 
34 62 53 
15 49 18 
96 55 19 
49 13 12 
70 24 92 
50 93 82 
17 2 52 
11 28 12 
31 10 3 
67 54 13 
47 86 93 
24 71 100 
34 94 40 
21 79 86 
8 14 45 
95 90 88 
45 19 10 
66 76 35 
62 17 23 
91 96 89 
86 5 37 
54 13 43 
14 23 99 
68 80 4 
1 80 92 
66 55 22 
71 69 2 
31 77 37 
26 12 3 
9 87 8 
53 77 20 
35 29 78 
65 39 53 
30 47 18 
66 99 23 
100 75 32 
90 21 4 
12 48 99 
94 83 66 
7 81 61 
73 78 69 
87 10 57 
42 89 9 
27 17 84 
42 13 37 
50 89 8 
6 80 35 
87 62 78 
84 62 10 
61 22 27 
60 68 40 
30 15 84 
91 28 26 
81 79 1 
13 78 3 
2 67 23 
31 9 52 
68 17 92 
34 39 51 
39 78 16 
8 18 45 
69 50 88 
15 90 94 
94 12 56 
83 69 76 
45 53 82 
74 48 41 
88 58 53 
4 2 100 
39 77 35 
94 58 15 
33 43 48 
32 97 23 
99 18 63 
81 70 13 
58 23 86 
10 68 71 
26 32 56 
34 22 11 
50 72 8 
68 81 94 
18 31 45 
66 52 87 
24 83 55 
29 27 80 
84 49 25 
30 5 97 
57 51 6 
14 55 16 
99 44 53 
99 37 57 
28 38 21 
4 68 18 
4 49 33 
13 56 95 
82 65 14 
31 85 82 
58 44 3 
4 24 3 
75 3 39 
42 84 76 
18 46 12 
25 71 81 
29 70 85 
23 79 81 
100 68 2 
85 91 54 
88 55 42 
96 97 47 
32 84 76 
22 46 23 
60 91 65 
28 60 26 
58 21 51 
24 49 38 
89 86 79 
96 70 85 
95 49 63 
77 64 7 
22 100 59 
34 15 3 
21 2 93 
46 60 21 
39 35 78 
75 94 55 
70 54 9 
99 24 39 
82 100 84 
53 18 1 
100 8 31 
64 55 95 
79 90 30 
61 35 11 
53 13 7 
92 28 41 
79 28 16 
63 71 29 
26 37 99 
94 38 59 
54 36 9 
18 77 58 
37 35 94 
31 38 36 
3 36 76 
25 86 19 
10 89 85 
14 1 12 
63 92 13 
55 73 3 
80 54 33 
81 42 38 
46 22 40 
88 37 90 
5 49 34 
30 83 51 
60 72 73 
56 27 29 
64 95 63 
8 35 34 
79 58 84 
74 87 25 
42 40 84 
26 61 82 
79 41 70 
83 72 18 
56 27 76 
1 32 4 
16 31 33 
5 41 25 
76 72 37 
63 37 97 
73 30 69 
80 40 51 
88 26 62 
53 62 28 
73 60 41 
28 65 27 
62 34 100 
69 50 44 
97 85 7 
92 6 77 
54 93 72 
63 41 15 
23 27 62 
65 41 36 
32 91 86 
40 6 60 
94 24 52 
31 78 32 
83 36 79 
32 60 88 
36 58 17 
54 9 100 
5 8 99 
99 19 90 
83 70 84 
51 35 26 
54 4 28 
64 97 52 
85 32 21 
24 12 10 
100 53 93 
48 7 27 
39 35 19 
40 11 73 
11 82 96 
34 60 38 
50 51 95 
2 49 75 
27 44 46 
15 14 86 
86 31 81 
4 46 58 
12 60 32 
69 94 80 
22 85 66 
4 97 65 
88 87 5 
57 92 62 
22 35 92 
88 36 52 
15 39 8 
11 28 72 
35 59 19 
45 55 68 
15 39 55 
79 89 12 
4 48 83 
30 75 98 
18 79 83 
52 28 49 
50 6 31 
69 35 23 
11 5 97 
5 50 98 
26 28 40 
73 23 22 
26 22 14 
54 38 41 
83 63 84 
85 91 77 
82 63 21 
72 96 17 
86 17 90 
66 67 90 
31 79 87 
44 61 39 
2 75 63 
49 77 91 
34 93 13 
12 33 63 
15 54 86 
15 90 50 
40 45 64 
13 49 58 
76 71 84 
33 6 52 
73 60 66 
48 28 53 
67 49 28 
75 41 34 
48 5 79 
27 51 70 
91 85 98 
96 48 33 
45 47 88 
19 35 13 
20 93 74 
4 2 59 
11 70 20 
42 69 62 
92 5 78 
75 48 77 
50 22 23 
56 46 79 
85 23 49 
7 84 78 
32 41 97 
91 18 96 
8 45 44 
94 65 53 
43 91 54 
88 9 59 
24 55 13 
67 36 41 
71 98 17 
68 78 86 
34 49 58 
44 53 58 
23 27 15 
59 91 82 
85 86 93 
19 98 55 
64 96 76 
38 63 95 
64 43 67 
8 19 76 
83 47 10 
52 24 56 
79 10 67 
29 51 75 
50 73 2 
13 55 27 
94 38 46 
23 5 67 
44 71 91 
31 86 97 
49 33 100 
29 82 80 
81 50 90 
40 89 1 
47 17 12 
47 57 53 
43 75 78 
55 61 41 
93 47 51 
31 45 91 
31 66 19 
74 58 42 
22 89 77 
15 75 19 
71 35 39 
66 82 92 
90 37 20 
84 52 43 
33 16 59 
23 1 97 
61 75 59 
47 61 48 
44 78 97 
21 22 3 
51 21 33 
64 3 33 
34 53 97 
11 9 44 
92 71 83 
70 48 23 
19 95 6 
10 3 44 
26 23 10 
78 35 76 
34 74 33 
52 28 48 
7 68 12 
21 92 68 
12 4 28 
69 63 78 
81 37 1 
68 29 52 
42 35 36 
67 13 75 
72 95 21 
15 100 99 
63 42 17 
15 93 34 
33 31 9 
33 96 42 
67 7 75 
75 96 24 
42 25 94 
36 12 65 
47 91 58 
36 95 9 
95 76 84 
81 30 40 
32 66 23 
40 12 52 
82 89 66 
89 30 12 
5 55 99 
76 1 44 
33 100 54 
52 51 17 
35 75 2 
90 15 72 
16 80 99 
92 78 45 
100 12 31 
20 6 48 
52 21 83 
21 36 9 
20 52 82 
66 99 51 
8 91 51 
58 17 81 
11 14 62 
94 85 55 
47 61 17 
57 17 63 
63 21 49 
84 62 85 
99 43 15 
4 78 30 
26 43 57 
70 29 52 
17 24 90 
87 38 18 
66 33 51 
56 85 47 
23 17 96 
41 89 80 
72 80 18 
53 6 35 
97 48 40 
79 26 64 
19 1 14 
49 91 40 
18 8 48 
4 44 99 
41 49 2 
23 4 85 
66 89 76 
64 83 26 
51 42 100 
19 82 24 
72 29 27 
23 21 69 
79 68 78 
88 22 65 
77 66 72 
48 53 31 
87 41 32 
27 20 58 
93 88 37 
30 27 44 
71 18 92 
46 23 88 
68 98 37 
62 87 59 
42 24 40 
65 62 96 
48 89 44 
99 82 3 
27 90 57 
95 59 79 
41 95 19 
8 48 15 
22 32 54 
7 14 83 
3 10 52 
68 75 92 
61 40 81 
37 36 7 
93 83 50 
50 12 90 
85 53 91 
43 26 23 
20 62 48 
12 5 75 
100 73 5 
16 14 46 
40 9 21 
81 89 9 
30 37 71 
75 23 52 
85 13 37 
16 88 11 
52 42 63 
31 52 96 
38 70 66 
64 23 31 
72 69 14 
42 16 35 
74 68 3 
47 26 2 
83 90 27 
88 33 83 
34 38 28 
73 78 46 
9 11 25 
25 16 65 
57 100 46 
60 43 70 
24 71 81 
86 69 71 
10 36 72 
87 85 73 
48 45 4 
16 68 30 
51 83 15 
68 92 19 
18 69 8 
9 13 16 
61 70 14 
90 97 4 
65 16 40 
44 86 99 
42 69 83 
93 55 19 
74 97 94 
50 67 63 
51 1 47 
66 51 78 
94 75 97 
58 38 32 
27 88 10 
49 19 72 
75 58 55 
12 77 78 
36 88 30 
4 9 94 
30 22 55 
57 61 96 
30 51 25 
3 90 49 
81 73 13 
3 89 51 
31 22 7 
7 90 58 
8 37 66 
28 53 65 
12 27 62 
44 33 18 
25 16 32 
66 43 7 
85 80 65 
57 31 45 
65 98 28 
85 75 69 
4 58 2 
5 74 39 
93 90 24 
38 39 42 
90 9 14 
50 20 1 
86 98 66 
39 41 91 
10 50 80 
5 76 64 
85 76 19 
35 56 51 
65 64 93 
34 98 57 
30 63 52 
83 76 90 
40 35 36 
66 42 35 
36 43 35 
97 49 14 
97 26 50 
2 83 98 
94 49 34 
10 76 86 
91 4 26 
67 58 47 
50 79 62 
15 1 14 
11 62 99 
70 34 28 
58 52 62 
36 56 87 
83 89 40 
12 75 67 
44 94 8 
15 63 95 
12 42 83 
90 68 14 
68 60 99 
66 12 68 
19 49 95 
53 62 14 
72 13 93 
24 36 90 
68 48 35 
29 54 50 
62 28 93 
26 14 97 
29 17 59 
12 47 81 
18 69 62 
98 53 46 
100 5 96 
7 38 79 
53 26 90 
9 62 50 
53 23 8 
33 55 86 
8 66 94 
86 72 6 
93 28 48 
55 27 37 
79 1 72 
2 53 47 
24 80 69 
93 20 97 
18 26 73 
82 65 89 
30 78 29 
23 14 69 
6 69 9 
18 11 16 
50 26 24 
68 82 88 
60 29 66 
19 70 86 
32 82 49 
58 88 99 
51 17 60 
35 30 94 
33 30 26 
73 95 9 
26 38 12 
44 89 11 
71 69 4 
52 71 1 
26 23 64 
45 63 54 
6 98 66 
11 19 43 
82 60 36 
51 24 76 
58 97 67 
24 20 17 
61 100 23 
79 66 9 
40 56 50 
76 8 16 
42 59 20 
27 2 12 
33 50 84 
15 82 87 
44 10 55 
98 30 45 
49 14 60 
6 33 26 
76 25 13 
45 11 52 
59 36 65 
6 70 76 
62 78 83 
68 10 75 
44 10 82 
87 91 76 
79 72 66 
25 87 6 
12 7 62 
90 6 28 
100 67 24 
67 71 20 
92 14 85 
30 89 52 
68 24 48 
92 75 41 
33 29 47 
7 48 66 
35 4 89 
68 3 49 
54 2 38 
89 72 91 
87 91 53 
30 65 21 
42 24 79 
36 70 81 
77 62 43 
40 81 48 
53 8 36 
87 46 29 
26 21 59 
97 83 84 
7 42 5 
55 70 13 
85 37 41 
97 80 37 
95 4 57 
69 4 51 
78 12 60 
82 55 59 
27 60 47 
94 28 88 
21 50 74 
99 12 1 
54 56 30 
76 13 20 
76 25 72 
32 25 86 
79 67 77 
57 98 33 
51 72 9 
72 29 22 
61 100 39 
86 21 49 
79 25 9 
81 62 82 
11 53 59 
16 21 19 
74 53 40 
82 24 56 
30 88 46 
79 37 82 
28 7 51 
17 34 56 
75 24 44 
61 1 5 
11 100 51 
99 11 80 
33 14 28 
22 47 92 
57 44 28 
65 41 2 
18 3 59 
1 30 45 
66 97 35 
18 84 47 
50 8 41 
65 75 26 
6 93 29 
100 66 74 
98 79 21 
78 54 21 
94 86 85 
12 22 9 
68 1 71 
25 15 94 
39 25 59 
72 78 22 
5 95 7 
25 99 44 
78 77 22 
76 95 93 
63 44 49 
74 90 93 
62 90 82 
34 71 56 
3 50 68 
95 26 88 
9 10 2 
86 75 26 
67 58 20 
59 24 86 
68 42 51 
77 62 42 
61 67 11 
25 67 81 
84 66 91 
62 9 87 
12 25 76 
2 94 30 
76 5 77 
64 76 85 
91 41 75 
89 15 72 
50 1 82 
26 32 37 
61 40 18 
16 90 85 
63 47 3 
53 28 19 
59 93 67 
69 44 80 
57 25 72 
63 42 1 
11 53 51 
74 96 76 
17 79 43 
64 70 6 
46 29 79 
23 5 63 
88 16 90 
26 64 18 
60 71 6 
25 72 46 
76 24 47 
59 86 60 
1 59 78 
95 86 4 
61 92 51 
58 83 33 
20 11 65 
69 80 65 
69 16 35 
99 87 80 
53 31 26 
34 9 29 
80 68 81 
4 39 100 
3 29 85 
65 30 40 
26 23 13 
90 31 34 
10 35 34 
94 89 68 
20 24 89 
25 85 61 
67 11 92 
64 32 81 
56 9 77 
48 75 83 
35 5 43 
33 27 10 
97 77 44 
88 82 56 
1 3 49 
11 54 80 
52 78 69 
97 87 22 
21 64 1 
57 89 81 
57 72 26 
21 76 83 
67 92 55 
68 49 39 
31 15 35 
23 27 5 
34 12 19 
78 50 11 
5 66 4 
94 65 26 
56 94 73 
82 14 93 
65 51 46 
61 35 97 
46 80 47 
58 91 86 
83 14 38 
93 49 27 
97 42 99 
63 96 68 
38 83 97 
34 33 84 
48 42 43 
18 17 49 
49 46 45 
6 100 99 
27 64 23 
28 16 58 
24 67 89 
72 94 39 
100 3 36 
60 81 21 
91 71 16 
32 59 99 
80 56 65 
96 97 68 
73 74 33 
30 17 67 
73 20 87 
27 77 98 
4 60 40 
14 45 68 
61 40 5 
25 84 1 
1 59 89 
72 25 80 
94 61 57 
90 14 18 
76 93 31 
84 54 52 
27 37 40 
11 30 70 
49 35 90 
82 44 93 
68 18 43 
33 31 21 
30 47 74 
97 44 1 
100 93 16 
8 52 65 
29 89 49 
41 61 52 
95 83 21 
83 76 57 
22 94 70 
71 44 74 
5 87 95 
3 32 45 
27 35 97 
41 31 80 
41 14 59 
60 97 52 
72 41 9 
25 4 15 
56 10 91 
66 19 42 
11 87 10 
92 81 45 
53 11 5 
42 73 3 
33 85 88 
8 26 98 
16 86 13 
48 15 30 
13 45 100 
40 21 43 
98 43 21 
96 38 56 
46 69 72 
37 76 81 
44 22 37 
81 36 45 
30 66 15 
49 55 6 
73 20 63 
7 78 67 
91 5 22 
60 81 48 
78 71 77 
2 51 17 
77 40 96 
81 29 80 
89 52 87 
2 41 83 
13 29 14 
18 55 43 
73 3 31 
62 2 36 
67 10 94 
97 78 17 
42 30 8 
93 39 85 
62 25 78 
68 75 26 
95 60 2 
34 31 25 
93 73 97 
1 51 27 
71 36 93 
95 59 5 
18 69 58 
76 68 46 
50 25 22 
15 10 95 
21 47 95 
2 43 34 
4 88 94 
35 54 92 
75 17 44 
2 39 91 
11 66 79 
40 9 14 
49 4 12 
76 40 24 
23 6 88 
78 43 38 
10 100 65 
3 2 93 
94 93 23 
1 91 50 
75 30 55 
37 49 10 
76 15 7 
62 15 21 
27 34 46 
40 41 57 
61 14 63 
41 20 88 
88 59 23 
66 43 39 
5 84 88 
14 86 29 
44 81 95 
77 32 18 
26 52 92 
20 12 58 
31 11 26 
12 2 97 
89 85 90 
27 47 48 
55 52 3 
76 80 2 
21 3 39 
52 72 86 
11 73 44 
5 42 44 
34 45 28 
15 29 16 
21 36 5 
27 75 21 
26 20 64 
89 34 97 
59 37 81 
31 59 25 
53 7 29 
3 92 64 
23 41 70 
98 95 97 
52 12 61 
2 37 68 
20 75 29 
11 14 31 
44 33 52 
17 58 28 
39 98 62 
24 19 20 
22 28 62 
67 38 43 
72 13 32 
54 61 7 
14 56 54 
79 17 74 
43 30 16 
57 68 7 
48 61 56 
58 69 73 
2 38 29 
25 51 99 
61 51 78 
25 69 91 
58 71 47 
71 35 6 
33 89 57 
77 18 6 
11 29 71 
63 22 69 
99 78 100 
62 23 36 
92 5 54 
69 98 22 
43 47 67 
14 95 25 
29 87 12 
69 29 99 
30 96 70 
21 32 15 
16 50 87 
55 37 11 
92 17 30 
53 90 4 
97 54 10 
50 53 38 
9 59 6 
84 3 52 
81 45 34 
73 32 94 
19 67 3 
57 28 24 
28 13 58 
84 20 58 
77 58 59 
95 17 64 
85 98 8 
15 65 90 
29 8 49 
47 33 62 
98 20 43 
50 17 30 
27 28 20 
48 1 35 
60 56 33 
45 56 26 
2 96 6 
96 24 53 
79 78 60 
75 22 96 
47 80 98 
96 45 82 
19 37 92 
14 30 85 
82 33 55 
85 8 49 
6 46 24 
30 75 4 
42 65 80 
52 72 54 
73 98 88 
56 21 12 
4 56 78 
62 77 78 
85 73 41 
40 55 45 
58 72 48 
39 31 60 
59 90 87 
53 8 56 
58 42 10 
21 55 31 
35 48 58 
85 49 71 
99 87 75 
81 43 10 
9 15 43 
22 95 66 
92 25 28 
22 97 26 
51 40 4 
63 31 3 
49 90 11 
81 93 11 
77 82 17 
73 79 85 
1 81 64 
86 53 5 
74 43 66 
95 50 36 
53 89 38 
95 77 84 
34 56 74 
7 10 31 
21 74 26 
19 64 10 
15 93 27 
51 24 33 
35 36 46 
37 89 11 
92 19 40 
68 49 46 
67 83 98 
8 92 66 
41 52 25 
48 6 56 
87 100 34 
75 39 45 
91 38 37 
1 80 73 
44 50 80 
26 46 17 
6 94 29 
45 68 66 
90 14 69 
35 4 60 
30 32 26 
87 50 26 
86 41 34 
25 35 54 
60 45 90 
24 5 44 
20 90 53 
48 41 24 
44 80 40 
99 88 9 
51 39 24 
22 5 32 
45 72 33 
2 7 15 
24 80 22 
88 99 93 
38 68 82 
25 64 3 
21 38 30 
72 19 13 
8 64 16 
98 73 64 
31 44 58 
10 60 49 
66 40 32 
31 96 30 
11 28 25 
39 77 46 
28 62 89 
46 27 99 
52 15 77 
5 23 31 
88 85 17 
60 63 20 
99 50 52 
51 5 91 
68 1 40 
77 22 29 
96 41 97 
31 65 59 
23 64 1 
97 63 77 
19 68 18 
75 51 80 
27 74 11 
6 22 16 
71 22 34 
64 21 97 
37 14 2 
35 46 83 
85 66 69 
52 89 2 
13 98 69 
96 16 49 
6 35 31 
2 82 40 
4 80 99 
16 82 26 
36 58 5 
98 30 73 
2 80 46 
31 89 51 
83 72 54 
99 84 23 
3 89 44 
39 89 40 
39 29 94 
97 39 86 
89 20 63 
34 41 66 
40 17 13 
87 59 82 
65 45 29 
65 53 49 
38 89 76 
80 60 51 
56 28 35 
37 45 100 
88 31 64 
46 24 53 
1 10 45 
61 16 100 
29 93 82 
24 67 21 
58 86 97 
3 49 98 
5 68 17 
21 50 86 
72 19 6 
4 7 47 
26 25 80 
33 88 71 
64 36 46 
10 53 58 
53 60 28 
88 32 61 
61 27 67 
10 64 88 
47 72 83 
45 26 99 
90 91 7 
60 38 76 
38 91 62 
35 86 96 
8 65 80 
5 91 63 
73 20 29 
18 97 66 
48 23 7 
4 30 40 
24 90 48 
93 16 62 
21 17 23 
97 23 48 
61 85 62 
58 100 54 
87 20 78 
66 48 3 
15 28 33 
36 65 58 
58 88 78 
60 85 24 
60 55 87 
13 27 9 
11 73 34 
91 37 73 
72 82 28 
52 80 71 
15 13 88 
35 38 48 
72 50 74 
48 36 29 
39 94 76 
66 37 99 
83 91 16 
52 39 48 
36 45 54 
7 84 94 
32 47 1 
78 36 46 
11 88 14 
91 48 96 
25 8 11 
4 35 51 
71 40 95 
34 67 3 
12 32 98 
66 72 81 
68 74 90 
16 42 17 
1 88 99 
12 72 77 
20 57 96 
37 33 80 
62 12 68 
69 29 78 
17 42 7 
60 50 55 
33 75 69 
38 17 25 
51 49 62 
71 92 70 
43 51 96 
29 95 26 
31 36 64 
75 87 94 
62 100 76 
97 9 51 
54 83 2 
93 44 95 
49 53 47 
91 77 34 
31 82 75 
16 37 79 
45 65 94 
71 42 5 
56 98 49 
82 67 40 
89 42 59 
90 56 97 
26 42 97 
87 56 85 
22 28 13 
65 74 90 
29 16 87 
91 1 71 
90 29 34 
1 41 51 
37 4 60 
46 50 33 
12 37 39 
88 47 46 
70 28 38 
54 72 40 
28 70 61 
34 84 87 
17 37 58 
84 21 69 
25 26 42 
27 2 87 
54 13 27 
27 77 53 
39 45 12 
15 54 1 
91 56 98 
48 41 21 
33 10 35 
47 10 4 
25 59 95 
67 13 38 
78 34 50 
71 46 43 
73 55 70 
51 48 30 
97 84 57 
9 30 46 
83 86 59 
8 17 43 
97 77 99 
15 50 45 
40 49 66 
87 81 42 
91 42 26 
73 64 52 
48 15 24 
29 52 11 
64 96 42 
19 8 1 
81 75 68 
12 50 83 
63 71 37 
60 48 65 
74 20 95 
10 1 33 
26 6 22 
84 53 30 
15 54 55 
44 94 4 
66 2 98 
70 53 36 
55 63 16 
13 11 100 
51 89 49 
59 80 97 
23 44 93 
17 80 71 
65 14 95 
64 75 37 
73 45 87 
80 61 60 
14 12 75 
88 5 4 
47 4 8 
84 67 39 
24 51 19 
22 71 89 
15 41 22 
39 64 74 
1 35 50 
82 16 63 
33 77 38 
58 26 47 
36 49 99 
6 21 31 
25 55 22 
67 44 29 
48 51 65 
67 28 98 
68 51 78 
99 23 86 
60 24 27 
19 86 58 
62 4 36 
90 26 3 
61 69 17 
18 49 64 
23 85 14 
28 94 18 
45 21 6 
67 37 52 
97 37 52 
99 87 53 
67 14 49 
62 14 31 
35 30 84 
64 7 98 
21 63 16 
64 69 19 
60 3 100 
55 23 73 
59 81 32 
47 5 73 
98 26 33 
43 94 100 
6 37 69 
93 74 91 
86 53 41 
15 53 67 
31 57 75 
3 25 91 
22 15 52 
85 3 98 
35 47 66 
47 2 4 
81 82 98 
5 18 47 
34 100 99 
77 67 8 
19 17 22 
61 97 29 
13 20 12 
79 100 11 
29 24 25 
75 89 71 
26 59 10 
68 75 4 
66 86 42 
27 86 14 
99 23 24 
98 18 73 
81 93 66 
51 49 33 
34 15 75 
63 7 49 
19 49 91 
54 7 27 
13 84 26 
51 13 43 
22 29 9 
64 28 19 
85 70 9 
65 24 85 
31 93 27 
54 72 31 
35 18 73 
84 69 33 
66 30 86 
26 7 10 
98 72 54 
63 66 27 
27 75 91 
52 3 1 
56 11 7 
3 91 6 
54 4 34 
80 12 89 
91 71 45 
66 85 57 
10 42 16 
13 52 24 
98 60 80 
9 50 92 
13 51 65 
58 79 60 
64 19 78 
62 97 45 
11 23 13 
37 16 43 
30 19 17 
45 92 68 
7 64 10 
9 44 71 
48 70 84 
68 97 70 
15 3 71 
33 28 95 
11 44 65 
56 39 57 
62 67 30 
21 84 92 
44 38 5 
80 53 59 
14 45 65 
25 87 16 
87 75 61 
69 42 75 
87 55 37 
85 38 2 
51 39 56 
67 1 85 
43 88 35 
30 65 12 
8 3 39 
71 68 35 
34 2 68 
23 40 67 
49 98 59 
55 71 52 
83 46 90 
48 79 21 
84 85 31 
11 7 62 
45 30 20 
68 88 4 
47 2 24 
56 86 93 
12 39 14 
91 19 4 
84 67 70 
64 37 24 
32 10 69 
7 32 61 
50 6 36 
54 12 72 
83 28 82 
63 68 67 
79 47 64 
67 71 45 
77 65 42 
68 23 53 
82 12 93 
34 68 91 
4 22 11 
40 53 44 
68 29 88 
70 88 39 
9 80 40 
99 53 52 
7 14 52 
50 9 38 
62 92 7 
10 73 50 
17 94 35 
25 74 18 
42 95 21 
66 99 71 
21 36 67 
38 23 45 
68 15 48 
72 78 32 
64 70 53 
67 57 80 
16 97 73 
76 1 82 
22 61 42 
19 73 79 
18 5 42 
14 51 6 
80 57 10 
72 95 76 
66 82 75 
100 26 69 
27 30 63 
19 51 30 
38 84 34 
76 82 22 
80 21 82 
17 7 88 
11 94 44 
1 52 16 
87 84 85 
13 80 69 
27 39 97 
89 41 71 
17 95 100 
66 81 37 
83 60 80 
77 58 27 
24 13 93 
66 71 48 
54 48 90 
15 6 58 
95 16 79 
72 61 65 
93 4 56 
79 15 1 
9 97 64 
25 46 7 
86 63 98 
35 52 96 
38 89 85 
92 96 43 
76 50 84 
7 49 19 
16 90 62 
76 12 18 
99 56 57 
97 29 38 
61 29 72 
86 78 55 
81 70 100 
66 2 97 
63 71 3 
7 40 67 
93 57 21 
89 90 57 
98 75 18 
40 27 14 
58 52 53 
76 19 23 
11 42 63 
21 51 15 
40 68 58 
95 63 23 
37 29 47 
49 46 16 
27 76 100 
46 6 33 
76 57 82 
11 12 37 
72 69 65 
7 46 51 
50 93 80 
81 47 68 
57 49 9 
37 82 12 
13 40 44 
86 71 53 
7 43 81 
48 41 9 
90 9 3 
76 27 44 
15 14 7 
57 39 92 
15 75 98 
87 89 94 
92 42 30 
17 62 73 
93 95 91 
42 13 74 
17 37 54 
11 19 26 
64 100 3 
65 13 78 
92 97 40 
20 85 64 
62 5 29 
8 95 3 
2 70 58 
89 63 6 
15 98 9 
72 64 37 
4 74 29 
72 46 74 
25 46 27 
2 77 87 
27 66 64 
92 9 80 
85 8 80 
47 60 41 
28 13 75 
58 49 52 
90 25 33 
38 95 40 
14 48 6 
3 16 56 
79 1 29 
83 75 16 
23 94 35 
16 83 88 
93 88 64 
68 82 80 
74 25 97 
79 24 15 
43 25 20 
15 11 74 
64 41 83 
93 37 38 
19 14 85 
58 44 2 
97 88 36 
11 15 41 
65 2 96 
80 54 32 
87 90 47 
17 34 53 
24 8 55 
76 74 35 
5 53 55 
82 63 43 
59 45 36 
34 75 5 
83 23 42 
37 8 6 
37 69 67 
42 95 76 
57 92 89 
56 35 100 
41 8 2 
93 43 46 
52 81 24 
62 53 83 
66 48 23 
99 22 60 
26 84 35 
81 29 20 
13 32 25 
16 73 40 
99 41 14 
18 6 15 
41 43 13 
33 32 94 
3 78 27 
11 15 45 
94 28 46 
36 76 67 
76 73 90 
68 78 61 
58 98 68 
10 26 57 
1 34 98 
26 54 66 
92 15 47 
25 68 73 
89 33 13 
22 41 93 
25 18 22 
82 100 11 
53 17 18 
15 66 33 
40 19 7 
44 40 90 
22 59 35 
20 66 59 
96 33 59 
39 46 100 
48 85 87 
34 18 58 
45 8 60 
86 90 69 
99 57 55 
48 29 28 
87 8 84 
54 9 90 
8 87 27 
94 97 4 
41 38 77 
34 36 9 
79 93 29 
53 4 9 
28 100 15 
26 12 4 
26 9 28 
89 5 25 
43 10 4 
10 53 44 
41 44 76 
89 88 86 
17 60 42 
3 66 80 
1 29 70 
93 99 55 
26 67 82 
24 10 20 
67 30 80 
54 43 42 
5 96 27 
69 33 22 
73 97 10 
91 68 29 
6 30 99 
53 57 18 
78 55 37 
86 99 94 
72 80 69 
23 93 64 
52 86 88 
18 12 16 
33 20 59 
92 74 20 
73 5 21 
46 23 30 
76 73 5 
78 15 46 
69 56 34 
87 25 45 
94 88 35 
90 28 22 
75 56 21 
12 92 62 
62 66 58 
49 9 61 
95 96 15 
47 4 88 
19 7 22 
46 60 95 
91 22 25 
40 46 65 
54 39 43 
89 88 47 
40 67 59 
41 9 60 
59 23 49 
63 83 61 
78 54 50 
15 6 4 
8 36 25 
67 42 47 
85 17 76 
20 52 26 
30 71 56 
63 83 18 
63 16 35 
92 95 84 
38 4 14 
58 37 91 
95 49 45 
3 68 19 
13 85 97 
33 67 59 
85 44 18 
100 91 42 
71 43 12 
22 21 49 
9 1 20 
66 71 55 
51 43 25 
8 69 68 
93 11 86 
44 45 23 
8 78 30 
70 13 80 
88 19 86 
58 45 98 
100 16 91 
94 40 45 
54 25 34 
63 28 4 
74 6 12 
46 12 54 
43 19 73 
26 58 97 
14 78 66 
14 31 37 
70 100 88 
2 42 48 
26 84 78 
34 74 41 
60 91 3 
38 52 12 
48 66 62 
3 45 78 
98 71 80 
19 82 6 
80 52 94 
1 79 50 
18 19 5 
34 8 28 
52 42 85 
81 2 74 
99 22 48 
68 39 29 
32 74 41 
64 84 80 
35 1 77 
41 67 84 
10 19 72 
87 90 10 
59 58 6 
72 74 100 
67 100 84 
64 12 36 
77 21 88 
95 88 87 
13 97 9 
66 52 34 
30 90 86 
76 39 1 
33 12 32 
50 17 41 
55 15 81 
71 87 28 
90 92 3 
59 1 87 
62 21 40 
21 10 65 
60 86 35 
38 65 64 
54 61 89 
80 60 52 
15 3 20 
97 17 79 
2 40 83 
42 9 30 
31 18 16 
82 91 21 
81 82 31 
68 97 19 
56 86 25 
98 79 58 
17 88 14 
39 87 74 
43 73 77 
98 19 77 
17 15 14 
18 64 88 
56 62 82 
75 34 43 
76 80 43 
57 50 38 
33 46 98 
21 64 55 
28 91 88 
56 51 68 
87 64 86 
71 2 41 
1 32 61 
37 6 80 
78 27 45 
61 17 98 
71 92 24 
15 22 61 
69 86 9 
20 29 18 
52 68 100 
68 78 43 
100 72 27 
90 8 11 
56 36 57 
49 58 80 
47 94 66 
17 13 44 
79 66 55 
54 22 91 
18 25 60 
1 49 70 
28 79 99 
42 34 80 
81 74 68 
69 98 91 
20 93 25 
84 44 68 
21 38 35 
67 45 12 
4 37 72 
23 27 79 
27 97 62 
46 99 28 
31 1 87 
54 89 81 
50 21 28 
49 65 64 
88 55 2 
89 61 43 
9 77 50 
76 13 38 
9 59 33 
60 3 62 
38 73 29 
20 82 16 
100 95 49 
8 59 33 
13 32 5 
85 63 75 
15 69 31 
2 33 42 
48 22 24 
45 26 50 
87 52 53 
94 60 54 
56 63 19 
11 25 89 
91 73 3 
9 1 28 
92 12 52 
58 50 49 
53 45 76 
6 92 24 
29 50 63 
75 3 57 
34 54 68 
83 33 22 
5 26 34 
65 92 14 
2 7 1 
69 57 5 
30 87 65 
69 47 40 
92 74 96 
41 14 3 
79 84 32 
58 44 11 
42 25 82 
51 44 54 
56 98 58 
72 9 65 
12 31 34 
59 83 10 
61 5 68 
89 92 78 
15 67 31 
69 43 2 
4 85 63 
2 55 8 
56 77 74 
48 53 49 
1 73 86 
20 94 45 
66 76 78 
3 76 63 
80 63 22 
17 11 3 
52 12 10 
44 51 70 
20 16 84 
51 38 26 
64 9 36 
93 96 22 
15 97 24 
19 88 68 
22 58 32 
73 16 70 
79 40 77 
94 11 57 
50 9 21 
56 90 22 
82 15 68 
59 34 44 
85 90 14 
6 79 60 
12 51 31 
81 47 84 
66 57 26 
36 78 29 
19 81 63 
62 20 71 
8 45 93 
18 56 51 
55 9 56 
51 29 32 
6 21 61 
63 82 87 
68 100 82 
49 51 63 
76 97 14 
10 84 15 
89 57 97 
58 22 49 
50 56 19 
20 88 10 
65 1 78 
56 16 34 
45 13 52 
67 6 53 
29 49 94 
14 55 28 
93 43 29 
31 22 13 
35 54 68 
62 64 12 
45 84 37 
60 75 34 
31 16 5 
17 3 39 
1 48 49 
42 25 50 
27 65 24 
29 50 66 
32 78 20 
37 16 73 
93 24 43 
83 81 90 
61 17 76 
90 5 28 
54 85 84 
59 75 14 
60 22 27 
65 62 83 
1 11 38 
27 34 83 
75 23 50 
51 42 13 
35 48 52 
23 84 8 
35 27 80 
51 35 11 
57 2 24 
1 66 25 
82 84 69 
67 40 18 
8 69 32 
22 39 55 
37 34 5 
66 56 1 
92 7 73 
85 86 76 
26 11 52 
96 37 46 
88 48 29 
25 29 73 
6 2 21 
45 88 70 
14 66 3 
62 72 31 
7 97 100 
28 72 90 
56 57 40 
25 35 46 
18 17 8 
42 45 20 
43 75 59 
56 12 36 
2 26 54 
97 45 5 
33 25 68 
8 99 98 
34 13 2 
64 96 34 
65 55 19 
67 58 68 
18 95 10 
63 17 97 
23 92 9 
55 10 54 
36 39 44 
68 25 41 
77 60 36 
16 90 86 
90 70 67 
45 11 95 
16 8 29 
10 86 6 
53 24 63 
59 100 29 
1 56 52 
81 89 64 
18 83 61 
33 94 72 
