1000
100000
74 1 78 
49 65 46 
26 81 2 
75 54 61 
72 38 57 
11 5 57 
14 17 2 
30 54 9 
45 43 54 
27 66 12 
76 75 79 
62 42 65 
39 38 27 
27 25 54 
82 76 70 
17 75 35 
78 39 8 
50 70 57 
70 65 17 
61 10 4 
52 54 72 
11 73 34 
67 77 12 
20 81 29 
80 32 73 
47 42 50 
27 22 15 
41 81 82 
63 83 18 
55 58 75 
57 71 62 
80 64 13 
37 72 76 
56 52 59 
19 44 64 
74 33 31 
37 75 40 
78 20 25 
78 7 43 
8 25 27 
66 54 46 
26 51 29 
72 11 47 
74 8 50 
39 32 63 
25 42 35 
52 51 28 
82 80 19 
42 59 20 
2 49 69 
76 67 16 
51 36 73 
72 68 69 
43 81 16 
79 16 61 
3 5 26 
55 17 53 
41 32 2 
13 6 48 
3 12 79 
14 36 62 
28 62 16 
42 9 30 
37 12 82 
67 27 85 
70 42 74 
81 61 40 
33 38 35 
75 39 45 
27 28 20 
43 61 22 
65 5 24 
38 33 65 
7 29 34 
55 57 66 
28 31 13 
41 46 44 
9 47 58 
80 49 56 
67 29 66 
34 7 28 
36 12 56 
12 54 46 
21 5 73 
33 9 18 
62 37 33 
7 47 62 
58 78 11 
14 27 86 
24 37 8 
66 68 35 
6 12 26 
56 41 70 
62 61 48 
58 60 79 
31 14 62 
7 10 26 
68 74 8 
40 16 21 
67 83 43 
80 50 4 
13 42 37 
82 63 67 
61 83 66 
48 19 41 
12 50 42 
32 43 16 
74 19 34 
80 68 4 
18 31 16 
14 13 21 
9 66 7 
43 78 62 
80 51 48 
41 80 31 
41 6 65 
72 70 15 
21 47 20 
72 59 12 
57 84 32 
16 46 49 
38 82 50 
21 25 74 
3 15 26 
72 21 55 
66 60 2 
29 58 75 
3 32 8 
14 65 45 
19 8 76 
67 64 47 
19 45 79 
28 2 64 
42 7 70 
5 62 17 
38 9 83 
13 38 23 
13 14 53 
9 81 21 
5 20 26 
72 42 29 
52 13 48 
72 65 61 
25 8 11 
72 26 57 
30 37 77 
31 51 34 
77 15 75 
81 22 61 
23 81 52 
78 46 15 
29 72 27 
5 71 80 
48 33 80 
67 85 30 
19 50 5 
65 30 21 
25 76 48 
24 11 64 
66 78 51 
80 44 67 
27 47 45 
77 42 40 
9 64 36 
67 29 60 
5 21 19 
49 17 63 
56 44 65 
33 26 30 
5 8 85 
57 78 66 
41 24 54 
9 31 33 
1 85 70 
2 6 63 
74 81 80 
4 21 86 
55 77 74 
46 11 16 
46 33 50 
20 74 66 
19 22 18 
46 27 80 
62 25 49 
37 51 52 
22 8 51 
34 72 35 
57 17 51 
35 39 77 
5 32 13 
85 20 38 
33 39 11 
31 64 30 
57 9 71 
39 76 35 
17 7 66 
8 65 80 
79 50 9 
60 68 22 
41 83 16 
72 66 68 
16 22 18 
32 47 9 
65 21 2 
74 34 33 
15 12 20 
55 44 10 
21 10 50 
69 7 48 
14 2 18 
57 13 59 
17 50 85 
3 59 50 
55 8 65 
26 18 72 
1 3 52 
40 3 19 
45 3 81 
16 73 40 
85 12 15 
52 7 61 
61 63 14 
35 47 4 
74 84 53 
62 34 4 
29 75 83 
43 80 41 
24 41 66 
28 29 5 
39 29 68 
3 1 4 
7 6 37 
75 62 5 
13 17 15 
56 26 4 
85 33 12 
42 68 4 
85 10 8 
11 35 60 
77 33 42 
24 70 31 
82 70 79 
74 23 35 
69 36 18 
11 51 3 
54 65 59 
75 45 60 
57 4 51 
67 1 51 
42 54 7 
83 22 33 
62 17 73 
81 46 60 
62 37 11 
28 26 29 
67 18 23 
65 25 28 
2 62 14 
32 26 37 
17 56 38 
32 19 70 
40 57 38 
75 24 44 
15 75 33 
22 59 35 
25 64 34 
75 9 61 
32 46 62 
33 51 66 
4 17 12 
54 59 40 
69 8 74 
25 82 42 
47 82 54 
72 18 63 
85 42 28 
56 29 71 
69 26 19 
1 29 19 
62 50 52 
32 30 59 
2 30 16 
39 84 74 
38 51 32 
27 75 5 
75 62 25 
62 43 82 
84 22 83 
82 23 70 
21 14 66 
4 82 9 
8 22 35 
28 53 48 
48 84 70 
40 14 34 
60 34 84 
36 61 62 
51 63 49 
19 8 22 
35 34 8 
58 24 27 
82 79 56 
25 73 1 
10 54 22 
3 14 42 
70 66 16 
77 38 80 
28 10 21 
34 75 4 
20 72 6 
55 52 20 
35 48 52 
74 48 41 
26 10 23 
29 51 14 
74 45 17 
26 82 61 
10 39 11 
57 54 32 
17 39 25 
55 83 24 
40 9 10 
19 57 33 
66 47 24 
23 5 67 
25 24 3 
80 53 59 
39 27 42 
3 14 41 
25 32 16 
62 76 36 
75 61 36 
71 16 39 
59 65 31 
4 34 46 
7 31 22 
63 16 82 
10 59 26 
49 48 53 
64 41 17 
85 26 43 
76 69 52 
39 32 53 
17 10 32 
15 62 27 
52 49 61 
66 78 64 
57 83 23 
4 17 3 
51 49 36 
7 21 3 
72 69 41 
10 73 20 
30 15 48 
71 19 15 
85 28 48 
8 80 47 
40 56 42 
49 16 70 
77 30 45 
21 43 40 
26 55 66 
22 51 31 
44 39 36 
69 14 23 
35 19 72 
55 65 19 
32 33 36 
46 84 71 
84 82 11 
41 52 58 
23 44 45 
11 43 18 
14 32 79 
9 1 17 
8 77 67 
36 63 51 
13 61 40 
66 77 61 
45 70 17 
33 14 21 
35 17 65 
71 14 78 
52 42 38 
30 68 16 
78 85 8 
38 13 76 
65 54 77 
85 52 42 
4 9 7 
71 20 31 
49 21 53 
23 1 66 
5 56 44 
6 39 60 
22 34 71 
81 51 76 
2 43 25 
42 13 4 
28 53 60 
44 47 78 
7 67 75 
2 43 78 
26 15 20 
72 25 57 
60 23 70 
20 16 39 
42 14 59 
33 28 25 
85 14 48 
57 45 49 
42 69 75 
44 27 46 
58 73 45 
82 77 20 
6 68 59 
27 61 57 
15 81 30 
52 53 58 
46 68 76 
57 56 39 
77 79 40 
67 42 74 
39 24 51 
6 64 25 
39 74 64 
40 46 86 
24 45 71 
7 70 28 
50 85 68 
86 34 41 
55 6 49 
18 31 23 
38 83 35 
25 56 74 
47 23 65 
81 24 70 
11 64 66 
75 33 48 
17 82 45 
7 73 60 
28 70 6 
15 59 79 
80 47 71 
66 51 61 
4 40 60 
55 73 23 
53 78 51 
55 12 16 
17 67 13 
7 4 47 
25 50 20 
5 57 60 
78 76 80 
23 48 7 
66 81 84 
50 34 78 
45 26 56 
71 22 15 
17 3 76 
27 13 9 
28 54 1 
66 55 22 
2 27 33 
72 29 85 
45 26 38 
49 44 26 
55 81 1 
8 6 60 
60 61 26 
3 67 19 
56 17 77 
74 47 41 
51 48 30 
79 20 49 
85 38 11 
7 32 17 
82 68 73 
84 37 6 
81 80 85 
6 9 46 
6 57 45 
38 57 45 
62 25 78 
59 85 56 
38 81 42 
4 5 36 
36 9 57 
34 38 28 
7 68 51 
43 26 81 
80 10 55 
22 12 31 
15 60 64 
51 44 70 
45 30 33 
26 79 68 
13 21 8 
86 5 6 
70 66 62 
58 12 1 
3 7 84 
26 65 38 
66 41 2 
19 64 10 
43 74 69 
42 68 75 
35 39 71 
39 75 3 
18 44 10 
17 13 44 
51 70 56 
33 12 32 
31 72 12 
41 61 67 
26 28 25 
45 70 47 
60 26 28 
73 25 68 
48 5 34 
17 19 12 
23 62 7 
28 43 27 
13 25 79 
66 4 64 
48 27 73 
52 17 51 
68 74 38 
70 75 74 
19 11 37 
45 34 10 
71 30 41 
21 14 62 
23 27 71 
62 76 82 
19 6 64 
44 70 10 
27 51 74 
45 14 28 
50 11 78 
36 65 41 
82 31 69 
40 48 58 
81 80 35 
75 62 61 
52 68 45 
34 57 4 
77 15 29 
75 23 52 
57 50 58 
55 81 22 
57 31 56 
68 16 13 
19 39 31 
40 22 2 
72 40 68 
69 66 85 
83 70 73 
20 30 45 
72 8 83 
69 22 63 
56 21 8 
5 76 10 
65 1 84 
86 14 15 
86 8 12 
2 54 6 
53 61 55 
33 83 47 
19 82 59 
21 65 81 
51 36 48 
48 38 30 
17 22 71 
77 53 84 
78 2 21 
62 53 34 
79 48 52 
53 38 61 
72 54 74 
27 7 21 
11 48 29 
81 36 67 
48 45 68 
41 8 6 
67 58 83 
84 27 14 
64 65 46 
20 39 2 
78 41 25 
22 54 32 
73 77 43 
82 69 5 
18 21 68 
85 7 4 
80 57 10 
74 28 24 
79 1 50 
19 40 69 
14 78 56 
32 84 79 
15 11 16 
33 22 39 
60 3 61 
60 10 49 
33 42 44 
28 8 24 
27 12 28 
36 25 10 
1 24 65 
7 12 3 
45 35 7 
77 42 12 
15 42 34 
76 40 69 
36 52 72 
66 29 4 
59 14 61 
13 48 22 
7 75 1 
62 14 50 
63 67 68 
42 6 5 
32 29 51 
58 78 32 
82 85 50 
70 66 46 
52 71 1 
46 15 24 
45 83 64 
6 73 25 
26 15 38 
70 6 64 
14 28 33 
82 79 74 
22 38 15 
75 56 52 
1 62 9 
20 84 58 
15 64 4 
20 12 67 
67 60 46 
65 12 30 
1 7 2 
75 24 56 
5 71 54 
86 6 10 
16 35 65 
45 12 37 
80 68 24 
60 13 42 
42 5 24 
16 72 1 
26 2 28 
33 47 10 
68 51 83 
3 51 54 
70 77 33 
9 21 36 
53 3 59 
8 48 12 
72 49 38 
14 57 3 
74 25 78 
43 50 4 
33 35 85 
7 80 17 
16 7 48 
81 72 66 
63 82 43 
37 28 81 
45 40 61 
24 15 18 
51 77 30 
73 38 67 
26 11 13 
74 78 36 
34 1 15 
82 31 85 
74 1 24 
10 47 4 
64 16 39 
58 4 43 
36 76 14 
15 2 66 
9 10 2 
33 26 81 
16 11 18 
27 25 4 
37 77 66 
51 41 40 
53 29 17 
62 49 63 
80 44 49 
58 27 25 
33 59 9 
5 42 44 
11 12 1 
28 53 62 
68 7 84 
55 18 45 
64 15 77 
52 65 33 
18 35 45 
54 49 8 
69 16 56 
25 32 13 
62 24 41 
41 25 76 
59 58 77 
46 70 9 
69 49 17 
21 62 66 
11 54 37 
67 4 8 
21 17 81 
2 15 7 
31 23 73 
58 13 52 
50 75 77 
11 37 41 
24 7 57 
78 7 6 
14 30 1 
48 61 56 
35 17 50 
45 28 34 
58 15 6 
44 35 56 
54 11 68 
76 32 84 
85 7 51 
67 41 36 
71 79 43 
79 9 10 
43 80 2 
59 12 70 
47 10 83 
30 16 75 
81 41 71 
80 40 62 
62 17 68 
41 12 3 
63 22 37 
79 85 46 
84 38 33 
46 34 27 
27 17 43 
44 84 62 
34 12 31 
45 59 8 
7 20 6 
12 11 20 
74 75 33 
2 34 83 
73 46 78 
3 73 42 
40 15 37 
18 20 24 
77 85 63 
34 39 5 
49 32 23 
12 20 58 
77 31 11 
45 33 41 
13 62 75 
74 30 40 
35 59 19 
44 3 50 
30 1 62 
58 24 78 
37 39 12 
8 19 78 
26 71 63 
66 43 54 
9 46 84 
17 13 39 
66 23 32 
55 14 46 
70 38 66 
35 71 81 
64 72 73 
20 59 56 
67 71 45 
78 16 39 
73 74 45 
21 64 5 
1 82 23 
47 12 81 
47 50 38 
52 11 28 
12 64 20 
13 54 29 
22 30 55 
29 80 13 
60 53 40 
3 78 49 
21 26 77 
67 25 9 
71 78 15 
41 63 30 
40 56 31 
80 55 36 
82 52 73 
14 69 72 
28 12 11 
28 76 80 
39 83 16 
13 47 6 
41 40 4 
8 32 77 
15 20 17 
15 1 51 
53 78 47 
77 80 55 
24 22 1 
13 85 66 
52 55 64 
48 60 67 
80 62 12 
65 16 25 
4 75 32 
7 51 12 
34 78 72 
58 83 11 
14 11 62 
75 43 28 
67 6 32 
74 6 78 
26 22 54 
4 71 61 
15 41 84 
41 73 60 
30 37 86 
16 15 22 
63 28 4 
3 73 59 
66 6 42 
46 25 7 
16 52 64 
4 5 24 
78 42 44 
65 9 71 
71 16 5 
35 33 4 
52 49 39 
47 24 76 
58 66 70 
23 18 47 
48 44 11 
47 70 30 
15 11 82 
37 3 50 
2 20 11 
23 2 8 
26 23 13 
78 36 34 
62 65 56 
58 18 13 
18 70 36 
54 76 3 
36 23 72 
21 12 57 
55 15 81 
69 6 78 
65 77 42 
29 27 57 
24 37 64 
15 75 34 
15 19 3 
83 18 15 
19 37 85 
78 9 32 
38 34 53 
83 59 74 
39 76 1 
62 77 43 
61 73 82 
75 51 29 
9 38 58 
69 66 11 
69 25 71 
64 44 4 
78 47 25 
39 29 65 
21 70 37 
83 5 20 
25 8 19 
60 22 43 
27 47 60 
1 76 44 
8 39 44 
36 42 85 
59 35 84 
49 28 59 
56 4 78 
76 72 38 
27 36 74 
45 11 15 
63 61 68 
40 68 60 
60 45 22 
26 82 42 
41 44 64 
18 21 65 
47 85 63 
70 71 43 
61 12 4 
1 11 25 
29 52 66 
24 1 15 
25 2 72 
25 70 17 
80 51 22 
27 47 48 
71 37 46 
45 76 81 
57 51 9 
47 65 36 
34 71 80 
2 9 40 
22 62 10 
27 32 8 
2 63 75 
69 16 31 
21 6 31 
51 44 46 
44 61 46 
78 85 65 
76 1 73 
86 20 7 
18 81 45 
25 4 15 
11 13 23 
9 29 22 
35 6 27 
24 12 10 
65 11 14 
28 19 47 
42 23 83 
50 81 32 
34 4 73 
3 67 72 
62 70 73 
75 37 65 
32 50 84 
32 47 66 
14 23 58 
63 11 83 
14 69 81 
20 37 26 
58 67 75 
23 64 1 
55 43 71 
63 12 15 
73 85 49 
69 84 21 
38 3 63 
36 54 57 
81 67 60 
46 5 22 
44 19 54 
33 27 22 
66 37 15 
45 77 60 
23 16 9 
10 68 35 
86 49 21 
11 73 43 
55 24 13 
57 63 75 
77 29 22 
5 14 8 
17 21 23 
57 68 7 
72 79 20 
73 8 74 
23 43 64 
80 11 54 
5 13 53 
84 42 81 
81 18 58 
26 7 6 
18 63 81 
46 47 7 
63 83 64 
8 63 47 
29 59 30 
69 14 33 
79 36 58 
73 84 33 
22 68 43 
28 78 49 
43 68 18 
15 12 64 
58 52 26 
20 85 77 
24 31 21 
45 10 43 
32 81 56 
