10000
100000
25 40 88 
2 44 84 
23 12 88 
83 57 76 
94 35 37 
92 48 97 
59 3 75 
43 98 49 
12 92 16 
92 16 51 
2 11 72 
36 31 49 
83 12 42 
18 34 22 
17 48 13 
98 77 6 
94 47 9 
71 63 26 
77 48 51 
64 40 11 
59 71 46 
50 11 18 
84 69 39 
67 61 41 
18 2 92 
37 11 59 
69 76 83 
7 84 32 
43 46 56 
85 47 63 
9 31 33 
93 97 8 
85 9 98 
62 50 52 
97 99 77 
53 61 67 
65 97 4 
11 78 97 
3 68 74 
96 63 86 
95 11 41 
3 24 50 
55 56 49 
2 62 36 
26 73 18 
86 31 26 
29 25 24 
63 2 6 
43 96 92 
77 92 99 
60 96 72 
81 11 39 
82 61 26 
3 75 37 
21 49 31 
83 40 2 
6 82 35 
39 59 12 
48 49 53 
97 35 27 
31 26 64 
33 64 12 
9 75 69 
5 76 86 
75 52 23 
57 91 96 
10 97 74 
9 17 80 
15 75 19 
35 27 40 
34 75 94 
88 52 23 
20 93 74 
40 29 77 
65 90 2 
62 92 57 
42 69 15 
93 50 38 
41 69 6 
34 65 15 
70 77 33 
43 71 61 
9 44 58 
54 2 6 
34 65 16 
61 89 67 
70 72 14 
18 20 29 
46 30 43 
82 14 11 
30 15 18 
28 1 54 
100 91 94 
18 7 89 
9 45 64 
34 54 44 
23 17 96 
58 87 15 
27 31 52 
13 28 2 
22 56 92 
64 44 19 
55 99 5 
56 19 35 
27 58 16 
30 94 67 
15 30 51 
59 57 13 
80 49 85 
36 47 26 
99 12 100 
13 100 11 
19 70 32 
59 79 71 
35 49 23 
34 75 60 
16 57 55 
20 44 93 
33 17 59 
25 28 41 
36 90 66 
96 66 6 
25 17 34 
10 42 20 
26 49 70 
94 4 33 
27 24 58 
23 31 5 
60 17 51 
34 60 69 
28 65 27 
5 80 74 
5 48 19 
68 10 66 
58 47 9 
65 28 53 
57 47 53 
9 6 46 
3 68 38 
44 76 56 
86 19 92 
45 95 16 
8 19 9 
57 78 25 
84 36 71 
97 78 72 
43 70 60 
13 53 7 
84 19 49 
55 87 25 
86 15 41 
87 47 79 
87 20 78 
65 61 69 
19 37 11 
59 80 53 
7 75 1 
51 41 1 
18 23 28 
26 19 69 
30 8 37 
64 44 41 
15 42 35 
60 87 69 
31 70 3 
36 26 61 
26 9 75 
92 6 46 
97 63 77 
22 21 100 
98 95 83 
8 59 17 
38 95 47 
77 17 82 
6 92 24 
9 1 20 
6 89 7 
43 30 14 
46 60 67 
97 68 79 
15 3 92 
27 44 89 
43 9 15 
83 45 4 
9 8 64 
49 46 4 
53 50 21 
54 95 47 
69 72 14 
62 59 89 
86 98 42 
81 10 43 
89 8 50 
44 71 74 
75 32 43 
7 38 81 
77 34 82 
23 75 28 
81 38 42 
82 68 38 
51 35 26 
34 53 38 
43 54 13 
36 60 77 
56 50 81 
5 19 95 
7 40 19 
59 80 45 
36 68 98 
2 92 70 
27 60 24 
61 57 54 
19 42 28 
66 70 57 
38 98 46 
82 56 94 
21 39 38 
54 98 51 
100 25 41 
56 44 65 
34 64 60 
53 41 27 
23 30 80 
93 81 84 
98 48 74 
9 81 89 
19 66 15 
95 9 36 
44 54 19 
18 72 26 
28 10 82 
34 55 2 
51 7 93 
42 51 58 
43 67 83 
71 65 9 
24 65 1 
71 34 22 
60 70 3 
62 70 10 
63 69 57 
4 61 28 
44 49 63 
27 16 84 
22 98 77 
70 48 87 
95 12 66 
31 77 37 
35 2 58 
92 96 84 
81 2 74 
39 51 41 
47 6 13 
74 33 63 
79 37 49 
44 85 1 
97 10 78 
44 96 99 
19 17 93 
72 13 59 
80 26 25 
17 96 22 
11 68 99 
80 14 64 
49 2 95 
2 44 58 
12 27 8 
46 95 27 
21 81 9 
50 9 13 
12 15 95 
7 75 67 
28 75 13 
87 71 40 
27 25 46 
54 26 66 
43 25 11 
4 25 74 
9 94 89 
59 88 48 
12 90 4 
5 28 8 
97 52 37 
90 46 26 
5 86 53 
5 89 11 
52 79 91 
13 1 78 
30 40 27 
85 67 35 
75 16 51 
70 44 32 
96 51 14 
42 77 12 
32 13 33 
1 57 16 
51 39 22 
79 44 86 
89 25 58 
73 31 48 
86 90 42 
61 49 70 
60 49 85 
57 91 6 
84 67 70 
20 55 52 
75 21 49 
46 8 96 
18 75 71 
48 67 1 
1 52 61 
17 78 97 
13 40 17 
23 27 15 
95 64 55 
34 40 57 
26 47 58 
83 51 68 
97 27 39 
82 26 67 
33 37 3 
16 46 11 
16 40 26 
42 86 95 
37 66 99 
12 26 39 
57 54 26 
20 55 37 
62 5 4 
64 91 36 
38 76 53 
13 21 71 
78 32 31 
50 14 21 
64 96 68 
21 83 60 
1 25 39 
53 42 4 
62 2 50 
65 40 27 
37 78 90 
62 61 93 
40 46 86 
86 27 39 
74 32 93 
35 1 61 
8 19 1 
60 55 73 
78 64 52 
86 7 27 
77 99 83 
53 44 36 
76 38 65 
99 42 87 
49 3 78 
56 85 59 
19 27 12 
89 2 77 
48 36 29 
31 48 53 
41 49 60 
29 49 16 
47 74 22 
45 92 66 
62 24 61 
78 25 76 
19 69 65 
66 27 8 
89 12 79 
88 98 97 
36 12 79 
61 100 39 
86 91 21 
91 23 79 
65 40 86 
47 8 4 
36 100 66 
85 70 9 
66 78 92 
19 93 55 
19 89 98 
57 50 13 
7 1 21 
92 49 93 
44 1 7 
59 78 76 
82 80 95 
13 99 83 
48 82 80 
59 45 36 
56 96 97 
95 17 64 
61 26 60 
6 77 18 
31 50 6 
4 90 25 
94 91 93 
37 71 80 
67 36 81 
30 9 46 
6 11 80 
29 83 47 
22 82 76 
46 37 16 
7 1 2 
90 32 39 
3 99 17 
55 31 70 
79 31 43 
4 71 61 
22 59 33 
61 86 93 
55 98 1 
61 63 43 
53 96 69 
31 25 91 
67 55 92 
15 83 51 
44 47 88 
4 65 98 
39 28 19 
9 51 57 
74 45 59 
16 55 50 
65 26 38 
15 86 12 
1 28 50 
47 72 24 
64 42 37 
65 42 79 
36 21 60 
3 35 67 
55 19 98 
71 32 27 
63 58 78 
80 65 69 
20 69 93 
21 3 31 
73 5 45 
38 90 99 
45 82 79 
59 94 51 
41 45 27 
57 53 12 
29 39 64 
71 63 29 
39 54 28 
38 49 92 
67 17 30 
29 11 24 
94 37 92 
17 97 7 
85 55 94 
2 27 20 
66 14 29 
61 25 89 
94 75 61 
24 60 80 
27 65 7 
17 76 56 
16 5 15 
20 25 43 
22 100 83 
54 57 74 
63 35 65 
17 85 52 
86 29 14 
5 42 71 
89 37 84 
76 22 19 
36 34 77 
91 5 37 
55 89 88 
28 81 67 
23 32 86 
100 91 57 
41 77 94 
64 51 26 
20 69 71 
9 66 20 
75 50 49 
83 20 84 
9 63 85 
67 9 97 
47 46 67 
9 39 86 
39 21 3 
57 45 31 
15 59 24 
68 66 33 
24 25 3 
22 46 27 
7 4 86 
30 59 29 
38 49 24 
23 66 48 
88 44 38 
15 72 86 
81 80 85 
11 37 92 
60 3 90 
5 61 68 
43 22 67 
27 63 35 
16 4 11 
64 37 75 
41 62 24 
46 33 98 
57 11 47 
94 65 77 
32 49 30 
73 93 25 
95 14 69 
3 100 60 
43 18 17 
19 85 96 
25 37 36 
17 97 63 
87 92 65 
93 43 29 
6 3 91 
94 55 68 
90 38 94 
26 3 90 
78 74 1 
9 62 38 
74 24 16 
94 1 41 
94 35 19 
95 16 11 
27 72 45 
59 93 67 
60 92 49 
34 38 66 
8 37 9 
30 45 49 
30 88 57 
60 35 86 
76 96 64 
24 94 13 
42 29 72 
4 79 19 
6 65 24 
73 38 52 
82 20 94 
48 10 41 
59 81 55 
77 35 62 
54 89 65 
43 77 73 
57 71 9 
8 92 24 
82 57 49 
67 34 8 
4 85 78 
29 49 13 
51 25 18 
30 47 60 
72 22 75 
9 6 2 
60 70 32 
5 52 77 
75 99 17 
44 48 89 
10 45 43 
82 22 69 
16 6 2 
68 99 79 
81 74 67 
66 36 89 
60 39 73 
67 89 24 
59 93 22 
92 48 49 
6 89 32 
63 81 18 
38 89 20 
62 34 53 
9 40 21 
87 20 73 
30 98 86 
24 57 7 
71 76 97 
37 63 71 
25 76 83 
32 16 24 
24 41 93 
17 34 93 
85 25 37 
37 95 56 
75 95 65 
40 83 89 
23 32 66 
65 40 46 
47 90 87 
14 22 28 
17 41 64 
90 76 10 
32 48 90 
22 35 93 
36 39 11 
15 22 32 
43 71 95 
2 38 85 
91 73 24 
28 85 50 
5 57 11 
52 30 31 
13 95 45 
4 50 86 
52 48 11 
66 36 93 
13 51 42 
78 66 51 
7 99 15 
17 77 24 
91 39 2 
9 11 25 
1 75 86 
90 51 80 
65 34 88 
99 86 94 
31 58 34 
30 59 27 
85 37 32 
36 34 20 
21 31 24 
1 98 82 
100 49 95 
73 35 49 
21 84 90 
42 44 5 
45 8 18 
77 12 8 
91 78 12 
7 64 98 
12 6 44 
7 95 81 
58 55 28 
61 66 51 
32 88 57 
45 77 17 
16 27 48 
6 45 42 
26 44 27 
23 9 87 
33 25 28 
43 67 13 
12 89 10 
100 71 24 
26 30 33 
45 8 14 
89 53 42 
58 29 51 
8 47 40 
95 22 20 
38 13 23 
27 78 54 
67 39 18 
11 10 87 
10 77 91 
20 22 51 
29 27 49 
71 32 18 
1 87 17 
48 83 29 
47 23 72 
90 53 26 
87 81 42 
100 11 51 
2 41 52 
93 86 8 
36 66 63 
95 9 41 
88 75 24 
23 17 62 
80 72 86 
81 46 100 
3 34 67 
23 48 87 
39 89 96 
61 17 76 
20 73 29 
85 68 1 
23 8 53 
6 52 25 
92 74 5 
3 57 26 
83 17 47 
15 53 84 
52 51 17 
61 75 76 
16 11 56 
31 71 60 
53 84 97 
80 65 58 
77 98 37 
57 12 39 
34 7 77 
71 27 2 
64 47 48 
3 34 15 
8 6 60 
20 11 65 
48 98 8 
100 1 39 
37 96 42 
95 27 10 
34 68 20 
26 46 5 
30 81 7 
100 24 43 
20 78 81 
77 7 3 
83 17 31 
35 34 42 
81 39 14 
41 48 52 
84 87 8 
68 61 63 
70 89 47 
47 86 84 
98 85 91 
7 46 24 
72 54 40 
51 17 26 
71 23 39 
28 78 91 
20 34 4 
87 5 88 
61 73 24 
33 30 10 
19 16 79 
80 66 43 
13 9 27 
51 56 68 
98 8 5 
21 29 78 
29 11 44 
67 58 97 
50 22 25 
32 12 61 
22 38 15 
68 13 64 
57 94 61 
44 90 89 
55 15 4 
97 50 22 
1 90 23 
89 43 14 
37 67 68 
60 91 64 
99 100 11 
11 51 53 
66 45 24 
54 45 49 
52 7 83 
39 73 65 
21 10 65 
23 5 14 
22 72 78 
40 70 54 
87 89 52 
14 100 80 
62 87 9 
76 16 24 
90 49 35 
55 70 9 
31 1 70 
70 75 14 
54 74 76 
28 69 85 
67 27 11 
39 73 62 
69 35 52 
17 99 73 
2 80 46 
57 77 67 
51 99 33 
18 35 45 
4 74 40 
99 50 60 
81 71 17 
78 2 36 
38 75 68 
93 6 43 
80 83 93 
66 55 75 
33 6 27 
83 13 2 
25 13 79 
32 92 11 
81 24 52 
81 77 1 
30 27 44 
52 10 31 
98 3 71 
61 53 23 
86 33 42 
72 2 16 
62 60 97 
85 36 98 
80 65 8 
30 4 75 
28 45 56 
52 71 95 
72 6 19 
57 78 47 
20 98 45 
15 3 19 
74 60 13 
49 82 96 
65 83 43 
80 68 82 
18 93 10 
43 35 36 
83 92 27 
41 2 8 
80 85 65 
52 60 80 
5 44 78 
27 21 31 
38 46 97 
32 26 56 
31 20 70 
95 87 41 
81 37 76 
95 9 13 
32 27 59 
25 41 88 
95 59 88 
10 43 65 
32 37 26 
29 63 85 
85 87 48 
11 29 71 
81 14 73 
67 2 8 
31 70 24 
79 85 40 
84 25 99 
79 28 44 
4 3 34 
43 30 23 
19 89 39 
32 99 1 
40 87 56 
80 85 71 
36 41 91 
15 64 77 
24 50 100 
49 51 89 
98 33 2 
98 73 30 
28 52 51 
7 62 42 
6 88 99 
42 76 91 
20 79 37 
100 72 74 
82 31 85 
69 72 13 
66 65 72 
81 86 3 
9 54 27 
89 97 67 
95 65 71 
83 78 40 
71 1 89 
17 2 14 
29 84 76 
38 93 57 
17 77 97 
26 50 97 
47 76 94 
78 24 96 
36 17 49 
45 50 15 
50 84 88 
79 74 82 
73 85 81 
9 34 29 
96 53 85 
35 21 25 
95 35 60 
67 19 11 
44 71 9 
91 42 50 
11 1 8 
9 37 17 
51 19 9 
44 63 3 
22 7 44 
22 92 15 
12 66 71 
28 80 57 
8 34 93 
21 90 23 
32 17 96 
5 24 74 
70 39 88 
1 51 91 
63 15 61 
55 71 52 
24 47 66 
25 42 38 
86 17 70 
86 78 70 
17 92 30 
74 42 67 
97 50 79 
19 26 9 
15 13 44 
48 80 44 
33 60 15 
12 37 30 
90 30 49 
100 53 6 
1 23 76 
65 47 36 
39 18 63 
67 89 85 
65 72 88 
63 66 14 
24 62 31 
48 2 23 
2 29 83 
1 84 16 
12 34 2 
33 99 76 
89 12 58 
73 36 26 
83 95 73 
71 9 17 
76 94 91 
72 53 14 
66 23 97 
42 30 45 
31 2 60 
13 26 11 
93 30 75 
94 43 18 
18 96 5 
84 40 16 
10 34 3 
22 50 60 
96 85 70 
34 72 36 
15 21 51 
3 30 55 
23 16 20 
22 2 77 
87 54 46 
16 37 48 
52 12 38 
78 61 68 
100 39 4 
63 89 70 
34 64 25 
51 87 84 
40 42 24 
16 93 100 
11 4 93 
50 77 97 
82 56 3 
52 87 66 
82 92 77 
14 17 98 
72 93 24 
31 47 90 
96 24 53 
62 92 7 
38 79 8 
68 32 70 
21 6 31 
69 33 75 
80 82 3 
21 75 27 
75 55 54 
42 17 63 
52 10 80 
49 56 62 
85 10 64 
14 69 68 
55 76 8 
14 9 97 
50 68 85 
56 98 29 
54 75 81 
89 93 16 
62 94 81 
40 80 88 
17 62 5 
82 17 84 
21 34 81 
41 67 44 
39 41 43 
81 84 49 
48 99 55 
25 60 68 
48 96 33 
32 58 21 
94 76 39 
65 32 91 
33 39 100 
78 71 74 
18 86 96 
34 1 100 
48 45 34 
99 64 48 
32 65 58 
47 98 13 
72 25 57 
18 67 80 
45 46 49 
97 48 23 
5 97 14 
20 42 90 
23 47 65 
98 77 2 
74 21 72 
14 53 17 
26 2 81 
38 33 47 
53 15 50 
88 11 37 
87 68 80 
15 6 4 
71 45 64 
34 42 78 
90 84 51 
33 31 61 
71 77 87 
28 73 56 
85 53 75 
28 31 17 
74 17 6 
47 1 51 
66 41 24 
4 93 15 
9 100 85 
85 95 39 
19 65 55 
99 27 43 
39 9 5 
46 36 35 
27 11 40 
54 86 49 
23 63 5 
54 10 55 
62 65 96 
25 44 99 
23 99 9 
44 64 66 
61 65 66 
96 64 81 
86 14 45 
6 19 14 
33 29 89 
91 77 53 
40 51 97 
84 35 59 
73 4 50 
51 36 7 
87 53 91 
35 79 69 
33 46 89 
94 67 74 
46 4 47 
64 10 43 
10 22 13 
76 85 19 
72 56 22 
85 54 91 
23 70 60 
14 44 56 
85 25 21 
3 2 93 
43 64 67 
57 26 66 
98 15 72 
35 16 63 
52 47 17 
86 94 64 
30 17 58 
61 46 59 
68 92 17 
66 25 64 
82 3 60 
70 58 96 
66 89 37 
86 37 5 
88 54 82 
65 79 46 
1 65 18 
64 39 27 
91 49 76 
98 35 88 
4 96 39 
56 39 57 
35 61 11 
22 24 48 
39 9 72 
86 31 6 
85 66 13 
84 9 40 
82 42 59 
38 59 32 
95 92 83 
21 33 31 
87 50 16 
15 7 90 
46 14 85 
48 68 15 
35 12 72 
20 75 35 
65 92 14 
100 93 95 
24 14 63 
9 77 21 
92 48 20 
92 8 44 
36 30 1 
70 71 83 
24 49 10 
45 37 14 
12 36 83 
39 70 99 
49 72 5 
48 66 62 
27 87 2 
61 66 53 
8 27 32 
24 42 8 
59 73 68 
44 98 40 
18 45 60 
53 77 71 
97 43 47 
12 65 23 
8 34 30 
25 81 60 
27 61 22 
86 55 78 
53 45 20 
52 85 42 
22 7 19 
61 1 5 
7 56 26 
100 73 45 
63 75 70 
52 17 33 
97 18 39 
28 44 59 
23 69 31 
25 78 62 
17 81 21 
23 72 99 
39 99 51 
18 68 85 
28 16 58 
23 66 57 
25 8 42 
37 26 99 
13 34 67 
3 47 33 
12 59 72 
21 72 29 
30 68 41 
20 48 69 
64 40 86 
32 70 22 
36 63 12 
52 55 31 
95 5 7 
55 67 35 
91 80 13 
8 15 76 
12 7 88 
97 39 20 
87 78 62 
70 53 18 
68 21 96 
85 21 32 
73 47 4 
57 28 44 
86 41 47 
84 23 92 
58 48 91 
14 10 94 
62 63 49 
54 95 1 
40 54 59 
6 35 80 
92 74 96 
66 70 58 
20 23 55 
35 78 87 
96 4 57 
2 98 83 
84 13 85 
88 19 77 
28 24 57 
44 51 70 
15 71 54 
84 52 7 
96 62 52 
98 74 86 
87 91 68 
10 19 45 
62 36 61 
58 14 93 
91 76 84 
44 31 50 
61 65 72 
74 2 30 
11 52 26 
26 93 65 
23 13 26 
56 51 70 
34 72 78 
88 94 35 
58 75 44 
6 7 96 
85 37 2 
78 25 41 
4 50 100 
77 59 82 
41 15 22 
93 29 41 
100 14 97 
24 18 34 
93 11 33 
76 72 25 
63 77 66 
41 25 5 
52 16 43 
59 44 1 
55 90 62 
30 11 5 
33 44 34 
59 65 36 
74 33 84 
15 23 71 
46 55 33 
71 10 91 
65 87 30 
8 92 33 
94 52 80 
89 49 53 
62 85 28 
16 19 14 
26 30 23 
90 20 53 
49 48 6 
65 91 13 
24 58 74 
38 39 99 
52 3 55 
54 87 55 
29 26 61 
37 99 58 
62 12 81 
36 15 16 
97 17 44 
55 8 65 
2 75 35 
76 1 73 
2 40 20 
28 13 58 
43 95 13 
38 53 22 
12 37 11 
7 65 30 
38 82 81 
52 13 78 
38 81 57 
24 93 90 
74 24 28 
73 5 47 
8 90 11 
68 13 79 
72 77 66 
79 30 99 
74 84 26 
64 47 28 
66 14 40 
51 4 35 
46 40 19 
56 43 87 
56 47 99 
97 31 48 
81 1 79 
14 3 57 
85 29 72 
4 43 10 
21 8 56 
85 19 14 
41 3 14 
27 68 43 
75 82 49 
96 90 76 
71 11 12 
100 70 15 
78 32 20 
17 88 14 
99 66 51 
2 8 23 
22 58 33 
71 20 67 
30 69 73 
54 76 79 
12 25 76 
87 100 75 
92 31 55 
39 91 64 
13 29 80 
100 53 92 
30 9 42 
24 31 86 
100 68 40 
41 45 35 
11 31 14 
33 24 57 
82 59 55 
88 45 47 
5 31 16 
15 70 78 
66 42 6 
84 65 68 
38 2 72 
60 81 67 
87 94 89 
13 75 87 
46 2 95 
64 98 80 
74 29 33 
12 39 100 
38 99 24 
23 91 86 
36 65 95 
26 63 32 
7 91 88 
26 21 59 
71 18 92 
67 15 31 
61 17 100 
52 95 18 
96 31 52 
35 66 68 
5 50 41 
89 19 93 
64 71 73 
8 89 1 
18 93 65 
57 25 70 
39 35 77 
94 78 55 
65 28 93 
33 60 12 
60 72 73 
2 88 13 
74 43 66 
94 34 32 
69 14 90 
19 42 66 
60 50 3 
23 52 54 
86 88 8 
87 16 37 
60 14 49 
8 86 12 
71 36 93 
7 100 3 
12 4 26 
74 27 29 
63 86 33 
3 51 11 
13 4 42 
98 95 32 
97 49 12 
29 69 20 
28 57 22 
81 40 30 
12 42 17 
100 74 36 
97 29 84 
83 67 98 
45 88 70 
94 55 75 
64 70 94 
72 52 53 
93 80 37 
67 27 3 
18 43 85 
27 79 94 
12 75 67 
23 22 21 
71 39 35 
95 36 6 
96 65 2 
27 56 32 
17 22 51 
25 95 59 
33 39 41 
8 49 54 
59 26 55 
81 30 99 
26 59 23 
1 56 27 
59 53 36 
55 21 13 
9 53 40 
26 68 71 
49 42 51 
3 52 77 
29 88 59 
13 54 29 
10 13 47 
31 45 91 
79 77 86 
45 8 4 
99 66 58 
69 40 77 
40 76 90 
3 91 71 
88 21 48 
21 40 73 
66 39 40 
36 19 1 
82 60 20 
67 64 47 
82 95 97 
16 69 26 
23 12 60 
24 91 11 
7 42 53 
24 89 8 
17 65 25 
100 97 19 
13 66 60 
85 95 30 
2 34 13 
15 32 21 
83 8 37 
42 62 69 
13 59 30 
89 93 10 
5 3 97 
52 16 99 
33 10 29 
70 88 1 
15 61 22 
95 90 20 
43 26 54 
52 28 49 
22 76 94 
12 92 88 
26 4 65 
31 69 27 
25 94 54 
16 58 17 
64 73 12 
14 52 69 
72 54 93 
13 45 73 
75 39 48 
40 37 27 
13 78 3 
37 100 80 
7 81 22 
40 77 42 
18 56 25 
90 34 48 
19 69 11 
99 61 25 
36 100 55 
81 26 41 
36 60 38 
84 48 92 
45 20 25 
98 90 84 
23 5 27 
78 14 66 
52 50 17 
38 41 52 
3 20 18 
71 70 43 
8 17 39 
22 77 29 
26 37 20 
96 9 8 
13 61 24 
15 50 90 
39 16 20 
48 20 5 
73 48 14 
2 23 35 
42 50 12 
91 50 13 
43 6 32 
69 49 26 
13 82 74 
39 69 65 
77 55 80 
63 100 82 
62 90 16 
70 81 13 
25 84 75 
26 63 38 
73 77 79 
98 88 62 
37 76 48 
62 28 89 
93 83 6 
91 29 46 
86 42 39 
8 93 98 
51 66 18 
32 31 14 
76 73 44 
60 76 36 
24 44 90 
46 93 54 
83 14 38 
100 78 90 
27 67 99 
80 35 27 
19 75 85 
58 63 82 
71 6 88 
63 51 14 
26 53 72 
14 49 97 
24 97 14 
33 46 79 
62 56 9 
70 23 96 
49 98 59 
16 52 64 
50 21 74 
3 13 18 
88 42 92 
95 63 38 
97 50 9 
59 52 99 
80 84 67 
13 51 65 
55 75 65 
80 68 4 
61 88 32 
57 95 4 
30 87 60 
3 45 83 
9 1 28 
53 73 56 
31 3 73 
53 73 29 
91 93 11 
32 76 49 
58 54 20 
61 46 44 
21 64 72 
80 71 98 
43 42 54 
35 4 47 
35 36 38 
24 37 45 
74 32 84 
27 39 31 
31 27 44 
19 88 61 
70 82 58 
58 54 53 
85 89 43 
58 42 71 
18 99 1 
58 86 19 
50 83 93 
47 18 96 
62 50 9 
11 13 23 
24 27 33 
62 1 59 
88 4 94 
41 93 68 
63 50 53 
2 22 54 
69 34 89 
86 30 90 
4 56 88 
82 4 9 
85 26 39 
84 38 3 
25 97 74 
29 31 66 
45 36 14 
76 85 17 
98 9 65 
31 21 91 
9 86 84 
28 43 44 
51 19 30 
85 84 87 
43 95 38 
18 68 48 
42 8 61 
94 67 79 
17 14 16 
61 28 70 
73 51 4 
4 29 66 
21 55 31 
6 58 15 
32 25 18 
24 16 22 
11 90 13 
29 82 70 
87 92 9 
82 67 63 
41 58 72 
94 29 97 
53 98 27 
50 3 78 
77 30 98 
83 16 23 
78 33 36 
64 42 92 
21 91 65 
60 4 58 
18 53 1 
54 26 48 
100 32 75 
89 29 49 
38 37 89 
21 34 13 
59 51 9 
80 34 68 
42 89 70 
81 25 71 
58 4 41 
94 72 40 
12 99 29 
28 39 83 
69 8 50 
25 91 3 
27 54 7 
97 57 3 
54 55 14 
63 5 91 
65 14 45 
76 36 69 
1 10 45 
27 97 2 
49 73 54 
28 90 6 
51 47 93 
67 48 60 
89 12 48 
63 7 1 
45 31 24 
31 69 65 
53 51 28 
46 96 43 
94 58 69 
34 49 5 
96 33 57 
64 63 83 
32 82 12 
12 87 27 
22 99 75 
49 39 68 
60 54 37 
61 53 55 
18 12 46 
89 46 45 
35 28 72 
87 38 18 
31 41 80 
96 88 70 
81 45 1 
80 54 85 
25 82 80 
37 11 89 
68 29 77 
46 38 22 
64 97 88 
71 8 38 
28 72 17 
17 75 76 
70 32 34 
71 67 32 
56 36 8 
47 46 80 
91 19 80 
91 31 46 
22 20 13 
28 94 52 
81 25 79 
80 71 34 
42 29 68 
92 75 93 
16 22 6 
97 45 5 
2 16 50 
91 16 83 
65 28 41 
59 51 47 
15 28 83 
47 83 46 
72 15 90 
61 54 64 
52 94 24 
4 44 99 
61 47 17 
98 42 16 
80 98 60 
25 96 97 
88 48 29 
45 94 65 
23 46 88 
89 78 34 
44 67 80 
41 67 36 
81 26 43 
32 64 27 
45 3 23 
25 70 17 
33 30 68 
58 63 85 
92 18 82 
99 44 9 
13 91 2 
1 65 78 
24 52 4 
43 91 57 
64 4 90 
23 73 55 
75 4 93 
29 2 10 
6 89 63 
22 11 88 
59 9 88 
56 43 45 
46 66 85 
55 40 45 
13 93 57 
69 72 99 
83 74 92 
55 8 15 
66 70 16 
16 99 5 
41 40 51 
93 26 4 
74 12 6 
2 19 98 
50 96 7 
11 63 42 
15 88 1 
17 69 5 
53 45 95 
98 91 1 
25 74 78 
22 43 60 
17 73 62 
94 76 9 
12 60 74 
73 82 68 
88 45 55 
90 74 93 
43 51 79 
68 90 14 
51 17 94 
42 44 78 
74 9 82 
52 71 80 
18 100 67 
55 16 14 
64 89 24 
56 93 4 
67 91 26 
57 100 45 
50 88 69 
2 8 54 
25 75 62 
35 34 53 
7 69 82 
55 86 34 
16 18 22 
94 10 27 
62 11 14 
58 68 98 
24 39 33 
38 50 57 
45 64 77 
74 99 14 
4 5 42 
49 85 30 
67 18 23 
17 85 50 
1 15 51 
93 97 51 
40 89 98 
38 51 90 
14 54 91 
38 92 100 
87 32 41 
92 74 29 
14 86 15 
66 4 35 
94 96 29 
61 10 4 
30 79 66 
22 82 32 
21 37 97 
72 52 31 
41 13 69 
47 8 80 
46 85 8 
34 71 56 
72 27 58 
79 56 82 
34 77 91 
56 71 18 
62 54 33 
75 80 51 
51 99 25 
7 79 38 
60 41 73 
57 45 6 
71 10 27 
13 12 10 
85 20 90 
30 49 86 
7 67 78 
90 31 56 
84 9 99 
85 2 25 
67 25 9 
96 61 56 
14 6 3 
30 70 11 
46 66 68 
66 84 81 
94 30 2 
49 25 78 
52 42 38 
22 89 14 
8 97 92 
1 89 38 
17 64 67 
51 32 55 
5 60 63 
84 98 3 
55 67 46 
57 51 44 
41 57 56 
8 64 16 
54 32 80 
15 31 35 
30 23 7 
45 68 14 
63 72 81 
57 52 93 
97 52 34 
26 18 64 
11 95 45 
99 66 36 
80 35 2 
22 54 91 
55 56 34 
6 85 44 
71 10 39 
65 94 84 
70 37 1 
58 22 59 
4 89 35 
62 21 51 
28 19 64 
35 92 70 
11 31 26 
93 44 23 
77 4 59 
27 76 50 
48 41 19 
96 28 83 
11 63 12 
14 96 68 
87 72 27 
57 41 23 
32 56 4 
76 17 77 
19 21 41 
27 62 12 
49 67 14 
79 28 77 
16 4 18 
84 32 50 
89 57 33 
16 2 84 
95 70 8 
68 55 88 
88 69 89 
22 90 19 
15 61 29 
10 96 20 
97 99 79 
31 78 88 
14 83 57 
32 79 29 
7 3 84 
17 71 98 
97 85 53 
8 74 50 
81 15 74 
61 78 2 
45 8 61 
29 7 57 
23 73 68 
92 46 22 
90 72 71 
15 13 88 
6 40 46 
59 70 66 
5 36 51 
5 94 84 
8 53 92 
100 95 88 
73 64 72 
48 49 72 
68 75 42 
93 34 15 
69 60 48 
12 39 37 
23 62 1 
44 13 76 
55 26 66 
2 85 49 
95 28 33 
95 62 47 
62 36 76 
37 70 84 
64 70 6 
61 45 90 
52 69 76 
33 37 84 
47 62 67 
71 15 19 
80 29 84 
42 97 99 
8 95 58 
97 31 81 
19 57 33 
39 25 26 
59 12 64 
70 37 34 
68 96 22 
28 6 26 
55 87 12 
6 2 21 
74 84 39 
41 37 23 
95 87 27 
43 26 95 
85 99 10 
26 84 6 
35 73 92 
13 69 67 
30 75 16 
85 67 32 
11 51 60 
9 88 99 
54 70 78 
74 29 4 
78 3 45 
46 32 74 
57 56 99 
85 64 41 
76 10 5 
92 6 54 
6 87 96 
11 40 73 
38 66 63 
25 96 43 
91 82 40 
25 76 93 
58 9 91 
61 89 38 
43 48 62 
57 99 82 
16 95 79 
34 37 19 
59 3 53 
77 82 20 
15 25 38 
16 34 98 
68 83 97 
50 68 71 
41 26 68 
44 85 95 
90 81 50 
45 3 25 
75 41 37 
90 11 49 
26 53 16 
43 45 22 
40 50 56 
76 78 66 
73 10 97 
12 3 79 
51 34 31 
24 31 30 
95 60 41 
25 20 61 
11 13 68 
9 52 24 
1 73 86 
91 74 93 
47 70 57 
82 70 15 
70 16 40 
69 2 49 
41 86 64 
60 61 99 
67 11 61 
15 22 76 
10 53 58 
22 84 21 
29 20 100 
66 32 89 
31 27 73 
66 8 70 
13 43 46 
41 54 18 
35 25 46 
78 47 25 
73 86 95 
35 34 8 
6 3 22 
2 25 74 
8 48 18 
24 6 46 
10 25 36 
4 35 22 
90 49 39 
83 38 35 
17 18 8 
89 2 52 
94 40 16 
82 9 11 
58 48 66 
54 81 90 
8 94 10 
46 47 7 
40 54 79 
40 99 77 
74 96 5 
18 13 63 
47 95 55 
62 80 76 
15 1 34 
100 26 36 
10 59 26 
44 80 49 
60 57 49 
43 78 81 
46 40 37 
85 27 11 
78 14 84 
93 46 43 
80 25 17 
95 38 5 
99 30 43 
20 73 63 
82 49 84 
79 59 95 
59 17 54 
64 94 40 
28 45 41 
57 50 58 
12 26 38 
66 79 29 
27 48 93 
33 67 96 
1 54 81 
51 80 48 
93 27 84 
76 96 4 
68 75 88 
95 20 39 
85 16 21 
7 97 100 
51 6 14 
78 32 84 
3 72 43 
94 19 70 
4 10 50 
87 47 73 
74 70 42 
43 13 39 
41 5 47 
49 99 73 
36 51 48 
68 72 40 
42 39 77 
48 32 99 
39 25 54 
64 91 42 
33 9 59 
15 90 68 
17 97 29 
30 15 13 
90 72 58 
75 95 28 
14 44 29 
58 99 97 
33 16 59 
91 6 51 
53 81 60 
83 59 86 
85 69 66 
24 16 59 
51 26 29 
65 72 75 
15 37 66 
18 7 52 
44 74 25 
87 76 91 
12 88 63 
77 63 9 
64 73 51 
1 20 30 
37 69 6 
50 80 11 
68 13 16 
94 29 40 
19 64 99 
71 55 66 
24 46 15 
27 37 86 
56 98 78 
35 56 53 
71 97 50 
12 37 52 
74 93 7 
71 65 41 
4 91 19 
26 43 57 
25 10 21 
4 79 14 
62 89 24 
6 35 71 
4 13 14 
95 12 63 
99 51 91 
17 13 15 
11 84 82 
90 91 7 
94 38 24 
93 44 18 
49 95 84 
10 59 32 
75 56 52 
18 87 70 
48 64 71 
83 78 75 
73 82 52 
92 55 23 
92 80 66 
77 58 46 
10 29 74 
73 35 1 
41 31 6 
48 76 25 
56 38 6 
38 11 82 
19 29 50 
41 95 99 
55 10 80 
5 22 41 
8 15 17 
1 70 28 
26 60 67 
5 91 98 
66 73 60 
80 33 15 
34 3 72 
2 76 49 
26 42 19 
76 65 54 
60 53 37 
49 34 94 
46 70 66 
84 89 87 
87 44 49 
80 53 67 
1 20 6 
43 32 33 
9 47 87 
13 49 32 
96 59 33 
6 56 24 
19 95 45 
64 93 91 
13 53 57 
57 9 49 
20 3 99 
99 39 24 
16 63 36 
60 41 39 
21 44 92 
81 12 76 
52 17 49 
32 23 49 
88 77 21 
55 73 3 
12 16 80 
74 82 65 
84 42 71 
56 27 76 
48 8 39 
45 59 96 
31 89 1 
53 51 4 
31 41 84 
81 1 37 
15 64 60 
63 92 18 
93 81 44 
77 56 80 
26 47 29 
68 30 19 
62 100 49 
25 24 44 
92 52 12 
3 96 78 
45 33 30 
61 82 73 
98 95 100 
98 2 24 
90 93 68 
63 76 34 
9 10 55 
24 89 34 
76 66 35 
68 52 29 
49 12 42 
63 56 57 
99 67 3 
37 79 16 
57 58 38 
39 30 53 
61 20 88 
30 47 97 
20 25 32 
32 82 49 
47 39 72 
75 77 50 
28 48 61 
45 64 78 
86 68 4 
6 20 48 
59 90 87 
64 50 92 
85 33 88 
25 4 15 
61 75 51 
57 82 76 
94 40 45 
32 80 56 
65 86 47 
27 15 62 
82 81 63 
6 97 5 
91 7 74 
45 88 96 
95 1 8 
11 91 67 
90 47 16 
49 69 68 
8 98 85 
1 4 67 
51 29 30 
82 100 84 
32 48 47 
33 45 49 
36 9 34 
20 73 10 
18 11 99 
35 10 44 
10 62 43 
23 66 1 
10 9 2 
87 27 37 
58 75 55 
4 55 60 
12 2 6 
51 3 39 
72 84 76 
49 95 52 
39 64 99 
20 74 73 
93 14 82 
60 1 97 
65 100 43 
38 25 49 
68 4 88 
29 98 58 
6 97 62 
53 93 12 
72 61 52 
73 33 25 
62 76 88 
59 95 5 
15 10 84 
96 1 12 
53 74 47 
91 75 27 
87 88 9 
70 29 45 
3 19 10 
77 64 7 
7 19 74 
88 41 12 
32 61 99 
84 49 64 
95 96 48 
23 93 94 
14 92 64 
8 49 90 
88 55 47 
33 96 71 
62 69 86 
99 23 45 
4 69 71 
62 4 46 
55 65 42 
7 14 83 
65 10 42 
68 60 89 
98 63 86 
96 37 81 
89 82 34 
2 99 57 
55 59 62 
78 17 65 
41 70 56 
4 57 34 
59 43 39 
36 60 20 
25 79 6 
18 27 78 
78 3 27 
81 5 43 
4 54 28 
60 62 95 
62 6 88 
18 22 25 
1 76 44 
87 41 35 
29 96 3 
5 47 78 
78 62 65 
30 25 37 
21 43 89 
43 78 62 
39 15 29 
19 44 16 
16 48 17 
36 17 11 
57 41 6 
100 74 94 
76 80 28 
87 32 7 
5 39 66 
3 69 13 
14 54 37 
57 90 89 
2 40 5 
49 55 6 
18 17 49 
90 76 39 
19 81 92 
71 70 20 
61 38 73 
95 73 53 
76 42 78 
33 60 74 
32 60 38 
37 6 84 
6 70 76 
81 86 2 
53 3 71 
50 24 26 
58 42 40 
92 20 55 
14 34 19 
85 89 36 
31 47 25 
30 5 97 
52 86 39 
100 53 96 
23 74 49 
58 43 10 
46 79 81 
25 91 28 
25 63 67 
73 33 97 
99 70 36 
12 20 24 
2 46 9 
36 48 52 
7 61 74 
6 26 7 
94 70 22 
45 14 11 
33 12 63 
45 78 89 
6 59 58 
95 22 86 
7 40 46 
43 52 62 
83 70 72 
92 78 5 
77 52 15 
63 94 59 
64 83 96 
35 56 62 
16 14 48 
98 18 29 
33 30 29 
67 76 94 
88 75 16 
32 63 1 
65 54 11 
67 50 87 
55 95 79 
77 99 14 
8 78 52 
76 29 19 
27 49 52 
5 88 71 
50 12 68 
24 18 20 
75 37 49 
90 25 91 
15 93 57 
22 10 89 
55 8 2 
17 16 59 
29 30 32 
22 25 55 
28 48 52 
92 35 54 
7 70 16 
97 77 82 
59 81 34 
25 2 91 
58 8 65 
6 68 82 
66 37 8 
60 45 7 
84 99 23 
88 13 43 
21 62 15 
74 41 99 
60 52 97 
84 86 29 
47 7 13 
91 51 52 
77 98 82 
22 17 19 
51 56 18 
56 100 35 
76 84 59 
14 70 61 
60 42 17 
12 76 62 
87 52 5 
81 85 37 
3 34 9 
23 76 44 
10 58 19 
70 24 92 
11 15 82 
65 75 37 
47 100 80 
24 32 78 
37 43 87 
59 75 14 
68 56 77 
45 25 14 
87 27 44 
36 29 7 
56 51 95 
26 97 14 
31 52 64 
56 98 80 
86 73 20 
71 21 70 
37 43 66 
65 12 90 
15 59 79 
34 38 84 
80 60 61 
95 39 28 
68 66 12 
49 16 46 
70 9 53 
15 89 67 
74 6 77 
46 10 36 
65 75 25 
34 82 26 
95 46 60 
56 16 46 
54 7 95 
60 71 21 
66 84 91 
22 26 6 
81 50 32 
37 75 92 
11 62 39 
21 49 81 
45 21 2 
24 40 94 
68 63 67 
35 33 50 
98 76 50 
28 22 13 
52 1 56 
12 52 10 
57 52 12 
66 73 83 
60 65 48 
20 16 69 
70 33 45 
59 87 36 
77 53 56 
33 2 92 
33 93 74 
51 91 100 
75 56 51 
14 72 66 
61 28 57 
98 36 97 
99 35 44 
61 7 81 
34 17 53 
17 6 34 
55 38 85 
37 53 3 
22 30 94 
11 52 96 
47 42 67 
83 58 98 
65 38 69 
46 23 36 
43 45 37 
89 30 52 
61 57 59 
7 70 28 
13 71 46 
71 84 76 
84 92 83 
22 24 36 
32 44 94 
48 23 20 
58 97 86 
7 94 14 
73 39 22 
79 99 22 
48 77 68 
38 29 2 
55 14 67 
85 4 7 
11 46 49 
12 94 23 
14 45 41 
78 69 73 
41 72 34 
54 80 15 
63 69 22 
93 1 46 
9 56 68 
21 92 32 
61 54 75 
21 12 78 
34 49 58 
82 26 83 
28 67 95 
34 84 73 
33 39 91 
73 51 36 
8 28 38 
45 76 53 
34 69 43 
92 51 96 
70 4 53 
26 69 68 
88 29 47 
87 10 37 
39 20 2 
57 99 55 
39 47 73 
22 27 18 
88 92 16 
71 18 15 
41 68 3 
11 53 33 
93 38 77 
45 72 15 
25 13 62 
30 39 49 
40 36 33 
6 29 93 
17 79 89 
21 52 8 
2 30 43 
91 21 54 
47 30 74 
19 28 47 
85 4 23 
42 51 87 
30 15 84 
99 71 54 
10 44 53 
46 96 73 
98 94 29 
52 43 22 
42 48 88 
58 45 28 
66 84 90 
59 42 19 
18 67 71 
32 33 12 
76 63 96 
46 24 55 
67 79 27 
25 6 87 
49 43 31 
13 24 55 
21 35 14 
45 73 87 
2 57 34 
80 72 69 
31 11 55 
71 22 91 
66 93 29 
64 78 15 
69 41 72 
100 34 5 
78 2 65 
51 71 39 
24 23 92 
56 81 43 
13 43 71 
36 26 20 
64 11 43 
46 71 43 
52 3 83 
20 5 26 
23 89 64 
11 48 78 
4 86 79 
49 32 96 
52 59 60 
8 4 40 
65 38 86 
86 34 25 
56 71 30 
64 49 65 
22 55 58 
10 67 46 
9 54 33 
31 95 84 
61 45 40 
48 42 43 
76 73 56 
63 17 49 
16 3 59 
83 13 85 
3 77 86 
41 30 63 
22 53 28 
25 73 29 
73 85 79 
53 50 76 
93 13 84 
9 87 4 
34 45 54 
66 90 68 
87 46 34 
90 91 36 
100 96 17 
51 20 25 
9 85 47 
21 61 29 
64 92 3 
4 24 39 
87 74 3 
80 68 24 
92 4 80 
59 18 83 
37 74 7 
99 93 55 
99 48 92 
33 41 76 
58 84 79 
93 96 22 
67 24 23 
80 3 40 
21 82 91 
14 92 85 
60 94 34 
20 57 96 
69 46 72 
52 44 33 
84 87 5 
89 54 81 
83 73 3 
42 27 95 
60 33 56 
87 76 69 
81 6 74 
18 97 66 
3 44 89 
22 35 8 
66 41 2 
81 19 76 
78 22 30 
80 40 9 
14 28 45 
38 49 53 
55 99 31 
30 86 60 
99 60 44 
37 65 60 
42 62 3 
87 43 25 
3 27 17 
27 23 64 
68 77 67 
80 35 70 
62 9 1 
92 37 17 
81 40 70 
10 60 23 
96 90 72 
6 20 51 
15 22 71 
8 92 66 
5 47 38 
24 94 91 
51 64 99 
15 92 100 
7 61 24 
85 71 92 
80 55 86 
86 56 77 
39 70 55 
41 33 6 
46 76 89 
63 61 22 
73 74 29 
81 100 16 
40 68 7 
18 13 58 
56 11 33 
52 39 25 
97 48 40 
10 57 3 
98 69 24 
95 40 31 
93 84 66 
22 10 65 
6 41 65 
35 62 27 
51 67 1 
66 35 6 
62 60 3 
29 24 23 
64 47 79 
26 75 100 
6 60 84 
94 70 54 
98 7 8 
61 58 32 
31 26 96 
62 87 36 
63 35 66 
94 76 96 
39 24 61 
41 34 75 
76 42 84 
47 17 12 
36 58 5 
28 25 92 
51 24 39 
99 14 41 
77 49 21 
35 22 75 
46 91 70 
95 57 62 
40 45 21 
13 64 67 
51 79 81 
62 39 78 
32 86 54 
97 40 56 
27 77 93 
98 96 94 
84 46 32 
97 78 29 
2 34 83 
42 67 55 
62 89 15 
95 75 91 
55 4 74 
48 38 43 
100 92 76 
34 95 58 
35 9 44 
68 16 24 
56 1 38 
51 31 4 
44 76 41 
20 3 59 
25 31 30 
86 40 67 
38 44 5 
6 5 86 
84 59 95 
29 14 89 
68 39 69 
53 71 86 
10 100 64 
35 72 85 
60 45 10 
10 27 33 
73 44 51 
70 52 15 
46 100 57 
4 62 40 
9 92 32 
18 89 67 
10 69 100 
71 56 64 
9 52 6 
69 92 44 
64 26 83 
86 45 66 
20 51 89 
26 75 19 
82 80 84 
62 12 90 
21 89 1 
59 78 58 
92 86 93 
67 13 17 
12 9 22 
11 4 22 
98 29 39 
21 16 40 
45 98 30 
14 30 85 
93 80 52 
8 14 47 
23 19 75 
89 56 11 
74 68 8 
49 1 95 
44 95 31 
14 4 90 
64 75 60 
7 91 33 
54 14 56 
1 97 66 
21 68 74 
63 18 83 
27 58 37 
33 1 16 
29 69 78 
49 93 53 
48 45 4 
62 26 100 
63 88 24 
10 44 73 
24 98 49 
75 17 44 
67 40 7 
70 49 16 
9 50 79 
43 18 68 
86 24 70 
67 77 89 
80 14 38 
25 32 86 
52 46 34 
65 97 64 
46 41 72 
53 49 33 
46 66 59 
27 60 26 
5 72 81 
84 64 66 
93 85 12 
19 10 56 
83 95 21 
98 22 17 
11 99 78 
26 38 45 
61 53 81 
72 21 55 
51 19 24 
83 62 99 
87 69 91 
16 21 19 
28 50 59 
9 44 55 
35 77 1 
97 41 82 
12 73 23 
60 81 55 
61 66 78 
70 97 46 
10 49 37 
34 93 56 
83 87 77 
67 97 49 
26 91 4 
1 38 84 
76 12 99 
52 53 58 
37 58 17 
10 56 32 
48 96 8 
11 99 80 
97 26 42 
12 46 26 
100 25 76 
23 7 6 
26 73 21 
43 6 74 
26 75 65 
62 5 75 
51 49 86 
9 51 97 
96 56 38 
24 76 51 
25 61 29 
15 79 1 
53 52 19 
17 52 60 
22 17 31 
74 1 26 
99 95 73 
21 33 51 
54 55 15 
26 14 62 
80 41 2 
98 29 43 
54 85 28 
2 27 12 
18 72 83 
76 45 99 
16 72 100 
52 72 66 
70 27 51 
83 79 100 
96 12 61 
84 46 26 
8 49 35 
79 42 29 
45 96 49 
83 73 30 
64 20 93 
4 86 81 
29 62 40 
50 76 3 
26 13 49 
9 16 23 
36 85 43 
94 79 10 
39 46 100 
76 62 82 
63 41 58 
2 4 95 
65 41 45 
59 33 83 
68 72 16 
88 39 24 
50 79 93 
75 97 89 
84 40 25 
98 18 75 
35 4 60 
3 32 45 
35 2 99 
53 40 44 
88 53 22 
5 76 52 
87 15 46 
36 10 6 
36 14 89 
66 64 32 
2 82 40 
4 43 58 
48 51 30 
75 27 80 
73 47 36 
61 91 24 
28 2 26 
31 5 42 
25 94 15 
7 10 96 
5 4 66 
100 27 41 
38 23 21 
16 59 34 
35 18 28 
71 92 83 
70 49 1 
9 78 58 
59 71 12 
15 69 17 
96 41 83 
57 15 40 
43 1 42 
96 85 44 
27 33 67 
5 65 24 
89 17 77 
22 50 39 
100 45 33 
67 38 13 
40 66 52 
26 81 97 
58 81 18 
89 59 22 
88 47 46 
5 21 55 
76 80 36 
47 61 95 
87 59 82 
16 15 12 
2 50 91 
89 77 6 
44 91 71 
71 77 73 
15 82 87 
67 6 73 
57 44 19 
5 88 57 
94 20 45 
67 44 87 
81 49 6 
94 74 97 
45 77 30 
43 40 17 
27 66 63 
85 63 4 
71 68 35 
85 100 1 
79 50 1 
58 83 54 
6 56 16 
49 39 34 
52 32 11 
22 92 13 
86 35 77 
41 47 27 
60 38 87 
42 84 73 
56 42 25 
60 55 100 
11 31 36 
26 70 24 
43 13 41 
90 3 46 
3 1 4 
83 75 16 
25 10 77 
78 8 85 
91 20 36 
81 47 84 
16 67 76 
85 16 67 
28 62 22 
27 59 89 
87 75 3 
18 84 88 
91 49 19 
68 19 18 
47 2 24 
97 25 54 
35 52 96 
23 89 30 
33 51 49 
100 23 42 
82 81 78 
36 15 34 
36 30 50 
8 3 7 
62 88 51 
74 99 85 
61 48 56 
56 66 45 
35 10 57 
33 45 56 
62 49 53 
78 66 37 
36 96 72 
75 79 44 
92 53 81 
86 68 14 
22 39 33 
26 2 46 
28 43 98 
59 14 42 
69 87 58 
1 32 17 
14 15 55 
90 48 77 
22 73 23 
10 54 27 
13 20 41 
33 49 4 
79 54 56 
6 21 45 
71 96 67 
44 41 54 
15 54 97 
72 55 13 
28 8 100 
10 16 43 
29 44 55 
81 98 83 
57 17 51 
25 31 38 
8 53 36 
84 87 34 
96 57 67 
84 53 44 
33 8 13 
91 15 77 
84 57 94 
68 55 49 
53 47 20 
98 16 2 
18 14 2 
58 35 47 
64 16 46 
5 100 62 
61 54 3 
99 92 15 
61 19 65 
61 76 90 
82 100 48 
34 50 12 
30 21 55 
18 5 70 
86 48 16 
21 65 2 
73 70 27 
52 55 41 
13 89 33 
76 3 27 
25 31 22 
15 3 26 
34 26 54 
89 82 65 
31 92 90 
97 29 51 
20 75 26 
12 1 37 
25 56 69 
80 69 94 
56 86 65 
100 48 69 
5 46 22 
39 66 53 
67 49 62 
30 64 31 
63 28 73 
57 80 20 
62 65 56 
93 81 11 
93 83 39 
29 94 49 
32 34 3 
62 79 29 
39 92 60 
66 72 68 
53 92 56 
29 7 53 
49 69 94 
19 24 54 
93 78 27 
31 73 23 
17 27 86 
81 29 36 
44 51 84 
81 77 25 
22 69 33 
54 95 3 
93 3 70 
34 46 27 
12 100 31 
71 22 89 
86 17 36 
8 71 58 
13 8 21 
74 6 19 
15 30 26 
71 68 93 
11 15 71 
47 86 93 
5 26 32 
49 33 50 
22 65 57 
49 85 15 
94 29 10 
30 2 39 
50 30 98 
35 17 32 
31 44 22 
10 56 12 
54 100 58 
88 11 54 
21 56 11 
3 66 17 
49 40 66 
98 92 37 
54 21 15 
65 47 73 
20 79 72 
17 33 86 
22 12 31 
22 59 5 
57 100 8 
56 36 28 
48 75 83 
67 64 89 
45 30 38 
10 55 37 
58 87 49 
65 83 1 
12 49 16 
30 6 63 
76 25 68 
5 21 36 
86 68 35 
10 66 22 
99 68 59 
58 83 5 
54 78 21 
14 53 13 
66 44 91 
5 81 16 
25 6 44 
21 84 10 
26 25 64 
28 34 8 
57 55 66 
57 94 11 
85 91 42 
23 66 21 
39 60 6 
81 35 12 
78 41 85 
85 33 3 
54 72 69 
34 36 91 
100 40 33 
19 35 13 
35 47 31 
73 22 99 
74 16 31 
60 40 53 
63 31 90 
30 58 5 
54 16 22 
15 83 65 
19 94 5 
46 39 55 
72 82 35 
30 43 89 
1 15 74 
60 66 2 
65 92 37 
66 92 18 
35 38 45 
95 91 93 
69 61 9 
16 89 22 
63 24 49 
35 13 31 
86 25 19 
43 23 26 
53 29 41 
6 71 60 
45 19 5 
50 100 55 
96 30 85 
62 38 91 
30 64 96 
54 42 45 
15 61 80 
86 18 47 
69 45 27 
89 40 33 
19 81 63 
2 97 12 
13 92 63 
73 74 8 
2 45 93 
11 3 44 
20 43 98 
72 93 1 
76 74 56 
10 90 16 
72 37 64 
52 53 87 
37 62 36 
66 82 75 
89 51 15 
3 15 18 
33 53 15 
33 5 27 
90 50 34 
62 87 23 
59 37 81 
26 30 13 
100 93 21 
8 4 27 
17 10 9 
11 100 14 
4 27 25 
53 22 98 
28 4 42 
21 77 2 
91 93 42 
18 4 28 
82 48 56 
77 50 2 
66 79 72 
93 49 84 
100 95 17 
42 47 4 
83 21 76 
81 41 71 
34 84 6 
74 29 82 
11 28 29 
84 37 45 
27 58 77 
26 20 52 
14 96 40 
53 100 35 
6 22 24 
12 100 27 
5 62 29 
47 15 71 
45 98 12 
35 49 87 
22 63 37 
2 41 49 
48 77 16 
94 39 29 
21 45 99 
99 90 49 
56 74 5 
36 65 20 
38 83 97 
57 10 99 
78 69 4 
25 34 13 
94 80 59 
12 75 5 
32 60 12 
74 10 58 
77 84 43 
63 36 87 
31 38 46 
60 13 44 
81 34 18 
26 42 84 
1 47 44 
97 7 85 
86 76 70 
31 60 96 
33 97 59 
14 62 21 
95 96 74 
28 9 24 
45 8 76 
60 2 91 
16 6 66 
49 67 13 
7 21 95 
8 14 25 
59 64 39 
88 53 93 
5 27 67 
93 38 37 
79 19 99 
86 91 2 
76 70 21 
13 52 23 
58 49 39 
72 62 31 
55 31 80 
25 74 56 
88 56 77 
4 60 61 
10 32 17 
6 56 52 
71 16 15 
58 88 85 
69 84 82 
79 36 58 
48 66 35 
26 17 94 
47 85 29 
34 60 84 
79 53 60 
47 70 74 
99 66 9 
88 89 86 
40 36 79 
96 21 57 
39 60 2 
26 48 56 
19 6 34 
37 76 87 
27 96 69 
16 30 43 
64 26 79 
87 46 39 
11 76 90 
98 61 75 
45 55 68 
43 51 25 
78 80 37 
33 88 21 
15 45 69 
95 71 23 
88 30 48 
59 84 13 
32 47 1 
91 53 14 
6 11 76 
4 86 64 
13 79 12 
76 42 4 
15 87 83 
85 29 70 
60 66 3 
16 3 56 
78 76 80 
81 32 44 
76 25 96 
58 35 85 
68 60 22 
76 58 84 
18 12 5 
59 29 100 
49 23 85 
100 31 77 
4 53 90 
78 66 4 
84 16 53 
72 87 95 
93 35 86 
70 72 92 
71 21 32 
76 84 50 
19 89 24 
72 56 45 
66 25 1 
49 36 51 
30 47 73 
82 15 6 
15 33 45 
14 68 40 
75 43 44 
38 21 35 
45 30 39 
20 38 85 
4 99 80 
43 36 41 
35 6 27 
65 46 49 
10 12 96 
20 44 94 
58 38 87 
94 30 44 
85 34 5 
20 58 13 
11 33 86 
2 6 96 
84 38 33 
28 36 97 
49 71 19 
19 37 87 
73 67 84 
48 80 9 
90 5 35 
77 71 78 
76 32 84 
49 92 61 
22 69 2 
38 12 59 
59 80 18 
56 17 38 
22 13 49 
27 61 45 
86 27 72 
14 78 87 
44 47 78 
98 99 58 
21 65 18 
16 36 92 
50 86 55 
80 60 83 
60 27 47 
30 46 23 
75 32 45 
89 38 43 
91 75 92 
68 58 28 
99 88 69 
72 52 54 
98 6 66 
87 82 22 
45 59 79 
49 54 89 
79 49 25 
93 22 36 
41 83 79 
1 87 27 
27 80 55 
21 91 68 
86 64 100 
68 65 61 
19 34 12 
38 76 89 
23 20 27 
42 66 86 
8 93 73 
4 48 100 
13 39 45 
39 36 79 
95 97 72 
89 57 97 
74 100 84 
21 12 64 
36 47 54 
36 17 62 
74 63 13 
92 81 37 
13 27 39 
85 57 66 
58 83 33 
67 27 61 
35 37 52 
61 25 85 
45 76 46 
5 73 21 
99 46 63 
53 39 42 
51 4 40 
99 15 43 
66 24 43 
94 79 20 
88 45 31 
68 87 26 
67 73 43 
65 86 30 
61 35 81 
64 91 31 
15 68 83 
32 91 7 
53 70 64 
99 66 1 
65 9 42 
25 11 16 
38 51 45 
86 67 52 
88 68 82 
93 24 43 
91 54 73 
98 75 15 
19 62 4 
49 74 53 
22 28 67 
68 73 25 
55 59 63 
74 79 28 
78 5 41 
2 55 88 
52 88 60 
89 22 40 
25 59 39 
37 29 62 
54 16 53 
79 67 76 
59 69 80 
41 26 8 
70 69 60 
8 92 5 
91 85 94 
19 56 63 
42 95 54 
89 80 75 
97 68 96 
19 75 6 
74 69 55 
11 2 20 
96 87 60 
38 79 39 
96 61 57 
18 5 92 
58 49 22 
66 92 82 
58 90 50 
94 31 78 
78 5 80 
20 78 64 
33 14 77 
51 60 80 
74 33 13 
68 18 72 
74 29 14 
19 90 15 
91 83 50 
62 75 13 
36 21 9 
87 47 19 
15 2 7 
4 10 72 
80 6 37 
89 57 79 
76 70 25 
81 68 75 
93 50 80 
42 61 22 
28 57 27 
17 81 12 
7 93 18 
71 5 65 
84 55 33 
62 33 60 
100 42 46 
66 87 8 
92 1 80 
48 29 94 
77 33 65 
13 1 20 
10 18 68 
77 96 37 
83 24 87 
51 21 17 
97 40 18 
81 45 18 
75 8 93 
2 74 95 
7 23 48 
2 89 25 
36 4 62 
9 92 23 
98 37 100 
56 34 16 
16 73 10 
40 45 56 
7 51 46 
71 8 31 
51 96 100 
51 40 12 
59 53 13 
58 81 10 
16 29 74 
91 56 10 
54 44 50 
94 35 6 
51 98 35 
21 84 8 
90 76 19 
9 5 38 
35 19 59 
69 77 43 
93 16 30 
11 5 44 
8 34 11 
75 64 96 
10 8 58 
99 90 19 
57 52 42 
5 35 43 
26 61 4 
39 95 53 
2 61 38 
17 91 68 
29 83 90 
51 14 29 
40 97 92 
4 35 16 
86 21 4 
3 82 28 
54 87 59 
4 32 52 
65 39 53 
67 20 13 
42 70 57 
51 13 22 
65 52 8 
100 69 3 
29 5 28 
57 16 54 
82 58 47 
14 88 11 
52 2 94 
13 49 12 
35 39 1 
70 97 68 
60 64 57 
8 50 41 
68 65 31 
28 90 72 
11 61 37 
54 85 76 
25 77 18 
11 87 7 
35 62 67 
61 55 100 
21 54 60 
15 81 30 
50 34 78 
16 9 13 
26 96 20 
14 7 1 
57 98 33 
52 34 5 
29 32 51 
2 9 44 
83 72 47 
61 83 9 
92 53 4 
73 40 50 
80 55 100 
83 70 73 
19 79 73 
64 97 21 
37 79 21 
39 50 33 
25 63 80 
95 23 63 
8 22 51 
68 37 91 
39 14 17 
16 19 29 
90 48 93 
47 55 72 
71 96 31 
60 86 81 
41 9 60 
78 18 31 
31 53 26 
9 30 71 
45 11 15 
97 52 9 
19 45 65 
17 3 62 
36 42 97 
21 49 8 
23 5 38 
13 93 58 
57 4 51 
62 78 77 
76 36 38 
89 84 15 
99 1 65 
25 10 3 
63 16 87 
99 60 63 
15 53 21 
20 57 16 
32 36 76 
8 56 53 
38 21 28 
68 70 50 
20 42 59 
61 86 23 
58 88 53 
26 97 58 
58 66 62 
4 8 29 
96 58 61 
66 63 94 
99 25 43 
20 75 29 
72 18 63 
7 72 25 
95 9 70 
57 53 8 
95 76 93 
7 30 36 
74 28 66 
62 39 98 
11 26 19 
79 50 22 
23 26 10 
26 88 28 
68 75 4 
32 59 30 
6 20 7 
33 68 44 
26 23 56 
11 72 47 
46 54 61 
61 87 29 
61 3 60 
21 38 88 
11 100 30 
91 2 75 
4 19 12 
85 97 87 
69 57 75 
5 42 18 
15 78 88 
48 31 3 
37 72 76 
22 24 80 
31 30 77 
5 89 25 
78 68 59 
87 30 78 
72 9 77 
100 69 26 
94 52 68 
31 60 39 
42 62 77 
66 97 93 
98 15 43 
12 34 32 
99 22 63 
6 98 63 
74 96 26 
5 81 70 
56 74 34 
44 51 18 
63 90 2 
63 10 48 
64 88 10 
18 31 23 
46 68 49 
66 33 46 
40 41 57 
11 83 63 
78 4 42 
65 50 38 
24 37 88 
47 33 83 
51 28 7 
58 88 39 
60 55 87 
51 27 74 
58 93 100 
90 33 75 
5 27 1 
23 27 71 
77 59 48 
46 16 67 
61 98 36 
7 43 81 
56 39 35 
19 65 30 
7 93 88 
68 12 7 
57 27 58 
93 20 46 
21 97 17 
82 83 71 
81 28 37 
91 5 51 
71 90 42 
67 12 35 
21 50 97 
38 28 16 
84 50 33 
50 25 20 
26 4 37 
27 57 82 
14 80 54 
52 30 20 
91 80 47 
38 74 56 
46 96 75 
36 88 30 
78 3 65 
1 43 71 
70 18 36 
20 39 85 
17 58 28 
27 18 31 
73 40 3 
36 83 58 
98 68 89 
45 71 11 
18 92 11 
67 100 78 
47 27 50 
35 68 48 
69 91 62 
29 89 88 
58 5 56 
16 97 7 
50 18 5 
7 40 41 
88 34 45 
33 10 47 
21 2 78 
80 62 12 
40 97 90 
86 15 75 
77 64 48 
70 37 21 
4 19 67 
64 79 69 
65 23 38 
32 23 92 
23 68 82 
53 70 76 
6 39 87 
8 53 31 
39 45 73 
45 38 23 
80 86 35 
71 45 67 
19 17 100 
83 74 59 
78 68 72 
19 16 49 
50 3 68 
67 77 47 
36 79 31 
23 42 99 
1 32 52 
54 99 80 
59 75 43 
36 48 65 
19 43 73 
68 66 38 
25 8 100 
30 85 46 
87 11 54 
95 33 37 
78 69 19 
85 8 10 
49 48 99 
95 66 22 
8 89 13 
54 38 66 
66 81 49 
7 9 17 
64 8 41 
18 44 10 
40 13 44 
51 26 38 
56 81 60 
39 31 54 
62 79 14 
56 35 28 
71 92 24 
9 31 52 
18 54 42 
21 5 99 
40 82 36 
82 33 55 
30 37 71 
72 38 57 
24 20 10 
51 30 83 
70 86 85 
24 87 6 
5 46 34 
46 45 9 
39 35 75 
35 10 34 
58 60 79 
78 5 37 
16 94 53 
24 81 70 
27 56 90 
13 67 54 
31 68 84 
49 12 80 
86 32 27 
46 27 44 
25 11 53 
4 53 9 
48 68 16 
28 100 13 
40 4 60 
45 76 56 
15 27 13 
27 20 64 
8 14 50 
6 73 25 
53 84 74 
88 84 70 
74 29 5 
96 6 5 
97 56 46 
86 49 21 
25 50 91 
9 49 34 
28 22 40 
7 64 24 
7 90 68 
34 57 84 
92 36 53 
8 86 4 
27 5 73 
25 68 41 
26 85 76 
59 5 56 
19 21 5 
14 46 49 
13 6 53 
27 81 59 
36 35 42 
23 50 38 
8 53 7 
7 71 49 
41 74 48 
3 57 75 
35 72 19 
48 68 24 
19 47 43 
59 43 4 
7 99 98 
62 48 20 
21 35 74 
17 70 15 
57 87 31 
66 89 61 
96 32 50 
45 37 12 
7 6 78 
92 6 77 
49 26 44 
45 14 72 
68 59 6 
100 15 96 
80 84 91 
85 38 11 
99 27 97 
67 38 73 
59 80 97 
72 12 77 
90 39 34 
7 49 24 
55 4 86 
65 18 41 
65 17 79 
95 61 35 
88 45 43 
47 51 49 
84 71 46 
2 43 99 
42 58 74 
80 95 40 
43 47 88 
92 35 14 
15 93 71 
1 9 17 
18 2 63 
37 11 62 
17 50 35 
89 3 51 
89 26 79 
87 72 41 
100 94 85 
18 58 69 
18 26 95 
50 89 68 
37 44 64 
41 69 5 
55 72 87 
6 86 10 
90 40 44 
31 63 3 
96 86 35 
95 6 10 
35 16 69 
70 29 52 
10 94 2 
25 17 60 
64 65 18 
24 85 60 
74 43 95 
16 88 12 
59 81 66 
14 27 86 
31 46 34 
69 88 20 
56 46 87 
12 11 1 
39 13 19 
9 54 36 
24 64 2 
76 26 23 
68 75 26 
23 21 97 
50 21 9 
83 69 42 
74 50 72 
42 68 82 
1 97 71 
16 21 45 
94 69 96 
20 74 54 
25 21 1 
39 63 32 
10 43 86 
92 67 80 
36 83 63 
63 28 47 
93 77 40 
32 75 8 
84 70 19 
88 90 10 
2 24 54 
99 6 100 
66 55 79 
37 85 47 
3 19 74 
53 64 62 
14 56 92 
32 24 49 
57 32 54 
3 8 95 
77 17 56 
32 39 29 
13 19 72 
99 1 71 
74 80 81 
63 100 26 
40 79 27 
98 67 34 
41 69 22 
14 21 33 
21 63 16 
58 3 44 
66 79 9 
25 56 30 
15 10 100 
60 16 43 
17 39 48 
82 67 81 
23 98 55 
19 73 83 
7 27 21 
98 54 72 
2 4 14 
15 97 27 
80 25 72 
41 80 89 
42 65 77 
41 14 7 
3 96 98 
17 42 16 
71 5 23 
10 34 22 
19 13 20 
59 28 56 
18 14 90 
8 85 55 
31 15 47 
58 45 80 
85 12 33 
48 91 65 
41 9 50 
87 21 92 
43 40 31 
53 26 100 
5 55 69 
84 25 39 
12 78 81 
27 88 10 
83 34 69 
43 28 51 
84 46 9 
20 2 57 
48 54 90 
64 40 43 
35 65 8 
91 36 79 
81 74 10 
18 78 54 
94 69 63 
78 76 35 
98 9 75 
43 75 78 
76 41 9 
88 35 82 
33 22 96 
25 33 66 
18 48 64 
4 94 9 
26 84 77 
33 11 39 
39 2 6 
63 76 35 
99 21 43 
50 19 66 
99 53 70 
38 99 3 
30 10 14 
47 91 58 
38 33 77 
85 19 100 
42 47 58 
8 68 85 
30 54 44 
34 14 40 
18 62 38 
74 24 1 
20 47 91 
50 36 95 
96 56 39 
97 93 99 
62 51 1 
5 6 42 
35 57 63 
89 34 48 
76 27 21 
37 6 62 
51 25 98 
19 70 86 
81 95 44 
88 9 93 
42 39 80 
65 89 14 
87 19 76 
14 11 12 
16 60 2 
71 15 69 
80 70 13 
60 28 53 
87 39 76 
15 20 33 
64 21 92 
95 18 10 
76 82 1 
16 93 22 
50 19 5 
17 18 16 
100 95 48 
47 62 82 
73 12 36 
18 16 79 
3 52 59 
53 71 36 
46 39 1 
78 1 46 
98 8 99 
8 44 94 
84 68 55 
27 31 25 
92 63 73 
77 33 95 
85 42 28 
1 13 18 
50 10 23 
81 76 95 
72 61 97 
72 58 48 
33 22 27 
13 72 32 
99 97 21 
63 61 83 
79 54 26 
26 29 95 
43 28 27 
22 95 100 
35 30 84 
72 47 82 
54 100 21 
30 17 73 
100 68 17 
16 31 4 
56 31 45 
29 77 15 
66 91 26 
68 67 58 
99 60 68 
55 30 74 
17 44 13 
79 28 41 
47 95 74 
45 17 82 
52 95 79 
56 43 10 
90 73 58 
71 21 15 
90 47 32 
87 92 27 
39 42 89 
70 42 22 
20 84 2 
40 96 77 
20 24 35 
32 73 81 
21 12 59 
91 88 92 
17 9 38 
23 75 1 
22 24 32 
86 44 25 
55 17 65 
17 30 50 
2 51 100 
72 19 14 
75 74 70 
27 56 79 
42 33 77 
80 45 69 
7 39 98 
97 80 37 
29 2 73 
9 50 77 
29 39 65 
35 24 79 
59 44 64 
20 91 70 
35 97 66 
98 27 32 
57 21 83 
10 8 70 
28 36 81 
68 21 18 
43 11 38 
17 49 2 
2 80 43 
73 18 35 
40 49 91 
38 12 28 
64 54 57 
45 80 79 
52 83 21 
51 75 87 
5 57 17 
55 10 16 
80 9 12 
74 77 48 
91 48 30 
37 27 55 
88 82 56 
32 4 75 
30 64 1 
95 63 72 
53 32 99 
32 98 84 
59 73 5 
50 74 73 
41 96 98 
91 66 81 
87 61 75 
32 31 49 
86 72 48 
73 50 43 
79 50 53 
46 80 9 
33 93 64 
13 65 78 
3 4 24 
87 10 36 
81 39 70 
58 43 71 
28 93 62 
37 4 72 
86 57 97 
32 37 19 
34 82 41 
82 95 79 
17 72 94 
17 57 63 
39 44 8 
39 92 57 
22 14 26 
15 29 94 
10 42 16 
22 5 32 
78 35 20 
39 50 15 
35 63 96 
95 12 31 
88 2 51 
17 32 7 
8 42 26 
2 57 25 
79 20 45 
32 97 23 
59 66 34 
37 90 63 
50 23 30 
95 89 32 
12 99 1 
66 69 37 
32 10 27 
72 59 4 
80 28 25 
73 89 49 
44 12 72 
65 29 45 
20 22 80 
13 20 98 
97 76 55 
37 96 30 
21 61 3 
88 80 68 
87 46 48 
50 85 60 
4 44 94 
39 44 36 
78 7 44 
67 36 35 
47 26 2 
11 40 70 
97 54 14 
88 45 97 
98 31 36 
90 43 34 
38 60 34 
59 20 70 
1 40 94 
61 50 89 
62 92 15 
74 69 8 
79 43 17 
64 70 84 
99 6 64 
92 2 73 
23 76 98 
28 48 53 
62 97 100 
85 43 87 
75 56 24 
42 83 89 
68 8 7 
43 47 15 
25 29 67 
29 8 16 
5 48 92 
54 65 49 
94 73 32 
87 81 57 
49 74 87 
70 47 44 
33 2 90 
62 79 31 
61 36 75 
31 91 23 
40 28 72 
57 70 58 
71 76 94 
64 93 26 
96 14 8 
60 51 59 
47 50 24 
28 67 98 
9 99 3 
85 20 3 
55 18 43 
15 18 24 
9 3 90 
57 34 80 
69 17 49 
69 62 13 
2 69 71 
7 21 3 
78 4 30 
16 7 34 
1 42 64 
57 70 50 
28 65 98 
86 67 24 
64 48 30 
63 22 51 
55 43 71 
1 93 19 
61 4 12 
26 71 53 
55 37 78 
64 55 21 
59 68 74 
58 47 71 
46 37 71 
19 96 9 
7 44 60 
67 97 5 
25 19 57 
58 78 97 
21 100 8 
81 52 23 
71 57 62 
62 27 97 
45 95 8 
5 97 89 
80 64 84 
68 29 65 
72 53 47 
19 77 35 
93 46 4 
57 94 90 
28 8 59 
23 91 5 
57 42 51 
35 19 68 
11 69 16 
10 7 37 
29 73 23 
85 97 91 
98 19 77 
84 1 67 
22 45 66 
44 45 23 
53 62 80 
16 96 49 
76 38 13 
6 94 3 
20 43 66 
87 91 36 
27 20 65 
57 100 44 
89 45 20 
21 90 4 
14 38 21 
27 33 48 
80 30 67 
87 77 2 
99 97 29 
56 50 30 
49 72 2 
92 56 49 
80 29 27 
31 68 49 
79 77 40 
96 66 87 
6 36 56 
60 46 21 
86 14 90 
70 1 97 
23 70 9 
30 17 19 
63 24 57 
46 56 96 
48 55 9 
8 65 77 
100 91 46 
28 96 32 
91 78 94 
3 74 98 
81 13 71 
75 74 41 
19 82 24 
49 46 71 
9 46 23 
1 59 12 
63 12 50 
43 34 47 
28 53 19 
44 62 84 
17 37 19 
21 26 24 
32 55 20 
14 63 10 
33 23 16 
97 93 96 
64 2 53 
21 53 91 
17 21 23 
77 60 45 
85 66 26 
32 60 62 
92 30 44 
88 41 76 
7 73 13 
57 75 63 
1 92 15 
64 78 91 
57 46 40 
39 56 51 
41 50 38 
60 83 62 
92 25 37 
37 50 3 
82 68 15 
8 36 43 
61 11 49 
56 48 6 
56 44 49 
70 59 97 
27 19 72 
90 69 80 
31 60 68 
87 66 73 
15 78 18 
44 79 94 
55 19 87 
78 46 36 
43 18 45 
16 6 48 
56 50 11 
82 99 65 
71 89 72 
100 53 70 
87 30 40 
31 85 84 
39 97 86 
55 8 24 
98 63 87 
7 40 49 
78 7 84 
99 71 93 
69 81 14 
64 41 83 
81 59 80 
24 96 75 
57 58 33 
57 40 88 
31 20 58 
76 14 36 
36 30 47 
1 12 14 
85 73 49 
80 30 33 
91 81 23 
72 9 82 
85 41 73 
2 58 4 
23 20 18 
84 47 18 
24 79 91 
67 32 27 
65 15 90 
97 23 43 
66 93 22 
22 55 30 
84 71 94 
7 3 99 
52 27 41 
42 32 51 
95 2 60 
37 47 29 
26 48 58 
56 98 58 
50 66 62 
88 12 37 
32 75 7 
79 78 7 
71 55 77 
5 77 76 
34 49 29 
75 53 95 
93 83 63 
89 79 75 
69 3 57 
90 94 55 
84 14 58 
23 34 22 
67 46 70 
61 16 79 
14 53 58 
67 21 36 
83 67 24 
88 7 39 
70 34 49 
18 32 10 
68 75 92 
54 57 36 
72 61 20 
81 24 39 
62 73 51 
49 42 46 
34 44 18 
99 64 8 
98 12 63 
19 99 33 
10 31 20 
16 11 35 
10 53 73 
51 13 16 
45 32 30 
4 99 55 
41 27 75 
21 46 16 
87 80 26 
20 79 8 
42 71 44 
27 96 94 
76 5 71 
32 94 53 
47 93 90 
55 19 41 
94 48 3 
24 15 81 
5 73 76 
44 43 14 
5 35 74 
16 93 62 
27 72 29 
28 62 16 
98 45 63 
89 52 45 
79 46 86 
70 47 30 
85 7 8 
22 66 85 
92 22 47 
42 49 75 
30 66 68 
4 88 5 
25 97 23 
73 70 16 
46 37 96 
83 64 92 
8 96 37 
58 5 57 
99 19 71 
26 81 68 
6 55 69 
68 40 58 
1 63 42 
52 48 13 
87 50 26 
80 65 42 
21 100 62 
72 80 87 
31 63 33 
25 96 100 
58 25 64 
29 90 4 
67 75 33 
12 18 16 
49 98 3 
52 67 11 
8 71 86 
80 22 34 
30 88 28 
13 80 54 
27 62 23 
79 96 8 
68 18 69 
54 18 1 
56 34 17 
56 42 81 
3 64 25 
67 77 8 
33 44 63 
95 36 96 
7 94 84 
78 73 48 
66 73 85 
28 6 70 
52 43 78 
83 29 41 
67 95 76 
1 87 59 
46 3 36 
20 44 1 
53 2 47 
64 13 75 
87 34 22 
12 64 20 
7 29 83 
91 50 1 
85 33 18 
64 10 65 
32 53 39 
11 34 100 
77 8 63 
90 97 4 
88 93 99 
29 22 61 
24 7 9 
98 91 88 
53 46 7 
78 74 36 
39 51 73 
24 93 2 
21 18 38 
33 26 6 
61 20 65 
35 46 83 
71 63 3 
15 91 6 
29 70 64 
95 73 9 
66 91 55 
77 6 52 
59 86 60 
80 69 24 
1 11 17 
65 37 46 
49 61 80 
47 98 62 
73 58 96 
24 40 78 
46 51 65 
18 15 81 
35 44 52 
63 20 89 
40 59 2 
68 16 30 
40 1 68 
26 34 5 
66 97 6 
100 3 70 
82 36 63 
88 83 9 
47 41 74 
63 53 48 
3 12 62 
21 13 94 
76 41 25 
85 56 87 
96 57 45 
69 15 52 
9 68 37 
92 23 96 
46 4 67 
34 64 96 
16 42 6 
94 57 79 
62 1 70 
76 36 3 
98 94 3 
81 63 85 
37 15 49 
25 72 46 
22 4 91 
50 26 9 
24 44 75 
66 32 40 
33 29 90 
86 42 67 
48 21 33 
30 70 58 
62 27 79 
69 51 41 
85 34 32 
57 93 21 
33 5 97 
74 4 69 
24 46 79 
79 28 99 
35 78 58 
20 62 7 
27 87 60 
42 1 44 
76 64 5 
44 98 49 
100 89 92 
65 40 16 
37 84 22 
93 77 72 
3 68 49 
70 67 90 
40 21 54 
86 37 30 
14 52 100 
9 18 33 
64 44 4 
29 86 66 
6 91 5 
32 73 1 
57 55 86 
64 52 14 
5 37 34 
36 97 88 
42 13 74 
31 16 100 
58 73 45 
30 38 48 
12 70 1 
31 67 48 
95 70 72 
24 82 89 
12 36 56 
75 46 53 
19 63 85 
52 68 100 
92 9 79 
85 39 72 
58 73 85 
23 8 3 
79 78 60 
51 17 2 
94 33 72 
9 78 88 
2 50 36 
6 26 47 
82 48 62 
99 35 86 
37 61 39 
58 86 27 
23 5 79 
76 19 8 
31 44 46 
12 11 28 
65 90 52 
69 40 60 
39 38 89 
80 36 95 
25 4 65 
52 79 97 
57 70 1 
82 68 100 
34 46 4 
87 46 80 
2 27 33 
16 15 57 
45 47 27 
62 61 97 
25 44 15 
4 74 44 
28 91 88 
74 15 11 
30 84 25 
55 67 25 
10 19 28 
57 76 49 
91 48 55 
81 2 53 
37 80 49 
64 54 8 
54 12 71 
44 24 71 
86 31 34 
34 33 84 
81 55 17 
22 47 57 
97 79 23 
79 82 2 
99 46 27 
83 94 66 
67 19 3 
25 82 47 
7 92 83 
23 22 46 
62 39 100 
26 24 96 
90 49 15 
93 31 34 
35 51 90 
14 63 27 
52 54 59 
7 66 9 
48 29 16 
83 5 69 
26 74 90 
58 47 67 
91 61 74 
87 91 83 
12 51 50 
98 92 72 
64 38 18 
64 45 8 
99 78 100 
85 92 21 
54 50 16 
96 66 3 
29 20 54 
10 21 28 
79 42 24 
70 53 36 
17 19 14 
15 64 4 
31 1 87 
59 75 89 
52 35 10 
47 90 65 
60 41 47 
55 51 74 
24 95 82 
8 3 32 
86 94 91 
60 49 6 
14 5 37 
45 68 94 
48 24 19 
84 67 31 
57 11 78 
73 11 43 
10 9 40 
29 22 79 
93 44 33 
62 66 1 
3 44 10 
43 80 76 
35 46 59 
14 31 4 
90 40 72 
54 74 73 
46 82 39 
85 58 64 
57 97 41 
59 32 81 
25 46 9 
67 37 62 
52 50 99 
34 92 64 
80 21 98 
97 35 76 
80 65 13 
63 93 98 
61 7 54 
84 38 53 
70 51 38 
4 86 56 
64 21 100 
24 46 66 
51 93 50 
25 96 20 
16 64 25 
56 89 64 
74 40 67 
19 63 8 
91 78 77 
77 95 28 
77 98 71 
98 34 1 
84 29 48 
78 43 2 
36 33 32 
41 25 16 
76 98 77 
14 1 88 
31 30 47 
73 90 98 
80 26 1 
34 94 89 
94 90 96 
96 6 53 
13 25 76 
68 38 93 
48 13 29 
97 44 38 
85 63 24 
89 75 20 
73 38 29 
94 92 59 
10 5 42 
78 63 84 
5 73 100 
60 81 48 
6 60 40 
36 7 15 
13 40 93 
29 79 1 
81 36 45 
35 76 60 
85 24 11 
64 100 3 
53 44 23 
43 18 72 
79 82 70 
98 28 69 
56 26 45 
81 39 30 
19 91 87 
33 14 69 
97 38 29 
90 83 81 
85 67 27 
93 8 45 
72 8 50 
34 78 51 
33 69 40 
80 72 28 
23 1 64 
85 1 43 
99 23 66 
30 49 1 
77 58 59 
60 81 46 
2 100 25 
63 12 1 
32 27 37 
51 68 4 
6 34 28 
33 12 16 
79 41 96 
68 79 17 
55 92 88 
30 96 49 
26 65 6 
47 29 77 
84 10 69 
71 72 24 
10 34 20 
14 70 13 
98 42 29 
46 97 66 
55 7 42 
79 3 44 
4 97 21 
69 21 56 
55 62 72 
49 42 76 
71 41 30 
63 29 78 
67 18 40 
89 80 12 
25 69 7 
71 62 20 
9 30 80 
63 73 44 
100 2 68 
55 86 15 
22 54 26 
74 19 34 
94 25 42 
86 5 89 
62 70 47 
93 55 86 
17 52 57 
77 49 14 
42 60 63 
35 9 58 
26 17 59 
13 61 40 
9 44 90 
8 47 81 
99 93 17 
86 18 78 
99 68 62 
64 33 50 
23 87 83 
36 52 72 
62 66 46 
52 16 82 
62 12 92 
68 8 26 
47 59 95 
55 21 25 
20 6 70 
81 14 100 
33 25 8 
43 36 13 
14 20 67 
93 20 25 
89 81 72 
68 24 1 
59 1 65 
65 40 30 
43 27 6 
53 42 86 
7 68 84 
60 75 45 
53 47 78 
84 53 64 
28 33 85 
29 4 31 
88 36 48 
48 28 85 
56 81 32 
35 81 58 
16 35 36 
14 88 65 
60 7 73 
42 75 69 
35 39 78 
8 91 27 
11 77 31 
73 14 32 
60 19 52 
17 20 33 
86 69 71 
2 97 9 
45 7 35 
67 2 3 
72 19 5 
53 17 55 
64 16 39 
92 47 12 
25 27 8 
89 11 44 
34 23 84 
84 74 86 
7 96 43 
32 8 82 
88 94 41 
62 85 84 
79 6 60 
89 25 57 
45 50 38 
33 78 92 
97 22 80 
29 66 60 
6 46 33 
97 77 37 
22 55 81 
98 90 3 
18 90 30 
10 78 4 
12 87 1 
44 67 29 
34 40 87 
74 48 79 
83 5 29 
26 88 95 
90 35 14 
24 20 87 
17 33 92 
54 15 24 
56 59 61 
68 74 81 
26 5 96 
76 26 1 
63 6 73 
27 38 76 
25 42 35 
68 80 81 
11 87 66 
94 68 43 
90 91 64 
53 24 46 
93 17 77 
61 6 66 
43 27 34 
15 47 56 
41 40 4 
66 94 53 
44 77 37 
4 53 88 
89 97 27 
10 21 41 
86 88 19 
90 73 76 
38 87 85 
37 30 68 
8 51 12 
26 7 97 
87 94 8 
35 58 7 
12 60 7 
65 92 50 
13 80 94 
34 94 87 
67 84 83 
53 42 76 
85 77 91 
10 69 32 
4 90 63 
17 71 80 
24 21 37 
8 64 19 
39 13 22 
85 69 89 
46 4 74 
2 18 25 
62 50 14 
82 67 35 
1 59 89 
74 18 27 
62 56 85 
48 33 43 
81 51 76 
53 35 43 
15 99 33 
1 68 98 
70 72 76 
52 32 39 
21 8 79 
93 33 35 
82 11 3 
48 74 54 
69 47 40 
60 48 51 
80 100 17 
89 74 60 
15 48 8 
16 60 62 
61 37 48 
74 6 82 
98 68 17 
52 49 39 
91 83 38 
76 74 35 
24 69 86 
32 98 46 
23 72 42 
12 7 3 
1 80 97 
61 32 94 
17 79 97 
88 40 14 
64 79 53 
72 19 11 
18 63 8 
61 100 66 
66 91 3 
84 98 4 
47 5 14 
73 80 32 
88 90 70 
10 49 61 
58 35 48 
79 58 98 
43 40 9 
71 75 44 
19 81 14 
50 21 2 
37 77 86 
60 80 87 
27 75 5 
11 97 5 
53 52 99 
48 1 35 
54 65 67 
45 93 95 
37 68 2 
78 64 22 
95 74 6 
68 91 55 
66 87 26 
68 79 41 
76 78 54 
80 65 71 
58 52 41 
92 36 24 
84 43 52 
16 47 30 
57 4 40 
62 73 10 
65 8 75 
57 2 52 
23 47 59 
40 63 31 
77 1 14 
84 51 37 
86 22 29 
7 70 99 
69 61 41 
63 69 78 
55 86 33 
9 100 83 
61 90 95 
86 93 85 
35 48 52 
26 20 89 
27 91 58 
86 38 75 
52 80 14 
69 45 24 
92 55 45 
42 41 82 
88 37 78 
84 92 95 
24 53 39 
36 84 76 
82 100 11 
57 18 85 
55 95 25 
8 30 78 
4 79 15 
66 21 93 
76 35 39 
88 78 25 
30 89 12 
46 50 88 
86 90 17 
57 16 92 
49 99 36 
18 100 23 
62 83 53 
90 97 31 
13 84 34 
84 100 79 
46 48 42 
58 40 48 
72 14 89 
29 12 88 
17 53 96 
21 12 57 
56 90 58 
89 27 74 
29 55 37 
46 85 79 
31 78 51 
54 53 27 
2 74 83 
89 75 71 
61 78 51 
12 45 84 
62 53 78 
57 15 86 
97 44 9 
99 43 26 
88 94 63 
90 42 32 
86 25 70 
44 51 81 
86 71 18 
75 23 50 
89 59 42 
46 14 40 
23 31 76 
62 85 58 
37 1 79 
43 39 24 
66 94 34 
24 46 20 
11 56 7 
48 15 24 
2 74 89 
94 46 6 
5 43 84 
9 64 36 
82 63 21 
18 95 51 
91 8 82 
86 73 53 
43 73 83 
16 88 21 
33 100 54 
90 77 61 
6 15 25 
28 81 31 
50 90 60 
49 98 45 
20 41 73 
84 55 56 
92 28 49 
6 36 52 
71 22 17 
13 16 47 
41 50 16 
63 39 90 
96 13 65 
4 77 36 
62 1 4 
37 60 4 
35 31 74 
53 28 44 
77 99 31 
64 97 50 
71 21 1 
88 93 64 
29 41 59 
75 48 72 
53 56 79 
9 39 56 
85 54 74 
45 12 67 
98 56 71 
24 66 10 
59 39 52 
48 51 47 
65 40 89 
8 88 30 
13 9 4 
91 22 41 
89 22 77 
6 83 80 
84 62 8 
41 16 1 
63 54 75 
1 91 4 
36 96 79 
26 23 79 
63 96 74 
44 72 69 
36 17 79 
46 47 94 
30 99 36 
38 15 26 
20 37 90 
5 75 34 
5 50 36 
20 59 35 
36 19 89 
31 91 62 
50 66 86 
53 21 78 
89 13 46 
71 92 69 
70 93 69 
32 69 8 
45 21 31 
48 35 38 
23 3 99 
90 48 52 
91 97 78 
62 10 94 
2 40 89 
90 74 2 
46 16 85 
4 5 36 
6 59 22 
1 81 8 
1 22 24 
41 2 32 
51 56 21 
34 98 57 
30 47 25 
11 86 93 
14 37 2 
95 35 5 
62 86 13 
20 84 90 
92 93 81 
38 58 9 
82 12 8 
26 79 90 
43 11 19 
98 64 59 
66 98 84 
6 100 19 
3 52 9 
7 76 91 
45 90 60 
38 30 36 
58 56 78 
33 46 49 
61 79 71 
53 90 65 
15 22 28 
81 29 51 
17 77 11 
34 89 71 
52 74 8 
8 92 11 
31 13 33 
56 80 3 
87 51 27 
36 20 18 
38 10 34 
76 74 75 
3 41 88 
96 41 89 
49 28 78 
14 28 93 
81 12 47 
50 68 17 
78 85 28 
47 4 2 
8 52 30 
29 92 20 
90 39 91 
54 48 6 
63 82 87 
46 94 91 
58 23 86 
11 22 6 
32 84 79 
30 40 4 
43 6 17 
87 20 88 
35 22 59 
34 2 79 
77 49 95 
57 82 78 
77 60 47 
10 40 73 
76 72 95 
6 51 57 
79 69 84 
25 44 91 
40 19 69 
11 20 12 
7 65 55 
51 86 22 
20 22 71 
1 51 4 
58 49 51 
21 13 88 
43 96 20 
39 13 4 
91 39 1 
88 55 42 
60 50 25 
33 42 53 
5 65 31 
12 73 83 
21 93 62 
96 91 18 
35 54 32 
88 82 93 
29 53 39 
13 42 93 
56 19 50 
46 43 6 
76 72 38 
1 11 25 
62 25 44 
6 94 14 
6 20 72 
24 17 90 
78 14 71 
98 97 40 
98 56 91 
93 42 41 
16 48 62 
60 57 5 
83 67 58 
9 6 69 
99 83 100 
16 99 59 
63 91 20 
4 7 9 
18 4 35 
97 12 57 
53 36 66 
37 75 100 
85 43 26 
66 81 93 
61 95 84 
39 3 8 
73 58 69 
43 80 41 
79 42 58 
96 86 17 
94 79 97 
86 70 68 
68 41 96 
66 31 19 
62 39 93 
35 63 26 
82 22 70 
80 87 99 
83 27 37 
97 42 50 
5 3 26 
79 53 40 
21 94 25 
65 35 100 
96 30 87 
27 11 82 
59 36 44 
22 11 34 
19 95 49 
29 15 17 
49 55 84 
63 55 16 
18 72 87 
55 89 65 
58 40 86 
65 79 20 
43 25 28 
59 14 41 
17 16 90 
76 24 40 
96 8 7 
74 28 21 
67 79 23 
7 58 3 
17 81 58 
11 15 95 
83 84 70 
32 44 7 
40 21 37 
94 42 32 
37 97 74 
42 74 7 
27 48 73 
46 43 25 
48 30 11 
16 87 29 
59 87 8 
40 62 80 
46 83 91 
98 70 3 
57 37 2 
33 54 6 
41 68 78 
64 83 39 
81 86 11 
7 38 5 
37 90 65 
81 28 48 
34 30 39 
61 52 7 
87 43 88 
14 79 32 
10 94 53 
6 94 25 
74 67 25 
14 79 12 
41 77 1 
72 63 97 
65 91 4 
96 83 36 
96 16 64 
4 68 49 
3 74 86 
17 3 92 
52 40 43 
98 44 28 
76 66 65 
58 55 7 
59 26 80 
17 28 95 
25 59 29 
41 42 15 
84 62 22 
30 9 54 
28 43 46 
28 100 87 
46 2 41 
17 42 25 
95 49 63 
27 42 98 
28 40 83 
1 69 28 
83 31 98 
18 4 15 
82 57 9 
72 95 99 
70 75 39 
18 54 31 
50 44 80 
21 35 16 
28 1 25 
40 53 77 
43 98 57 
39 65 57 
32 61 15 
83 98 97 
19 71 80 
46 78 88 
16 3 84 
68 4 18 
87 43 78 
74 38 68 
8 97 23 
37 56 72 
2 82 72 
21 41 51 
60 8 45 
25 21 81 
27 81 90 
13 66 83 
91 51 45 
44 77 29 
60 81 21 
20 97 7 
87 29 49 
31 87 11 
96 82 7 
40 18 61 
63 29 50 
95 6 38 
51 72 99 
71 68 10 
88 61 89 
12 79 1 
71 90 31 
99 71 14 
34 88 99 
75 41 80 
23 22 2 
16 49 56 
57 78 60 
65 69 3 
45 9 77 
83 60 84 
24 83 55 
34 39 93 
77 95 44 
95 46 91 
27 11 100 
79 48 51 
65 53 94 
93 43 23 
68 32 89 
20 41 43 
29 27 61 
7 51 68 
88 55 49 
86 69 9 
19 24 74 
76 85 64 
57 59 58 
11 34 85 
27 96 5 
24 17 97 
47 20 98 
14 60 39 
22 19 8 
40 15 63 
24 82 96 
58 92 12 
10 47 83 
89 81 71 
17 62 69 
91 51 37 
33 50 1 
58 55 92 
57 78 22 
99 64 35 
14 52 63 
85 98 19 
58 49 59 
89 23 97 
52 44 2 
4 34 100 
56 12 94 
49 24 99 
27 80 46 
45 91 98 
20 47 38 
25 11 8 
80 39 18 
91 44 41 
37 62 33 
36 57 63 
68 82 70 
49 43 71 
89 80 46 
36 75 24 
79 46 41 
26 13 77 
41 17 50 
90 41 53 
49 5 96 
61 75 59 
3 46 21 
20 9 31 
73 77 33 
88 46 30 
82 63 41 
5 68 46 
15 54 44 
55 7 56 
4 78 56 
93 52 77 
49 50 58 
32 40 65 
22 49 36 
39 83 79 
5 19 74 
58 25 73 
81 26 33 
21 37 33 
30 40 3 
11 6 91 
38 27 39 
1 21 15 
55 12 16 
32 23 22 
57 66 78 
37 97 90 
40 7 53 
98 5 19 
70 100 88 
43 95 99 
42 3 74 
76 78 44 
93 27 31 
40 55 52 
78 27 25 
15 21 3 
90 74 16 
92 35 30 
55 44 10 
68 27 60 
24 64 11 
12 88 20 
85 37 19 
60 87 99 
35 54 25 
70 97 67 
78 46 73 
78 20 25 
99 89 34 
49 91 99 
55 38 56 
53 47 49 
41 20 53 
68 1 90 
65 64 93 
68 59 38 
99 35 60 
33 53 21 
45 51 30 
13 7 37 
31 51 77 
54 84 80 
82 3 99 
46 20 68 
4 86 95 
95 64 7 
34 41 86 
21 76 90 
22 48 79 
23 9 30 
25 49 14 
17 70 65 
41 3 62 
22 58 32 
32 11 100 
65 76 100 
59 2 46 
59 54 70 
97 83 37 
25 87 8 
36 15 33 
50 37 94 
80 5 86 
71 79 43 
97 80 70 
42 5 7 
95 44 93 
13 41 59 
87 58 76 
55 2 17 
39 61 44 
66 70 38 
46 65 64 
55 23 100 
24 40 8 
40 64 76 
19 28 2 
80 82 21 
10 65 15 
33 14 28 
7 1 90 
6 64 68 
34 31 90 
88 72 28 
88 14 75 
47 78 83 
24 37 8 
81 75 83 
8 10 36 
5 55 53 
46 22 72 
37 45 66 
25 77 45 
83 38 10 
60 91 27 
65 41 24 
83 41 2 
94 22 74 
51 17 66 
34 6 57 
52 48 29 
85 1 70 
80 39 15 
71 19 37 
22 100 59 
61 97 35 
83 22 33 
100 42 51 
50 10 2 
53 43 73 
23 58 9 
31 95 74 
70 23 41 
55 66 22 
34 59 19 
47 74 86 
4 28 38 
23 12 97 
76 3 84 
66 47 94 
26 34 2 
63 75 2 
29 12 87 
68 62 12 
20 29 45 
87 100 22 
9 37 19 
19 64 6 
67 64 11 
33 31 77 
84 28 64 
62 97 18 
89 32 81 
83 29 69 
76 17 3 
48 33 80 
20 88 10 
28 77 76 
97 46 31 
85 43 4 
59 8 45 
98 6 74 
53 51 78 
75 79 94 
24 44 6 
44 18 85 
81 78 72 
86 48 30 
14 77 94 
5 8 14 
94 56 71 
34 96 4 
78 32 9 
28 31 32 
95 21 72 
46 36 21 
88 37 93 
56 98 49 
48 81 89 
72 93 60 
86 16 90 
10 33 48 
20 77 94 
35 65 17 
80 83 66 
45 20 30 
80 98 47 
40 37 75 
1 70 29 
84 19 40 
97 86 31 
93 31 5 
64 92 69 
29 57 27 
69 96 45 
9 60 28 
20 79 63 
31 82 22 
59 67 33 
93 82 50 
65 6 51 
96 39 82 
69 34 56 
23 89 62 
20 71 45 
24 12 97 
29 92 68 
76 14 41 
36 28 10 
35 43 48 
59 80 89 
73 3 42 
31 95 45 
55 56 61 
71 39 89 
20 8 82 
1 92 28 
5 8 85 
61 73 9 
66 70 99 
90 27 57 
79 20 49 
36 42 39 
83 34 27 
93 56 86 
58 12 85 
66 28 47 
79 98 5 
23 36 95 
61 46 76 
59 94 13 
93 2 83 
3 34 33 
65 97 27 
83 69 23 
99 12 92 
83 44 32 
88 3 79 
41 45 55 
54 3 51 
25 49 12 
15 27 93 
99 8 86 
23 44 30 
60 53 98 
16 26 2 
55 13 67 
6 2 22 
46 31 51 
18 20 2 
13 74 94 
59 39 41 
13 1 49 
33 93 63 
14 95 78 
23 79 27 
76 3 71 
19 91 14 
61 97 15 
37 87 55 
56 35 6 
51 55 53 
38 77 41 
11 82 96 
66 26 15 
19 25 32 
20 54 34 
11 31 2 
29 80 81 
37 81 65 
9 42 97 
97 39 30 
87 40 76 
63 93 62 
66 42 7 
24 63 3 
3 44 22 
100 37 3 
100 34 48 
2 90 87 
74 47 71 
71 40 43 
44 27 76 
94 46 33 
63 76 3 
97 10 49 
54 98 24 
67 61 63 
93 43 12 
95 9 22 
35 10 33 
32 57 72 
81 35 55 
17 47 46 
62 18 100 
23 27 7 
89 76 72 
83 52 94 
14 90 85 
27 84 17 
90 76 83 
1 99 55 
83 35 86 
62 66 52 
4 7 47 
81 68 94 
8 63 96 
96 81 78 
38 98 61 
33 35 85 
69 81 46 
58 90 29 
24 88 6 
20 12 58 
95 57 94 
78 29 30 
80 57 67 
31 20 64 
13 69 80 
12 40 52 
71 12 43 
94 28 18 
42 68 35 
6 54 79 
44 93 90 
88 48 49 
10 79 67 
1 52 16 
4 28 12 
15 3 88 
14 22 15 
32 43 88 
29 50 34 
52 67 37 
78 48 8 
81 76 45 
69 91 98 
48 68 45 
89 9 42 
38 2 28 
9 50 58 
78 14 42 
76 51 68 
57 37 71 
81 49 33 
10 95 76 
88 77 18 
11 74 88 
82 64 85 
48 19 28 
65 83 81 
58 99 17 
98 73 27 
71 61 82 
100 34 27 
2 1 38 
90 48 24 
82 26 60 
62 34 94 
62 29 49 
39 77 47 
81 3 83 
68 91 15 
56 44 5 
88 79 27 
40 81 61 
2 34 15 
16 14 46 
14 7 10 
72 13 93 
36 31 8 
77 28 56 
58 26 52 
63 3 69 
91 39 50 
77 43 98 
28 26 79 
3 35 83 
59 97 66 
23 86 66 
71 84 78 
34 72 49 
46 76 33 
29 77 43 
16 10 52 
63 94 18 
38 80 77 
20 69 37 
62 3 8 
99 37 89 
33 44 18 
68 36 93 
29 21 28 
81 79 42 
85 14 35 
66 70 1 
26 52 59 
39 68 29 
69 70 19 
7 61 29 
18 89 60 
40 39 16 
96 82 14 
43 33 11 
43 16 18 
85 30 67 
68 92 45 
21 12 56 
15 55 81 
20 49 2 
20 59 40 
49 52 70 
72 37 50 
66 100 58 
56 73 94 
54 30 76 
43 36 1 
42 27 54 
48 53 72 
27 87 62 
55 17 11 
85 53 90 
13 17 39 
83 15 18 
55 85 83 
1 70 83 
74 67 1 
21 51 58 
22 85 81 
78 21 40 
76 12 18 
83 70 46 
27 81 13 
10 63 32 
87 74 39 
87 38 21 
3 73 59 
29 60 41 
11 89 62 
69 11 88 
53 82 89 
65 69 30 
72 31 54 
31 54 35 
87 81 18 
99 63 29 
27 36 38 
11 70 20 
48 28 29 
13 84 26 
79 77 67 
77 63 85 
49 97 68 
56 17 98 
34 68 36 
91 39 82 
21 48 79 
31 59 58 
79 80 22 
79 5 96 
56 38 30 
73 45 50 
47 6 68 
24 5 44 
23 15 90 
37 17 54 
85 92 47 
55 74 40 
48 67 44 
17 34 2 
98 60 86 
23 64 31 
21 9 32 
73 16 40 
66 47 32 
70 77 87 
48 12 99 
70 79 41 
22 19 44 
2 14 62 
43 17 27 
4 1 60 
68 40 60 
25 26 28 
84 20 69 
91 29 42 
69 3 73 
50 78 54 
38 88 98 
76 1 35 
45 29 38 
10 4 21 
87 31 71 
65 57 89 
38 42 20 
9 50 92 
58 97 30 
92 31 93 
82 1 2 
24 10 91 
7 36 73 
36 70 81 
9 100 62 
63 89 34 
91 35 43 
34 14 97 
45 26 50 
10 51 49 
38 31 36 
9 39 48 
33 62 72 
29 37 15 
63 45 54 
57 40 11 
69 57 5 
72 29 61 
17 2 52 
33 65 74 
76 25 67 
78 51 68 
74 72 54 
60 75 26 
4 47 57 
64 26 46 
74 95 28 
80 68 45 
56 66 10 
10 87 57 
45 49 62 
6 82 19 
35 49 70 
94 27 20 
83 68 23 
62 32 46 
7 30 33 
57 24 38 
63 87 47 
7 88 17 
76 14 26 
77 20 85 
66 79 93 
49 17 50 
43 54 39 
10 49 31 
53 50 45 
73 69 77 
18 72 80 
36 68 32 
17 5 97 
17 89 86 
53 99 44 
86 7 20 
17 38 45 
85 88 50 
34 26 65 
31 94 81 
36 16 19 
53 35 55 
71 41 2 
60 24 86 
25 58 27 
92 97 11 
97 53 34 
95 69 23 
65 73 91 
10 34 45 
33 76 89 
70 97 20 
93 34 37 
33 28 15 
71 35 10 
66 16 40 
44 69 100 
50 58 77 
8 37 6 
95 15 10 
83 48 66 
10 81 91 
12 26 6 
39 98 79 
44 48 69 
46 80 38 
34 75 4 
18 35 95 
31 27 50 
62 96 92 
6 66 77 
9 22 29 
34 47 84 
40 24 47 
38 65 64 
70 52 20 
3 63 38 
32 61 7 
12 8 48 
66 64 19 
72 79 1 
83 4 94 
84 94 22 
73 70 62 
73 45 74 
93 41 22 
84 42 40 
81 98 62 
74 7 71 
56 90 63 
16 65 25 
18 44 40 
23 30 29 
19 61 9 
57 37 99 
71 36 88 
4 75 78 
78 11 70 
1 49 3 
29 69 99 
70 11 89 
81 82 60 
82 99 23 
80 26 72 
83 66 58 
85 31 17 
8 89 16 
54 33 94 
16 49 4 
1 66 56 
76 50 73 
26 91 19 
14 54 33 
91 51 94 
95 35 87 
18 68 94 
69 14 53 
30 13 47 
67 36 93 
33 48 75 
87 97 22 
32 8 49 
5 17 68 
83 70 74 
1 16 72 
1 14 45 
71 39 16 
50 9 19 
14 77 73 
63 40 60 
67 61 19 
63 18 73 
43 38 34 
18 64 29 
64 46 36 
12 27 66 
50 76 46 
85 12 15 
89 51 1 
94 80 40 
50 95 82 
100 26 44 
78 21 26 
40 35 69 
54 45 43 
88 84 12 
33 100 18 
99 43 39 
98 22 93 
95 33 16 
45 5 98 
32 8 33 
39 15 58 
40 97 99 
45 26 6 
72 82 80 
28 64 2 
58 91 86 
41 32 10 
98 6 32 
44 77 16 
36 18 44 
81 45 51 
16 95 83 
7 30 32 
2 54 38 
25 19 10 
40 67 59 
2 63 25 
59 72 78 
74 35 15 
4 47 88 
4 93 92 
24 100 8 
19 80 54 
63 52 30 
45 97 62 
79 99 64 
100 43 94 
76 71 36 
69 73 90 
21 49 53 
57 24 87 
8 44 40 
31 57 8 
16 91 71 
38 35 12 
50 99 7 
40 37 15 
100 97 46 
17 7 58 
83 72 54 
23 73 19 
85 87 73 
7 78 77 
65 43 21 
29 90 59 
49 95 43 
8 51 91 
8 84 23 
35 82 79 
95 71 40 
8 90 6 
67 100 84 
85 91 74 
84 95 77 
40 68 10 
36 72 23 
64 83 45 
67 75 36 
12 4 27 
58 67 78 
32 37 38 
89 35 92 
65 21 81 
47 35 66 
16 60 24 
58 78 88 
34 80 42 
33 29 1 
91 34 37 
90 73 97 
84 41 100 
33 15 54 
66 37 73 
63 58 12 
19 49 26 
51 92 61 
50 85 20 
14 12 48 
22 26 43 
8 96 74 
37 8 53 
78 74 33 
4 2 59 
7 36 95 
31 68 27 
79 96 22 
19 43 66 
84 47 36 
56 94 27 
62 61 85 
42 44 33 
65 22 86 
53 52 83 
29 73 8 
58 86 48 
11 10 19 
55 59 89 
61 49 26 
26 50 47 
97 6 52 
56 13 78 
14 53 62 
67 62 30 
25 10 89 
49 50 41 
10 42 11 
39 70 85 
28 26 42 
98 24 73 
13 22 48 
71 44 79 
9 75 61 
42 41 80 
54 80 11 
31 14 62 
14 65 95 
1 62 77 
36 12 64 
80 16 30 
78 27 4 
5 88 21 
12 43 75 
26 93 98 
81 55 1 
18 5 19 
92 56 21 
15 9 53 
85 70 33 
8 39 57 
2 26 21 
3 56 26 
64 93 47 
64 93 7 
31 58 29 
51 12 34 
37 70 76 
64 40 52 
36 29 4 
93 33 14 
71 79 48 
85 13 30 
17 53 4 
58 26 94 
60 17 99 
22 40 13 
37 74 89 
18 100 30 
22 68 86 
65 29 97 
12 82 37 
82 63 43 
99 100 34 
46 84 93 
41 60 13 
28 69 34 
36 52 88 
21 99 24 
28 72 4 
94 35 30 
56 37 48 
76 38 20 
7 52 14 
76 69 40 
49 82 88 
23 41 78 
38 68 37 
74 60 46 
80 23 27 
82 43 83 
51 55 37 
65 86 81 
44 3 50 
98 63 39 
77 54 65 
25 8 19 
58 90 7 
41 32 54 
49 83 28 
32 69 27 
32 40 43 
100 88 96 
15 100 64 
51 74 54 
35 28 23 
21 49 54 
38 50 47 
56 43 41 
86 39 8 
22 60 27 
88 82 97 
29 77 100 
45 81 92 
51 26 10 
25 82 27 
91 81 2 
91 73 3 
4 38 14 
15 72 71 
88 97 8 
55 28 22 
89 51 47 
24 13 52 
65 87 25 
9 84 12 
26 23 64 
74 22 15 
88 83 100 
89 97 43 
45 1 30 
27 46 14 
2 69 43 
82 24 56 
46 24 39 
30 56 54 
77 13 60 
28 43 75 
14 65 11 
54 20 73 
2 44 20 
15 63 95 
81 21 38 
74 16 34 
80 19 32 
61 93 99 
63 28 91 
68 47 72 
53 26 47 
23 96 44 
44 76 39 
65 38 28 
6 70 63 
65 48 26 
44 77 97 
85 92 89 
99 15 100 
1 65 84 
75 21 56 
49 80 58 
14 69 5 
3 16 30 
61 50 21 
16 41 83 
51 30 25 
5 57 84 
55 70 73 
24 14 10 
54 15 86 
18 75 1 
50 2 15 
22 31 13 
13 42 60 
34 5 39 
58 63 71 
31 68 46 
4 15 68 
90 40 51 
82 43 62 
78 58 70 
86 26 94 
64 65 39 
91 38 25 
81 43 17 
2 80 87 
33 70 94 
24 17 12 
22 83 81 
56 29 71 
80 26 62 
61 5 51 
28 22 90 
45 14 80 
68 36 81 
80 38 100 
44 50 39 
30 60 1 
77 50 31 
70 45 47 
61 100 23 
2 25 43 
83 24 66 
98 40 41 
86 16 72 
11 5 53 
86 52 88 
15 11 64 
58 13 49 
17 33 56 
86 32 91 
68 11 54 
43 97 93 
77 95 73 
3 42 46 
35 44 56 
15 42 34 
32 18 77 
50 55 60 
99 57 64 
17 66 7 
80 39 27 
14 41 71 
37 28 42 
54 100 39 
57 51 83 
13 2 81 
42 50 26 
95 6 19 
92 77 11 
63 46 48 
7 12 33 
25 65 28 
68 81 47 
37 96 4 
97 80 13 
62 90 10 
19 77 74 
31 57 75 
63 34 69 
16 87 23 
48 4 83 
3 98 85 
38 1 74 
79 58 25 
59 31 65 
82 81 83 
27 92 88 
59 74 98 
75 15 77 
100 87 91 
43 50 24 
43 35 3 
70 72 68 
99 5 66 
58 53 94 
78 69 52 
64 31 88 
80 85 31 
97 75 71 
8 83 56 
62 61 48 
19 41 95 
51 33 66 
29 16 15 
29 59 17 
24 21 91 
40 71 100 
96 4 17 
83 66 61 
52 48 39 
5 31 48 
90 68 74 
25 1 73 
73 37 28 
3 22 47 
76 3 80 
44 47 12 
55 24 65 
26 10 57 
13 33 76 
33 62 8 
30 39 4 
68 96 66 
81 76 26 
84 82 99 
66 3 70 
34 29 90 
22 19 18 
79 8 56 
12 52 75 
77 32 59 
95 91 90 
87 46 81 
13 78 87 
68 64 67 
89 34 97 
21 51 73 
15 42 92 
20 74 95 
1 14 15 
80 98 17 
24 37 65 
67 81 25 
84 98 31 
10 44 2 
3 24 35 
63 8 47 
59 46 11 
20 66 74 
55 93 89 
100 36 47 
94 43 38 
44 43 38 
70 34 39 
53 7 95 
19 36 43 
16 49 69 
91 45 33 
84 67 85 
13 76 90 
15 16 22 
96 63 50 
18 90 10 
57 95 22 
33 82 5 
21 34 73 
13 10 26 
62 58 64 
80 6 15 
91 16 48 
71 65 3 
56 26 40 
44 9 96 
52 39 35 
28 81 4 
13 46 27 
58 71 45 
92 78 45 
31 91 22 
67 94 10 
8 66 96 
42 7 54 
66 62 70 
24 77 74 
58 95 84 
81 36 26 
100 35 97 
5 95 81 
67 24 92 
87 97 53 
95 61 58 
25 68 33 
9 54 70 
92 41 15 
80 17 7 
91 56 73 
69 65 72 
76 2 80 
11 39 73 
62 100 29 
23 14 58 
5 56 54 
2 75 22 
74 23 62 
42 92 65 
47 23 18 
57 25 48 
82 85 70 
5 74 45 
4 97 94 
33 2 22 
83 8 25 
47 54 82 
80 99 5 
50 2 55 
29 66 50 
8 49 18 
58 45 98 
82 57 98 
65 31 50 
100 3 36 
74 33 69 
99 58 88 
33 30 2 
13 91 95 
41 47 93 
51 94 58 
36 68 17 
43 27 45 
56 9 93 
49 59 95 
40 14 72 
8 92 89 
89 75 49 
62 87 5 
64 69 23 
71 36 30 
23 36 65 
92 80 9 
26 45 99 
75 39 45 
48 37 43 
42 48 64 
89 66 76 
20 12 52 
52 86 2 
17 40 4 
48 42 31 
31 25 34 
87 25 74 
89 85 90 
17 2 79 
13 69 98 
31 86 81 
87 19 41 
85 75 69 
12 53 22 
78 43 38 
100 35 76 
45 17 23 
80 20 82 
29 56 18 
61 56 75 
18 62 69 
35 71 95 
36 89 20 
23 69 14 
33 2 12 
9 92 61 
20 35 94 
99 23 86 
20 64 85 
21 88 29 
65 88 23 
62 88 26 
2 40 66 
5 64 21 
5 82 43 
92 93 64 
28 15 100 
70 89 29 
36 61 43 
62 33 47 
45 24 12 
93 74 79 
29 27 15 
13 70 55 
29 61 96 
43 93 89 
16 25 32 
15 17 74 
48 26 78 
6 14 55 
3 44 59 
23 46 81 
69 55 19 
26 79 68 
83 20 30 
36 63 22 
77 52 49 
62 35 53 
84 67 46 
29 72 22 
8 24 51 
59 87 62 
46 22 40 
39 87 85 
21 1 64 
72 44 89 
56 50 49 
32 28 3 
78 36 34 
27 35 78 
22 98 57 
60 94 54 
14 61 33 
74 59 33 
24 29 51 
93 80 81 
91 97 89 
42 74 22 
97 78 44 
89 40 76 
13 56 12 
31 25 59 
5 71 54 
15 25 68 
38 79 64 
85 36 69 
23 14 99 
18 83 79 
54 9 100 
16 63 99 
69 48 7 
58 46 5 
74 97 20 
43 18 13 
12 70 59 
16 56 69 
69 68 72 
51 40 80 
9 46 70 
83 69 55 
6 15 18 
3 89 71 
54 59 62 
4 12 17 
4 37 11 
66 30 15 
9 44 36 
42 44 13 
7 29 51 
85 29 3 
85 36 42 
19 78 64 
95 9 89 
17 97 27 
18 90 32 
64 83 37 
69 16 91 
47 27 48 
96 64 42 
74 64 39 
62 58 52 
13 27 8 
18 67 45 
1 58 17 
84 12 68 
83 100 60 
79 100 11 
68 30 89 
39 100 99 
48 66 21 
87 88 41 
56 85 84 
73 97 16 
44 47 69 
15 88 5 
24 31 18 
76 8 16 
21 49 63 
5 14 76 
24 2 87 
98 66 27 
83 75 29 
42 52 63 
100 14 90 
86 15 33 
58 40 88 
7 62 23 
80 66 3 
62 82 90 
15 35 45 
71 15 39 
78 39 8 
88 90 15 
62 99 77 
48 25 78 
24 72 86 
32 2 99 
76 17 23 
100 67 58 
28 27 70 
66 37 44 
89 1 80 
66 39 2 
14 85 48 
12 11 40 
73 45 72 
29 39 20 
65 74 90 
17 45 70 
65 45 31 
4 77 70 
99 87 75 
96 50 38 
89 9 57 
34 45 81 
30 82 79 
18 73 15 
60 88 32 
24 46 28 
4 69 83 
32 82 48 
72 2 25 
83 23 13 
91 27 56 
12 84 82 
5 82 96 
17 12 19 
88 48 37 
87 15 97 
55 43 6 
81 29 46 
49 50 20 
17 96 78 
85 3 26 
83 84 63 
89 6 84 
1 77 32 
66 29 19 
65 73 29 
15 12 63 
55 1 46 
7 66 82 
22 40 2 
75 36 96 
94 14 38 
23 65 8 
59 54 45 
84 94 17 
29 17 92 
54 55 43 
99 11 62 
13 42 39 
62 61 26 
65 86 14 
83 13 100 
15 75 33 
66 39 43 
98 21 43 
54 3 76 
9 14 71 
4 95 77 
41 67 84 
29 52 11 
20 16 88 
19 53 57 
71 25 93 
31 48 59 
73 88 98 
26 74 35 
75 82 10 
11 76 83 
12 54 57 
8 94 66 
65 33 38 
13 96 18 
1 87 85 
11 84 26 
44 45 8 
78 40 72 
29 56 75 
80 16 99 
19 54 33 
22 29 41 
6 61 21 
10 64 76 
28 82 72 
2 10 11 
40 45 64 
57 38 8 
59 52 56 
43 68 22 
19 22 29 
3 81 26 
47 95 35 
84 32 57 
73 32 46 
63 61 10 
65 88 51 
41 93 99 
85 91 53 
35 30 6 
64 43 23 
58 23 76 
76 44 64 
95 94 34 
14 6 75 
47 51 34 
70 82 76 
13 9 53 
13 63 31 
38 17 63 
59 5 70 
41 74 25 
67 73 7 
80 1 73 
50 1 82 
99 47 8 
21 30 38 
34 59 60 
4 8 67 
36 11 75 
69 29 81 
95 26 1 
9 7 6 
26 82 42 
71 27 19 
25 53 19 
48 98 86 
53 10 74 
82 8 54 
65 10 100 
3 17 72 
85 37 75 
65 22 88 
33 17 62 
61 63 40 
1 26 7 
20 32 87 
29 25 21 
52 74 81 
43 61 22 
11 79 91 
2 24 86 
17 43 73 
16 45 93 
33 81 18 
14 77 98 
33 1 21 
9 15 98 
94 38 46 
87 29 46 
34 91 68 
62 93 19 
77 60 20 
66 31 8 
83 33 27 
27 87 26 
44 54 5 
20 18 40 
59 50 94 
79 46 56 
88 75 61 
100 12 49 
78 85 74 
72 38 97 
60 24 89 
18 34 5 
19 97 68 
14 22 1 
40 43 48 
65 75 62 
94 93 61 
59 20 67 
81 84 42 
2 50 73 
25 49 62 
66 79 90 
58 32 88 
28 83 82 
12 72 31 
21 42 95 
73 53 84 
12 84 3 
64 92 8 
57 40 25 
16 48 7 
69 71 94 
95 93 10 
56 47 85 
97 76 23 
40 28 60 
44 5 63 
64 65 72 
71 92 70 
72 26 57 
32 24 26 
79 89 85 
56 43 100 
93 9 97 
32 25 9 
33 80 54 
91 26 42 
13 35 85 
73 56 96 
79 21 98 
87 46 18 
9 88 10 
65 2 41 
2 70 58 
25 84 1 
20 64 26 
88 16 90 
63 48 23 
13 58 9 
21 60 38 
51 27 1 
97 2 44 
78 17 99 
10 65 9 
91 16 82 
89 53 38 
29 78 89 
4 11 23 
78 61 72 
19 64 80 
52 33 6 
63 50 25 
62 47 7 
86 10 92 
22 59 17 
37 4 82 
86 11 77 
66 44 97 
56 39 11 
95 19 92 
29 18 22 
10 62 22 
28 23 79 
30 21 65 
40 54 1 
58 73 26 
84 73 95 
60 12 78 
85 28 64 
20 60 63 
76 36 67 
78 99 3 
5 69 82 
49 53 65 
17 11 3 
8 17 43 
13 73 81 
39 85 45 
18 53 17 
41 52 59 
61 89 54 
63 79 75 
29 38 78 
58 90 43 
68 10 81 
93 60 79 
92 22 35 
14 99 18 
28 40 35 
62 21 66 
43 99 47 
12 3 26 
33 75 1 
46 48 69 
75 29 58 
34 100 64 
29 86 57 
34 52 88 
62 51 98 
70 92 98 
56 25 86 
10 40 94 
79 5 48 
40 78 48 
31 69 16 
17 3 4 
59 94 38 
3 100 4 
20 40 32 
32 33 51 
10 87 84 
13 4 91 
80 10 61 
25 49 84 
100 95 92 
18 49 4 
30 51 44 
72 15 51 
70 24 51 
24 99 23 
76 75 32 
66 39 77 
54 49 52 
80 62 33 
66 30 16 
29 27 56 
16 20 7 
73 80 18 
14 5 42 
10 18 33 
43 42 45 
67 88 40 
42 84 93 
12 14 39 
68 29 16 
6 91 89 
38 9 50 
53 85 16 
41 84 90 
92 7 73 
11 48 57 
74 72 46 
8 36 94 
10 90 11 
83 73 18 
5 98 50 
36 42 49 
58 34 65 
60 39 97 
31 34 12 
34 41 83 
17 42 7 
87 94 75 
24 18 60 
3 1 52 
87 24 50 
28 34 70 
99 24 96 
80 65 70 
19 42 38 
60 94 39 
70 66 88 
13 3 8 
69 44 50 
29 26 28 
76 13 34 
70 90 47 
76 40 71 
10 3 31 
12 14 36 
74 77 55 
57 23 67 
81 48 35 
66 33 69 
57 92 91 
14 49 2 
26 17 31 
41 38 68 
2 46 6 
61 35 66 
20 99 22 
21 61 19 
97 10 81 
66 86 98 
80 4 10 
31 57 96 
80 13 3 
67 41 60 
10 57 13 
90 4 80 
42 65 62 
75 43 6 
64 100 65 
68 19 92 
81 43 16 
15 66 2 
95 90 54 
96 19 61 
66 46 18 
28 79 22 
85 75 63 
52 18 46 
88 53 78 
43 26 77 
81 100 70 
95 65 67 
85 16 90 
44 58 60 
68 15 61 
85 100 87 
71 1 68 
92 59 97 
50 75 68 
69 45 97 
3 45 81 
2 66 98 
57 93 11 
33 37 80 
4 62 34 
3 58 32 
19 50 46 
48 3 21 
19 26 94 
26 54 19 
77 80 97 
91 97 32 
27 81 28 
28 56 12 
96 83 49 
66 13 47 
8 66 56 
85 71 49 
3 47 63 
13 97 90 
58 37 91 
2 99 27 
63 16 69 
81 24 71 
12 37 22 
90 31 94 
39 7 5 
83 86 48 
14 3 66 
16 39 78 
14 40 27 
67 6 32 
54 16 4 
36 8 25 
33 64 3 
29 23 60 
7 44 36 
81 66 72 
5 99 8 
9 44 11 
11 47 83 
90 2 76 
31 75 16 
80 42 98 
25 36 97 
79 59 24 
40 45 9 
69 17 61 
88 90 30 
64 92 43 
31 36 56 
23 39 56 
70 49 53 
42 73 83 
16 27 18 
86 75 26 
40 74 30 
93 97 73 
87 16 38 
40 98 45 
94 96 99 
7 67 60 
41 82 29 
48 11 23 
94 3 33 
82 25 99 
33 16 29 
91 59 82 
46 37 18 
7 6 4 
84 58 20 
35 72 34 
93 48 28 
17 9 62 
100 43 37 
40 93 95 
25 90 33 
71 83 81 
76 45 84 
59 54 65 
90 42 8 
65 33 52 
80 71 5 
89 2 75 
77 64 19 
23 96 97 
23 87 28 
37 54 11 
30 6 87 
6 63 15 
22 31 7 
65 85 78 
38 25 17 
93 34 13 
100 75 67 
17 88 86 
25 42 26 
75 51 29 
19 72 100 
24 45 63 
94 35 23 
79 67 100 
2 68 85 
25 16 87 
24 15 1 
50 39 71 
53 74 28 
85 43 73 
28 34 45 
88 42 47 
84 56 4 
8 97 87 
11 37 27 
48 80 97 
57 79 91 
74 23 35 
33 11 77 
46 98 53 
46 47 90 
17 88 66 
25 54 17 
58 44 73 
30 59 82 
7 37 36 
55 8 94 
55 13 27 
98 40 65 
55 4 26 
28 53 62 
79 100 75 
94 28 16 
70 75 69 
24 94 58 
78 95 42 
1 81 64 
47 67 43 
15 79 24 
64 6 47 
75 55 30 
63 29 76 
7 74 90 
28 8 24 
90 4 94 
67 63 50 
7 19 3 
90 93 58 
24 53 63 
33 56 51 
80 86 67 
28 16 79 
33 69 71 
14 42 3 
68 85 78 
39 5 74 
99 66 71 
19 89 100 
35 42 66 
10 72 36 
53 99 83 
75 99 44 
34 41 66 
87 30 39 
59 34 55 
69 39 72 
68 16 20 
8 49 86 
10 21 47 
2 56 84 
10 9 79 
98 32 12 
1 65 55 
64 9 97 
12 72 87 
84 69 21 
63 51 49 
84 15 41 
60 100 32 
48 12 39 
70 38 30 
38 62 17 
62 27 70 
35 23 26 
29 17 60 
67 89 50 
94 44 11 
2 76 44 
55 46 80 
32 25 63 
44 82 10 
23 2 93 
51 12 31 
76 66 22 
40 19 53 
92 75 41 
27 23 81 
98 96 72 
39 15 8 
87 10 90 
72 58 38 
5 15 55 
1 81 11 
9 79 25 
93 59 80 
70 82 23 
64 39 2 
4 3 90 
72 19 10 
98 87 44 
68 87 63 
4 88 20 
20 45 42 
15 10 35 
31 30 96 
54 34 46 
66 86 30 
51 78 15 
39 55 15 
83 46 17 
18 38 48 
20 26 66 
77 97 94 
3 72 46 
50 8 1 
50 83 12 
21 93 88 
24 17 61 
18 7 3 
62 58 27 
13 3 31 
89 82 66 
68 4 8 
41 55 61 
81 83 8 
88 37 84 
69 88 21 
22 37 28 
75 7 48 
4 20 2 
42 96 33 
10 24 67 
18 3 8 
72 75 93 
35 61 6 
21 3 75 
4 5 24 
79 70 85 
4 10 47 
33 22 11 
91 48 80 
100 90 68 
76 17 71 
17 92 6 
74 95 70 
29 62 67 
66 77 37 
63 44 16 
8 19 95 
16 84 80 
50 82 38 
78 14 96 
33 50 79 
82 40 67 
51 52 54 
63 89 37 
59 67 45 
96 35 64 
56 35 4 
42 82 74 
13 42 22 
93 27 49 
25 42 13 
86 74 93 
2 65 67 
93 24 29 
70 91 42 
50 21 28 
56 69 67 
33 8 59 
58 15 94 
34 32 89 
80 63 22 
32 18 53 
2 48 3 
13 56 90 
40 90 66 
85 3 7 
61 100 29 
100 93 17 
28 13 31 
88 28 94 
56 67 39 
49 47 23 
58 52 13 
60 8 89 
83 78 62 
68 4 27 
35 86 59 
71 5 16 
42 7 50 
17 37 94 
61 19 57 
51 19 33 
100 96 40 
59 58 4 
97 10 75 
60 91 3 
88 16 83 
41 11 96 
17 3 81 
3 72 67 
78 32 8 
17 46 86 
20 94 91 
1 69 33 
66 28 81 
54 22 8 
88 56 3 
17 99 20 
97 44 1 
25 62 29 
14 62 36 
24 45 62 
22 27 76 
74 5 63 
34 2 63 
68 62 46 
33 4 64 
82 60 95 
96 91 48 
38 78 93 
90 15 53 
91 95 99 
75 34 43 
22 11 99 
70 46 49 
22 23 50 
74 56 77 
32 30 26 
60 49 10 
59 75 50 
43 24 7 
73 34 11 
68 7 57 
44 69 80 
14 28 55 
56 60 82 
22 75 64 
85 70 54 
45 27 20 
81 84 52 
78 43 7 
96 12 15 
51 17 35 
14 84 27 
93 97 18 
71 88 53 
80 56 65 
95 67 30 
66 77 71 
25 9 54 
67 66 90 
68 57 90 
84 10 49 
15 27 45 
93 20 97 
95 66 64 
31 2 40 
7 68 76 
80 98 29 
1 44 56 
8 66 95 
94 32 33 
66 3 93 
26 87 17 
73 43 14 
51 94 86 
37 55 89 
61 89 43 
80 32 86 
59 2 80 
11 82 79 
65 60 91 
22 57 89 
88 83 28 
59 42 5 
97 38 78 
47 10 5 
3 71 48 
87 97 70 
92 20 74 
3 81 93 
24 19 9 
25 53 17 
31 23 87 
98 16 29 
41 59 72 
54 63 61 
91 5 52 
54 76 38 
84 70 69 
9 54 41 
85 68 41 
59 47 35 
26 46 17 
59 34 44 
44 9 95 
77 6 99 
23 73 86 
62 85 34 
28 34 38 
23 88 6 
67 31 90 
64 32 81 
10 77 34 
18 80 90 
53 73 64 
61 94 4 
47 24 77 
22 97 62 
11 92 67 
6 99 30 
15 69 63 
28 73 88 
50 55 58 
14 40 9 
82 16 63 
82 94 74 
34 79 69 
54 29 50 
40 35 36 
97 98 95 
18 60 33 
83 39 16 
5 70 19 
98 92 13 
6 53 18 
58 67 26 
91 78 35 
9 28 50 
68 90 5 
48 71 78 
88 92 90 
23 36 90 
50 95 34 
87 17 46 
43 15 26 
10 88 21 
78 71 15 
79 86 21 
77 99 32 
49 88 95 
55 77 69 
21 70 17 
9 26 83 
32 25 13 
7 20 1 
57 50 39 
95 21 30 
57 83 23 
10 22 54 
55 21 4 
1 10 33 
60 64 33 
65 100 17 
16 52 70 
26 75 83 
88 72 21 
52 97 64 
19 23 76 
38 32 58 
64 89 20 
22 99 48 
79 100 44 
11 29 48 
62 63 47 
89 76 15 
61 81 56 
100 71 23 
92 43 50 
12 1 31 
88 41 20 
34 15 68 
48 100 99 
94 40 3 
13 65 55 
61 47 45 
26 69 6 
50 51 37 
77 20 99 
5 91 22 
40 5 61 
14 60 19 
57 11 39 
2 49 75 
73 50 10 
30 14 1 
99 39 19 
43 96 1 
80 67 85 
19 77 86 
64 43 53 
23 40 67 
6 27 3 
79 24 48 
2 64 20 
51 74 85 
4 29 55 
17 42 27 
89 57 92 
93 79 29 
67 93 38 
1 32 11 
10 64 17 
70 38 29 
35 99 76 
45 55 48 
74 93 64 
35 16 42 
69 27 57 
95 85 86 
9 54 90 
68 29 91 
33 16 5 
81 88 96 
58 11 83 
13 20 5 
26 44 5 
24 64 37 
81 71 35 
32 27 81 
78 45 80 
7 6 19 
24 32 70 
26 17 60 
1 28 29 
3 44 86 
37 90 71 
41 26 28 
10 75 68 
78 96 35 
40 26 75 
96 25 58 
65 30 92 
12 69 38 
16 81 32 
4 28 45 
24 13 93 
92 19 40 
14 62 23 
36 76 55 
85 7 73 
38 89 85 
10 44 22 
33 35 38 
1 67 85 
37 82 87 
41 75 76 
97 62 75 
84 4 87 
75 22 96 
69 95 81 
15 32 12 
25 31 29 
30 96 70 
68 79 12 
84 35 98 
45 82 90 
96 57 90 
56 8 49 
43 65 85 
8 77 32 
88 35 43 
22 49 21 
73 57 79 
84 54 85 
22 17 66 
12 20 41 
88 75 55 
22 97 1 
100 45 37 
28 58 36 
49 27 76 
37 44 73 
55 87 50 
94 39 25 
10 53 61 
56 32 73 
43 47 13 
39 24 15 
98 28 6 
6 38 85 
5 54 45 
10 21 50 
67 1 25 
55 75 60 
20 40 65 
7 20 9 
60 99 77 
20 77 68 
85 24 65 
14 21 13 
38 85 81 
89 45 74 
96 11 51 
78 56 70 
95 17 20 
88 100 86 
83 71 18 
65 81 60 
6 74 78 
69 66 92 
74 85 96 
80 70 47 
37 30 55 
24 26 15 
15 94 99 
81 40 48 
13 45 100 
16 11 88 
13 84 2 
67 23 72 
9 59 6 
41 3 67 
82 65 1 
29 82 93 
46 39 77 
10 90 1 
54 51 47 
4 49 30 
25 41 52 
12 20 67 
46 92 95 
27 59 19 
89 92 78 
93 44 82 
45 97 72 
99 13 47 
68 73 3 
24 8 65 
65 38 17 
72 33 82 
61 75 62 
36 6 50 
45 34 85 
34 99 11 
2 40 9 
6 84 27 
2 23 67 
67 31 30 
100 50 14 
46 32 95 
19 37 92 
58 100 82 
71 82 21 
28 34 7 
85 68 16 
17 80 96 
36 23 62 
31 54 3 
87 52 79 
72 51 9 
93 97 35 
57 97 92 
29 86 54 
48 41 24 
17 97 22 
4 32 1 
89 58 47 
71 30 65 
36 65 58 
98 26 8 
20 50 88 
67 75 58 
45 49 57 
74 96 62 
20 11 100 
30 100 1 
23 25 41 
36 45 100 
53 42 17 
89 2 51 
3 52 84 
67 13 75 
25 6 54 
91 49 77 
60 59 90 
61 18 83 
88 13 75 
39 26 60 
37 73 91 
43 52 58 
12 87 62 
48 5 34 
14 8 32 
35 62 9 
19 14 89 
98 25 89 
10 85 57 
30 22 100 
17 28 78 
15 20 17 
66 14 77 
34 89 37 
3 59 72 
32 47 27 
2 56 52 
67 90 44 
77 57 3 
3 52 10 
35 39 67 
78 69 6 
60 97 47 
9 90 14 
48 97 71 
53 12 44 
71 8 6 
56 10 99 
58 18 90 
43 12 51 
94 28 46 
6 65 9 
35 69 23 
94 38 42 
95 19 39 
57 1 76 
6 72 86 
48 77 75 
36 51 63 
34 66 54 
76 71 10 
54 78 1 
67 21 24 
1 40 67 
22 59 24 
38 35 30 
49 95 45 
2 97 15 
83 87 44 
23 48 93 
10 6 35 
87 79 31 
48 6 28 
14 65 82 
48 66 71 
44 54 77 
78 59 99 
70 7 42 
48 38 28 
18 45 55 
77 9 95 
58 44 53 
82 52 54 
7 26 10 
66 52 69 
77 84 7 
58 11 44 
30 100 14 
84 76 95 
68 17 62 
69 77 65 
45 31 18 
48 8 35 
53 47 50 
98 47 96 
30 1 62 
12 41 91 
24 40 6 
93 27 42 
64 50 35 
49 59 69 
45 27 29 
80 62 49 
19 40 3 
58 24 40 
23 53 68 
56 71 16 
51 31 22 
25 82 26 
31 49 18 
2 90 99 
29 60 67 
93 69 49 
54 46 66 
37 42 13 
76 43 41 
55 13 6 
68 93 1 
91 96 85 
25 7 46 
59 86 24 
92 42 26 
33 59 12 
100 77 8 
13 45 52 
91 37 38 
68 72 57 
31 21 72 
61 18 53 
86 96 94 
89 81 57 
17 31 66 
96 83 12 
21 95 47 
52 37 85 
71 2 96 
42 19 72 
29 33 41 
29 71 94 
37 53 14 
12 77 37 
52 55 8 
46 66 96 
72 91 3 
66 7 43 
18 79 93 
79 46 11 
31 16 33 
79 53 77 
49 51 62 
28 24 75 
5 23 67 
93 80 63 
23 7 70 
34 40 94 
56 36 87 
83 84 69 
24 26 25 
90 22 56 
36 31 64 
2 57 24 
75 8 95 
67 97 65 
50 80 10 
41 94 84 
66 19 34 
27 50 44 
83 63 65 
55 83 5 
17 47 33 
75 97 94 
59 78 1 
86 47 31 
10 44 70 
7 19 2 
30 9 13 
41 12 36 
14 23 85 
75 44 50 
89 96 91 
64 39 88 
76 95 55 
72 10 6 
23 63 41 
26 77 21 
25 18 60 
61 38 53 
57 97 23 
61 98 47 
17 35 94 
45 13 80 
54 48 87 
9 38 11 
100 91 16 
47 4 24 
92 47 15 
84 67 39 
79 99 44 
37 50 43 
55 67 10 
65 98 85 
61 79 20 
62 83 65 
98 73 64 
37 61 27 
87 42 25 
48 27 7 
97 36 13 
3 85 77 
95 38 89 
61 16 73 
64 55 52 
77 53 27 
28 47 61 
63 89 88 
62 20 91 
65 41 36 
10 32 35 
90 50 12 
29 88 68 
36 57 21 
25 78 58 
72 99 80 
95 14 25 
87 88 95 
46 62 80 
81 71 52 
85 73 25 
28 26 9 
12 85 84 
66 69 11 
74 11 23 
12 20 15 
53 84 77 
15 56 17 
43 44 97 
34 58 61 
38 31 13 
21 48 86 
9 56 55 
4 49 26 
90 53 49 
68 34 54 
5 99 75 
12 52 61 
27 71 58 
8 69 68 
6 46 53 
5 36 97 
99 60 22 
9 37 4 
48 15 44 
84 54 52 
16 82 20 
47 76 24 
88 49 2 
55 80 36 
32 99 51 
36 61 6 
16 65 35 
7 26 20 
95 64 68 
51 35 11 
92 80 68 
84 48 70 
56 65 36 
24 17 20 
39 25 17 
42 68 4 
83 22 84 
18 52 87 
8 91 34 
31 15 69 
75 76 79 
3 38 16 
59 7 52 
59 17 49 
71 66 43 
2 53 31 
56 23 100 
10 52 65 
98 64 69 
87 24 81 
45 96 48 
2 51 57 
6 86 3 
36 51 64 
25 37 1 
9 85 80 
87 100 34 
96 17 1 
29 73 84 
23 72 88 
47 97 98 
92 55 3 
36 22 23 
1 27 85 
64 56 90 
12 43 4 
83 95 5 
51 24 71 
97 96 37 
60 70 61 
3 19 85 
9 35 94 
97 45 96 
87 28 97 
42 25 82 
59 53 11 
53 86 24 
53 73 47 
100 49 73 
10 62 35 
49 72 19 
33 74 73 
75 43 18 
56 52 57 
46 7 98 
28 13 54 
53 56 1 
75 33 74 
18 99 78 
14 95 53 
41 11 15 
86 44 2 
85 16 31 
51 94 40 
92 82 29 
15 14 4 
35 94 100 
84 61 33 
97 33 52 
8 40 35 
62 79 50 
99 23 94 
87 22 50 
81 15 75 
53 34 46 
88 2 52 
38 82 12 
86 23 5 
11 63 24 
35 88 5 
4 50 43 
79 45 19 
54 95 82 
30 16 2 
3 42 55 
22 55 39 
13 14 29 
62 86 51 
48 21 41 
22 2 17 
82 62 4 
30 12 65 
13 64 80 
6 37 7 
80 21 39 
36 57 19 
31 36 51 
85 88 17 
34 88 64 
54 76 20 
87 25 93 
14 3 46 
59 88 23 
33 34 74 
92 5 54 
26 84 78 
24 42 87 
97 59 81 
70 15 72 
48 51 65 
15 64 12 
80 42 95 
4 80 50 
7 100 27 
29 100 7 
91 43 54 
47 17 19 
95 87 11 
77 58 2 
41 52 61 
9 62 16 
78 46 15 
51 95 100 
33 58 5 
60 76 38 
95 87 76 
17 14 44 
92 31 39 
99 63 55 
91 97 8 
78 17 75 
29 56 24 
49 45 31 
77 60 12 
7 75 39 
23 55 36 
59 56 20 
54 70 28 
31 76 93 
44 51 54 
93 47 33 
93 16 77 
33 14 10 
44 80 46 
55 2 9 
71 67 53 
12 58 1 
92 28 41 
3 44 93 
10 18 29 
32 99 59 
70 27 97 
61 9 49 
30 86 99 
93 20 28 
96 60 5 
21 14 66 
90 36 22 
51 35 56 
96 83 77 
17 62 30 
30 16 9 
42 14 44 
89 39 40 
52 20 56 
56 100 98 
10 19 2 
56 40 57 
26 60 28 
81 73 67 
76 7 15 
42 62 15 
80 16 8 
18 9 82 
33 53 13 
94 39 72 
90 27 83 
12 78 16 
84 15 66 
46 94 100 
12 77 67 
62 24 53 
1 99 5 
43 89 67 
22 80 51 
29 19 1 
86 24 10 
36 14 18 
20 40 51 
87 84 94 
16 65 55 
34 15 75 
23 81 59 
90 36 12 
83 38 9 
76 33 84 
64 10 58 
92 51 9 
89 45 22 
82 85 50 
79 53 52 
93 12 50 
9 8 99 
91 14 97 
87 53 90 
97 47 96 
45 71 24 
52 39 7 
36 69 11 
16 64 23 
6 32 80 
100 39 25 
15 49 70 
7 8 24 
42 9 45 
74 96 76 
29 72 84 
1 99 36 
99 88 1 
29 31 9 
61 57 27 
82 67 59 
84 69 9 
43 34 2 
62 14 45 
80 71 47 
48 4 85 
18 53 33 
85 7 41 
43 61 10 
33 27 49 
61 92 59 
61 59 14 
78 72 24 
59 79 68 
59 70 35 
92 70 75 
47 85 1 
27 24 65 
75 74 73 
74 33 31 
88 35 50 
57 65 12 
48 41 9 
31 39 19 
35 68 10 
20 3 73 
39 75 3 
71 29 12 
31 80 87 
26 88 4 
39 38 42 
100 49 33 
41 86 53 
5 100 67 
69 51 4 
2 42 33 
40 74 98 
30 11 18 
99 39 65 
40 77 81 
86 52 72 
84 10 62 
73 44 11 
61 47 48 
9 56 77 
41 3 12 
79 37 82 
92 25 73 
1 78 97 
58 20 67 
1 38 94 
85 13 37 
98 88 37 
80 19 85 
47 71 36 
27 59 69 
55 42 26 
75 79 74 
19 13 40 
49 40 20 
71 88 33 
40 34 44 
23 60 68 
59 94 10 
58 66 76 
36 39 28 
97 83 56 
37 81 66 
47 6 98 
29 92 14 
90 62 74 
98 64 29 
63 57 51 
66 11 47 
18 69 36 
53 35 95 
38 2 64 
89 64 81 
41 26 37 
46 51 44 
18 17 92 
41 80 45 
4 86 17 
79 36 83 
93 85 39 
32 55 27 
90 36 24 
3 12 16 
7 20 3 
35 19 39 
78 75 69 
23 3 46 
1 32 94 
88 23 75 
29 18 7 
92 77 8 
38 73 62 
54 46 19 
25 79 97 
20 15 26 
44 51 89 
73 96 60 
42 50 47 
16 83 82 
100 93 53 
96 84 30 
20 16 84 
36 9 57 
40 22 75 
27 90 71 
5 32 13 
10 39 87 
32 79 6 
24 5 42 
58 45 15 
11 10 73 
50 85 33 
80 40 72 
2 18 41 
52 12 39 
82 98 22 
64 49 86 
41 11 37 
98 18 43 
61 29 97 
84 14 60 
95 64 63 
34 81 93 
100 72 14 
30 23 81 
16 19 33 
31 47 18 
32 16 50 
17 56 96 
67 66 63 
89 68 94 
4 35 1 
26 23 96 
52 19 74 
47 12 21 
10 12 24 
98 75 30 
36 75 5 
24 12 66 
85 26 6 
58 44 31 
90 78 25 
94 76 57 
60 45 22 
15 6 27 
90 94 37 
83 26 7 
29 8 49 
7 49 19 
22 20 1 
36 74 41 
41 72 9 
32 61 1 
50 83 7 
5 53 13 
32 84 34 
12 4 99 
18 34 32 
77 60 96 
70 38 90 
90 15 44 
63 83 9 
39 85 50 
60 4 81 
86 72 68 
14 28 85 
60 17 91 
42 51 68 
34 31 37 
83 77 49 
58 21 92 
87 71 67 
82 81 98 
58 53 15 
43 46 91 
30 53 84 
48 66 3 
33 72 45 
3 28 2 
76 7 13 
2 48 12 
100 76 62 
28 4 63 
26 90 5 
94 23 80 
91 62 97 
83 93 87 
52 47 50 
14 15 17 
1 70 18 
78 43 68 
3 47 39 
37 46 97 
41 35 19 
18 15 49 
23 68 36 
72 44 77 
35 33 4 
25 13 2 
65 75 38 
98 11 69 
14 11 97 
84 42 17 
4 3 58 
17 53 29 
41 34 74 
4 48 84 
78 6 22 
55 40 21 
48 26 4 
66 74 100 
58 38 54 
53 66 3 
29 18 99 
56 25 81 
33 59 27 
40 53 24 
90 84 29 
91 53 31 
9 47 32 
76 36 16 
95 67 19 
82 96 100 
82 62 56 
95 88 90 
17 65 19 
25 100 61 
18 63 99 
43 5 32 
98 14 5 
53 54 91 
66 31 9 
54 14 94 
76 46 68 
78 29 36 
38 45 57 
70 4 50 
62 66 99 
56 98 11 
64 52 28 
72 9 65 
24 73 30 
78 95 58 
11 42 91 
60 32 90 
56 37 81 
55 26 10 
81 80 35 
22 95 98 
96 45 64 
64 35 49 
27 54 13 
66 27 64 
84 15 71 
67 33 22 
64 87 86 
99 71 86 
6 72 76 
55 47 93 
19 78 8 
47 64 95 
55 43 26 
98 89 62 
37 11 55 
2 67 53 
10 91 22 
84 72 18 
32 21 72 
11 89 25 
61 91 100 
25 15 96 
44 33 69 
51 95 13 
19 10 64 
19 20 24 
49 80 48 
4 100 81 
36 69 100 
83 65 73 
39 90 58 
28 89 26 
34 64 98 
90 92 3 
56 78 14 
63 14 61 
63 70 99 
20 58 27 
78 29 35 
96 62 16 
21 25 74 
52 66 34 
12 11 22 
62 55 16 
66 45 4 
63 79 97 
35 17 75 
26 44 94 
71 63 43 
32 84 11 
85 16 10 
33 55 59 
16 11 15 
18 22 55 
69 58 60 
25 7 20 
33 37 30 
50 34 82 
23 21 18 
71 25 69 
40 78 52 
61 63 62 
83 27 2 
25 71 86 
29 69 84 
23 52 70 
82 62 81 
20 81 29 
7 64 10 
8 52 5 
81 39 31 
66 97 2 
59 67 95 
21 72 37 
65 4 70 
50 78 40 
30 8 42 
51 32 18 
53 38 50 
44 8 4 
7 14 15 
20 16 27 
84 50 6 
86 54 70 
94 8 32 
98 10 1 
72 46 77 
15 30 48 
25 30 2 
39 95 54 
64 22 97 
76 25 64 
2 93 21 
28 38 70 
11 44 35 
18 3 59 
64 46 20 
57 48 26 
40 9 72 
89 93 49 
58 70 22 
69 38 90 
72 89 15 
53 87 59 
9 72 49 
84 100 56 
48 95 17 
39 17 3 
91 74 70 
88 37 90 
28 34 1 
60 46 24 
59 70 98 
9 2 99 
87 37 53 
7 82 18 
64 73 52 
14 81 61 
28 71 87 
2 100 30 
87 23 91 
24 57 75 
36 53 75 
15 71 74 
35 70 98 
89 46 29 
13 96 29 
98 37 68 
49 51 29 
33 19 3 
97 84 83 
81 61 78 
51 24 33 
33 29 47 
49 8 85 
78 53 96 
98 19 69 
32 5 60 
29 61 12 
6 53 35 
81 79 23 
53 67 6 
52 21 45 
49 1 48 
16 91 86 
88 8 77 
29 67 76 
35 22 89 
23 38 7 
74 18 25 
12 82 93 
16 61 43 
59 29 99 
9 69 78 
17 79 64 
98 26 33 
62 8 58 
68 3 19 
48 39 72 
100 63 75 
18 67 41 
74 24 22 
85 76 86 
74 36 71 
83 86 28 
81 65 94 
8 89 62 
5 11 18 
91 39 41 
31 46 57 
2 96 38 
23 64 10 
94 2 35 
85 73 63 
77 30 51 
87 25 45 
22 78 77 
1 40 89 
6 59 77 
17 64 2 
10 91 57 
17 52 79 
72 91 89 
84 8 71 
80 19 82 
98 82 99 
43 67 38 
10 38 14 
40 54 30 
52 1 71 
27 79 66 
97 14 76 
83 7 47 
55 56 31 
67 69 37 
35 95 76 
24 97 15 
32 24 19 
59 50 3 
60 11 43 
42 95 76 
62 33 57 
74 97 44 
7 61 67 
90 75 4 
21 59 7 
39 82 13 
72 82 48 
25 96 45 
16 93 52 
86 42 100 
66 15 33 
22 52 15 
15 67 53 
3 65 14 
9 47 75 
21 78 87 
46 19 71 
4 8 10 
73 16 37 
21 45 44 
42 9 63 
99 14 73 
25 35 41 
8 10 16 
78 72 32 
10 42 58 
13 3 81 
23 49 75 
19 84 96 
11 59 35 
22 65 66 
35 64 27 
20 79 14 
15 37 5 
51 31 38 
53 78 42 
13 40 20 
83 85 66 
43 37 63 
31 61 37 
99 86 44 
30 74 41 
66 81 29 
28 27 12 
68 78 79 
67 10 75 
34 9 96 
25 54 27 
74 89 85 
92 12 33 
100 76 27 
71 64 12 
70 38 47 
28 10 52 
56 4 37 
84 44 68 
71 41 89 
41 1 79 
37 30 77 
79 32 100 
47 5 3 
77 58 18 
45 30 95 
6 48 47 
71 10 24 
51 39 34 
85 94 86 
66 62 97 
43 51 31 
96 51 43 
57 46 44 
65 51 7 
56 97 90 
61 49 52 
28 60 24 
34 4 54 
77 2 13 
26 56 69 
27 45 78 
50 27 7 
93 38 20 
22 6 40 
23 1 97 
11 60 35 
39 9 55 
23 48 70 
8 38 84 
15 38 45 
93 8 96 
2 25 86 
3 93 94 
6 40 97 
22 26 41 
69 91 25 
1 93 53 
52 40 19 
89 93 36 
79 53 39 
38 6 54 
77 43 62 
5 68 32 
97 28 38 
75 31 82 
33 99 26 
41 1 22 
26 91 28 
24 82 25 
56 4 95 
96 63 17 
82 10 7 
47 55 5 
68 12 87 
38 30 14 
50 28 7 
78 66 64 
5 18 47 
26 42 6 
90 19 73 
72 77 50 
58 11 78 
100 38 25 
3 21 22 
82 100 19 
51 6 85 
12 64 62 
73 47 9 
22 26 12 
53 4 85 
70 96 61 
23 42 83 
86 79 89 
34 54 27 
25 6 64 
78 39 30 
4 8 61 
3 49 90 
47 17 6 
96 87 37 
62 34 100 
64 100 55 
93 27 20 
26 40 28 
87 93 85 
48 52 79 
35 50 1 
41 42 53 
9 8 87 
32 35 78 
34 77 9 
15 51 54 
72 31 82 
31 69 82 
3 43 79 
24 89 20 
13 67 84 
73 17 53 
22 15 27 
93 25 38 
88 66 79 
100 57 72 
10 67 85 
64 47 43 
6 8 41 
55 34 67 
87 47 44 
68 66 45 
99 72 64 
27 63 30 
17 79 92 
72 49 38 
29 8 21 
52 29 66 
25 61 2 
2 68 34 
37 24 63 
68 13 3 
36 5 27 
2 94 16 
36 17 58 
100 27 72 
12 86 99 
51 52 64 
10 44 23 
6 48 13 
67 24 100 
70 51 23 
84 86 98 
72 2 57 
5 20 83 
30 17 88 
33 60 30 
52 5 32 
86 78 68 
47 95 17 
86 84 97 
89 29 75 
78 36 14 
39 19 58 
29 24 34 
66 11 64 
29 31 17 
98 34 44 
56 31 40 
32 62 82 
43 11 18 
23 11 99 
33 93 71 
9 96 74 
99 87 53 
9 63 41 
47 74 40 
71 91 1 
69 59 44 
66 64 4 
77 35 82 
55 62 77 
51 11 86 
38 47 93 
94 40 15 
13 32 51 
35 7 24 
59 28 49 
98 41 37 
99 46 28 
54 46 71 
68 88 58 
9 84 14 
18 81 23 
22 91 25 
50 48 82 
64 33 41 
74 10 18 
48 44 11 
53 74 40 
84 69 33 
58 92 15 
1 9 85 
90 47 24 
97 54 10 
84 29 99 
18 42 38 
80 82 29 
83 98 80 
52 93 26 
41 51 89 
33 47 88 
97 75 83 
21 72 41 
38 72 73 
41 66 74 
63 91 53 
29 81 11 
45 12 39 
12 51 7 
44 80 40 
86 19 18 
96 81 79 
54 12 46 
24 8 46 
4 46 58 
77 56 38 
18 16 59 
29 36 87 
6 43 1 
87 41 27 
89 1 52 
23 82 1 
98 5 99 
77 12 78 
32 61 30 
74 54 82 
85 29 36 
20 31 71 
85 59 100 
52 65 64 
14 37 31 
96 11 90 
85 41 37 
5 45 62 
48 93 71 
68 19 88 
41 63 15 
10 38 43 
36 17 33 
27 56 77 
95 23 87 
7 85 51 
68 2 72 
99 29 42 
32 33 19 
1 10 80 
32 18 23 
70 49 92 
28 25 11 
27 60 7 
1 79 40 
56 80 49 
95 30 37 
70 25 81 
60 45 100 
85 18 4 
37 22 44 
14 1 19 
29 20 4 
87 67 97 
62 74 72 
80 3 25 
96 14 80 
58 73 89 
27 12 42 
86 70 61 
26 4 56 
51 95 50 
62 56 76 
81 31 82 
38 62 20 
28 90 5 
40 66 78 
36 55 59 
75 35 54 
62 12 7 
69 84 77 
74 76 92 
38 30 42 
32 38 51 
25 76 88 
74 59 55 
99 5 97 
73 34 4 
10 97 24 
95 86 89 
88 52 55 
33 14 24 
98 5 92 
14 73 69 
54 74 4 
18 49 64 
2 40 87 
20 96 79 
66 72 8 
10 31 7 
90 80 53 
67 71 83 
10 85 89 
22 54 32 
98 69 22 
39 10 11 
8 9 62 
56 46 31 
29 98 62 
29 66 67 
55 56 72 
48 79 90 
17 66 2 
30 45 70 
10 80 57 
41 96 25 
58 16 45 
92 77 62 
50 21 86 
55 67 51 
37 53 13 
100 16 73 
61 98 17 
74 80 87 
26 82 16 
97 57 84 
12 76 87 
84 33 73 
84 21 92 
86 6 42 
45 8 98 
61 12 86 
82 81 84 
90 61 93 
61 79 96 
41 17 12 
9 20 50 
32 35 38 
22 4 53 
96 45 82 
1 38 57 
41 13 24 
33 71 83 
11 38 1 
40 91 95 
99 43 17 
52 24 42 
58 1 45 
24 31 98 
86 66 74 
90 72 50 
91 39 27 
85 22 65 
97 85 13 
16 36 100 
76 20 13 
50 80 59 
1 88 6 
82 60 36 
82 19 59 
2 98 55 
67 4 25 
33 83 88 
79 41 2 
50 5 78 
21 94 84 
66 79 11 
45 28 8 
56 40 42 
80 3 9 
60 9 56 
20 11 21 
83 8 72 
95 26 36 
76 85 79 
30 38 80 
88 47 89 
72 6 17 
68 54 20 
71 53 64 
22 81 61 
83 43 17 
45 91 71 
36 65 12 
25 9 52 
59 99 9 
39 27 42 
100 96 5 
22 52 69 
5 84 88 
54 15 1 
56 42 98 
43 16 37 
8 63 23 
45 53 82 
8 28 48 
52 78 50 
3 52 17 
50 6 96 
24 78 58 
90 46 83 
21 99 55 
20 79 34 
11 18 16 
72 97 64 
71 24 25 
37 92 67 
95 3 33 
27 62 25 
68 63 11 
91 14 55 
52 82 20 
87 39 8 
38 5 99 
9 96 70 
34 18 58 
23 99 15 
21 64 18 
20 8 65 
51 52 37 
38 60 12 
86 24 30 
90 56 76 
67 83 89 
16 58 77 
56 83 93 
20 21 47 
80 8 85 
11 1 79 
20 43 94 
28 34 41 
67 62 20 
27 60 72 
16 99 98 
94 12 80 
86 28 77 
37 84 96 
74 27 11 
31 95 81 
62 11 7 
68 55 27 
51 30 24 
20 100 2 
31 29 64 
19 91 96 
29 7 34 
59 20 97 
21 69 23 
45 86 63 
92 14 94 
85 100 6 
6 48 14 
40 29 50 
23 49 59 
34 92 85 
64 69 19 
20 67 50 
88 29 79 
54 44 86 
98 14 18 
50 37 83 
93 44 70 
92 58 93 
64 86 1 
45 21 10 
98 24 15 
29 95 74 
75 77 11 
14 99 60 
36 57 56 
40 80 53 
59 55 93 
22 23 68 
38 40 95 
38 31 68 
63 97 37 
72 44 96 
57 34 51 
55 19 86 
28 11 72 
90 94 15 
63 8 61 
69 20 45 
51 41 24 
24 54 41 
10 4 66 
74 43 69 
1 20 24 
88 21 75 
21 99 8 
50 78 11 
13 95 56 
61 52 92 
34 25 54 
17 91 8 
53 46 37 
90 79 30 
76 80 10 
35 97 7 
9 99 18 
69 54 3 
50 23 55 
61 16 100 
91 75 41 
19 52 79 
69 51 55 
86 100 98 
60 92 18 
100 70 58 
75 84 43 
34 77 90 
18 51 96 
30 42 92 
70 14 37 
36 34 13 
13 22 3 
14 49 31 
53 56 14 
57 87 70 
1 19 95 
56 57 31 
33 50 46 
73 62 96 
14 27 12 
15 69 18 
35 90 1 
38 6 35 
8 9 45 
36 81 97 
13 9 97 
54 61 99 
41 15 16 
26 99 10 
53 93 64 
100 93 5 
11 45 52 
8 100 31 
11 71 73 
95 66 24 
95 19 91 
17 72 42 
29 23 69 
52 8 86 
46 3 85 
12 7 1 
47 18 10 
18 3 100 
12 54 72 
21 90 6 
57 99 28 
30 90 7 
54 60 96 
19 21 85 
68 27 23 
89 45 40 
32 21 25 
60 71 100 
63 49 7 
71 90 19 
13 79 75 
59 33 94 
25 97 69 
3 31 8 
38 40 57 
25 50 42 
56 88 19 
64 11 87 
92 51 20 
41 96 97 
51 20 8 
22 48 69 
13 27 29 
11 7 32 
79 46 29 
63 78 41 
83 28 20 
83 88 86 
55 19 100 
76 22 25 
68 96 63 
15 47 63 
13 12 20 
97 41 32 
81 39 8 
26 52 92 
38 88 70 
94 73 2 
97 3 80 
20 94 9 
77 20 53 
84 41 22 
65 44 11 
16 32 43 
29 99 33 
10 19 1 
80 83 54 
88 3 40 
32 39 84 
83 58 92 
54 51 35 
61 1 88 
7 8 50 
35 84 26 
11 27 29 
93 75 46 
18 88 64 
94 27 22 
21 40 43 
90 8 50 
67 61 88 
65 66 80 
99 72 38 
43 13 51 
68 23 3 
17 40 67 
35 2 68 
70 54 72 
54 12 17 
30 47 75 
18 1 57 
95 87 5 
77 27 98 
69 90 86 
84 98 24 
52 56 24 
48 7 66 
47 24 8 
22 57 26 
14 55 46 
57 18 53 
95 3 67 
78 15 32 
32 50 6 
25 55 68 
58 52 49 
81 41 82 
58 32 78 
2 91 63 
94 6 29 
68 33 65 
70 82 73 
44 85 2 
1 39 76 
78 74 8 
41 13 25 
61 65 71 
38 36 63 
32 53 24 
15 8 81 
92 42 38 
12 49 4 
55 27 24 
31 87 22 
88 83 70 
64 93 23 
22 97 26 
89 82 12 
62 60 18 
29 32 94 
33 35 91 
12 93 66 
72 96 17 
12 50 65 
14 9 13 
68 25 53 
21 60 29 
88 13 93 
6 9 44 
95 14 63 
6 91 26 
98 57 89 
54 83 2 
25 48 89 
71 37 88 
66 77 61 
16 87 9 
74 65 10 
98 93 90 
9 41 59 
58 50 30 
15 96 95 
97 19 78 
10 83 59 
45 34 68 
6 59 18 
52 56 47 
47 62 77 
88 89 11 
31 68 40 
6 31 35 
59 11 48 
26 71 87 
98 4 31 
15 7 97 
100 50 47 
8 26 21 
2 42 48 
89 51 31 
61 5 75 
30 85 54 
90 41 3 
98 73 18 
27 74 36 
8 21 80 
94 49 72 
68 45 52 
56 46 13 
87 37 35 
48 46 76 
59 66 20 
25 58 38 
21 99 52 
41 45 33 
75 17 46 
32 74 41 
52 85 76 
56 24 78 
9 76 57 
28 52 11 
86 76 10 
14 24 68 
89 90 26 
80 98 27 
3 99 18 
22 88 69 
49 28 67 
29 46 24 
14 75 12 
23 79 16 
70 87 9 
20 44 26 
24 93 5 
15 30 27 
68 97 57 
39 95 56 
16 13 86 
54 36 45 
56 14 93 
58 4 55 
51 62 95 
68 35 54 
13 59 63 
100 38 90 
7 86 80 
8 69 18 
31 4 40 
39 58 72 
35 21 42 
70 26 53 
41 39 24 
89 88 93 
19 35 97 
33 59 20 
85 7 24 
46 41 44 
75 46 28 
61 35 46 
88 8 85 
15 20 3 
96 19 55 
75 50 39 
65 94 26 
7 55 37 
50 20 1 
71 3 15 
3 69 95 
26 2 54 
58 6 54 
32 75 40 
30 18 47 
10 51 90 
47 70 61 
5 1 64 
94 27 69 
15 95 56 
95 49 65 
29 98 61 
76 9 73 
68 92 21 
20 69 44 
45 74 17 
52 44 27 
62 81 16 
27 87 8 
92 39 76 
8 52 29 
76 28 66 
65 3 49 
78 96 58 
56 44 23 
48 36 85 
74 17 79 
19 42 79 
63 44 53 
54 66 43 
29 5 13 
35 64 31 
7 53 18 
37 42 98 
100 91 42 
74 21 26 
43 32 77 
4 100 2 
38 54 41 
20 27 28 
76 36 35 
16 31 18 
64 73 60 
59 6 50 
39 13 47 
81 94 49 
76 43 65 
45 14 50 
86 89 38 
2 49 18 
40 21 62 
62 75 55 
50 27 51 
62 92 85 
29 9 26 
41 37 33 
