10000
100000
90 81 54 
11 37 62 
51 95 50 
96 83 49 
73 91 24 
48 80 97 
55 37 7 
12 24 45 
9 79 50 
37 71 57 
6 66 16 
55 1 81 
43 16 60 
35 95 47 
84 57 34 
57 97 92 
79 83 18 
83 25 8 
67 36 41 
95 64 47 
58 80 65 
39 86 42 
13 14 4 
13 38 31 
24 95 82 
77 82 35 
54 13 27 
80 54 32 
24 61 73 
21 15 3 
62 49 67 
63 37 89 
94 17 72 
40 45 98 
76 87 58 
32 33 36 
43 47 13 
13 2 77 
77 65 33 
66 8 31 
61 75 54 
31 22 91 
54 27 78 
16 1 52 
33 62 47 
77 45 64 
11 59 35 
32 59 27 
42 49 75 
57 8 39 
48 1 35 
11 46 49 
79 89 86 
29 21 60 
41 14 76 
57 58 33 
8 19 64 
13 76 90 
50 62 9 
66 27 98 
32 48 82 
48 72 53 
78 4 42 
35 31 47 
43 61 10 
87 84 89 
32 46 98 
24 28 9 
27 45 78 
94 4 33 
14 38 30 
64 65 72 
3 34 67 
3 69 95 
63 59 94 
83 42 73 
67 53 80 
15 87 83 
77 34 91 
55 47 88 
54 85 91 
24 44 75 
61 68 63 
35 78 58 
11 43 33 
7 24 64 
62 14 26 
14 4 90 
98 5 50 
26 75 65 
64 30 1 
94 66 8 
29 22 41 
99 60 17 
20 92 74 
38 14 21 
32 75 76 
57 75 31 
5 97 11 
2 13 88 
21 66 62 
78 5 50 
2 76 90 
24 82 96 
98 57 22 
90 59 87 
40 86 67 
22 66 95 
44 30 54 
22 55 30 
48 10 41 
61 47 98 
22 51 86 
68 14 24 
85 37 75 
58 29 51 
95 28 67 
48 80 91 
14 99 73 
6 40 46 
11 13 26 
46 97 70 
13 25 2 
81 73 32 
55 73 70 
17 100 19 
20 16 84 
74 95 20 
88 64 39 
81 70 36 
44 18 33 
96 61 19 
74 43 6 
37 47 29 
2 55 8 
95 76 84 
84 41 94 
99 8 64 
25 87 55 
31 47 25 
59 49 17 
39 27 91 
41 72 87 
87 70 48 
38 30 80 
64 38 65 
26 22 41 
99 31 55 
92 45 68 
8 25 11 
66 40 14 
28 21 74 
44 33 42 
94 14 6 
84 40 16 
10 42 58 
18 78 27 
48 63 53 
44 34 18 
71 12 29 
65 40 27 
79 50 97 
100 94 35 
18 63 99 
10 6 35 
18 6 77 
16 52 10 
92 85 34 
62 18 100 
73 47 87 
96 87 6 
48 38 28 
60 24 85 
51 29 30 
70 7 23 
20 97 93 
60 70 32 
71 17 22 
86 79 46 
39 30 4 
83 16 23 
60 63 42 
87 25 6 
58 92 93 
75 48 39 
18 37 46 
22 20 80 
100 99 11 
48 3 21 
21 76 83 
42 38 19 
37 46 97 
4 36 29 
83 13 2 
90 41 53 
46 9 25 
59 53 11 
69 16 11 
46 6 94 
100 98 37 
38 59 12 
30 38 21 
76 99 45 
90 74 65 
12 28 56 
74 77 48 
54 20 58 
6 98 28 
23 69 95 
67 65 97 
66 14 29 
59 71 46 
21 60 38 
97 84 86 
68 90 14 
39 72 94 
5 62 45 
9 66 20 
87 100 85 
46 40 7 
31 25 29 
16 86 72 
67 30 31 
3 6 94 
64 17 67 
69 2 49 
26 86 75 
54 95 7 
19 82 6 
50 21 10 
41 15 92 
53 23 68 
15 23 27 
19 54 80 
66 86 30 
62 85 84 
63 67 66 
76 87 95 
71 92 83 
25 41 100 
19 82 24 
42 19 72 
54 71 15 
44 94 11 
82 60 81 
65 32 40 
81 92 93 
97 87 67 
81 82 98 
6 16 22 
44 50 3 
25 39 54 
52 54 51 
4 7 6 
30 26 15 
5 80 74 
62 63 93 
77 86 19 
18 32 25 
95 38 63 
59 1 89 
71 77 66 
15 13 17 
78 24 96 
63 89 20 
88 16 90 
48 64 18 
59 32 38 
29 7 36 
15 68 83 
4 43 58 
100 33 39 
1 29 19 
32 45 75 
51 32 99 
82 49 88 
11 66 87 
54 85 30 
56 76 27 
100 32 75 
81 100 14 
77 87 70 
7 23 6 
83 39 28 
55 52 8 
75 28 43 
100 96 51 
31 46 51 
82 88 97 
32 94 44 
9 2 97 
69 49 68 
100 23 71 
46 65 64 
94 78 31 
58 71 27 
27 29 72 
80 88 40 
90 84 21 
96 65 13 
3 89 71 
15 25 94 
40 44 90 
57 75 3 
70 82 85 
52 70 15 
94 40 64 
100 42 46 
33 91 7 
33 47 17 
98 19 77 
86 54 44 
67 44 29 
29 23 60 
59 13 94 
36 79 91 
68 34 20 
19 9 8 
48 67 60 
99 5 66 
66 61 89 
93 22 66 
18 28 23 
72 36 96 
54 70 94 
14 28 85 
30 70 58 
69 43 2 
25 44 15 
73 50 43 
78 92 33 
69 20 37 
62 39 78 
45 4 28 
42 44 78 
90 36 24 
72 51 99 
29 53 73 
60 32 88 
43 93 24 
67 90 31 
97 99 77 
7 3 8 
71 77 53 
78 53 96 
10 19 45 
4 25 27 
73 51 39 
14 9 97 
19 97 100 
44 99 79 
27 45 41 
1 7 63 
53 31 2 
62 8 9 
53 93 1 
53 13 33 
5 97 36 
70 8 10 
25 39 84 
4 42 68 
83 33 27 
56 85 84 
61 89 43 
83 21 95 
98 22 53 
46 33 76 
17 63 49 
10 57 87 
78 15 51 
88 47 89 
24 28 57 
21 100 22 
13 4 42 
75 77 11 
38 93 20 
83 69 55 
46 38 31 
79 84 58 
65 16 40 
85 67 80 
16 23 33 
90 78 25 
5 23 14 
90 81 27 
44 63 73 
56 64 71 
88 94 41 
53 33 11 
61 19 65 
68 37 91 
16 29 8 
85 22 81 
14 31 62 
34 94 49 
14 65 3 
42 25 50 
49 53 38 
77 99 6 
36 83 96 
83 73 3 
28 29 26 
98 44 34 
22 86 95 
59 87 82 
89 93 43 
87 86 64 
86 91 94 
26 19 91 
48 88 49 
17 55 2 
64 52 97 
80 11 99 
15 29 94 
3 90 60 
9 87 92 
38 1 84 
19 32 37 
29 63 76 
16 61 79 
84 5 88 
16 49 29 
55 81 35 
85 50 82 
61 2 78 
10 87 37 
64 28 19 
11 30 48 
10 93 95 
19 68 92 
40 45 9 
3 53 37 
60 61 99 
52 97 79 
14 7 15 
89 68 94 
54 19 24 
29 24 51 
27 35 63 
52 61 7 
60 67 81 
37 15 29 
99 21 52 
93 4 15 
92 64 50 
53 6 67 
4 88 53 
76 25 96 
49 61 52 
42 80 65 
75 49 37 
52 83 3 
53 54 27 
77 20 60 
56 83 97 
67 46 4 
56 66 45 
16 56 49 
11 22 88 
32 48 90 
30 24 73 
34 39 90 
95 64 66 
1 7 20 
24 87 83 
94 77 14 
76 50 84 
17 92 33 
21 29 8 
55 18 45 
46 24 53 
53 87 91 
16 10 42 
69 48 22 
69 74 43 
54 10 22 
50 17 30 
34 24 29 
92 78 89 
54 71 12 
75 34 15 
80 92 68 
1 13 20 
84 31 41 
74 82 65 
2 90 33 
88 21 38 
13 55 72 
15 87 46 
34 43 69 
51 49 29 
35 4 47 
90 68 74 
11 23 99 
87 43 56 
5 39 7 
76 14 26 
14 91 19 
1 71 52 
31 56 90 
87 11 7 
17 95 100 
7 42 54 
99 37 57 
26 48 58 
11 1 12 
24 58 74 
75 87 13 
1 62 51 
6 90 21 
11 80 6 
48 71 93 
8 86 4 
17 15 29 
30 18 100 
33 40 100 
27 22 18 
13 20 40 
28 2 38 
21 91 31 
85 100 19 
32 7 91 
26 28 40 
21 89 1 
86 55 15 
96 33 67 
70 30 96 
47 80 71 
65 19 69 
44 92 8 
18 29 64 
7 13 76 
49 33 53 
97 27 62 
71 69 2 
35 93 33 
17 53 96 
63 30 27 
2 12 6 
99 64 57 
66 43 24 
99 50 60 
55 75 30 
22 92 15 
96 82 39 
68 18 85 
97 80 70 
84 70 88 
2 27 83 
40 36 33 
9 72 41 
97 30 58 
24 20 46 
58 46 5 
66 11 47 
28 32 31 
77 64 19 
88 74 11 
20 28 83 
52 1 56 
22 91 71 
45 6 26 
14 69 53 
22 86 29 
31 24 98 
59 12 64 
78 99 11 
65 85 24 
92 4 53 
37 83 50 
16 29 87 
57 85 10 
18 72 87 
80 49 56 
72 61 97 
68 96 66 
62 47 67 
86 35 60 
38 56 6 
29 16 74 
47 19 87 
28 64 47 
36 49 22 
41 27 87 
86 28 83 
23 8 65 
52 71 95 
18 60 45 
57 94 61 
74 3 87 
78 43 38 
63 64 95 
71 35 39 
99 87 75 
39 42 80 
72 38 58 
78 62 87 
35 91 33 
15 6 25 
78 99 17 
94 38 24 
82 79 74 
63 42 11 
37 56 48 
28 18 35 
23 36 68 
59 55 81 
69 5 14 
65 68 31 
78 76 59 
27 60 7 
46 26 17 
72 90 15 
84 60 34 
71 89 1 
33 28 15 
40 26 56 
89 11 37 
98 99 5 
73 43 53 
53 58 44 
58 83 54 
27 28 57 
30 71 56 
41 50 8 
46 94 38 
43 47 34 
94 78 55 
73 52 38 
94 19 5 
47 85 56 
3 18 7 
47 95 21 
4 35 66 
59 49 98 
59 29 100 
49 62 56 
61 70 60 
10 35 44 
34 85 62 
71 44 91 
12 90 65 
73 60 66 
60 9 56 
78 81 20 
50 11 56 
86 21 48 
83 60 100 
14 75 59 
52 65 8 
86 80 7 
36 65 56 
22 72 75 
51 20 92 
74 4 46 
9 14 40 
81 3 83 
16 20 68 
53 70 26 
91 93 94 
89 55 93 
31 49 21 
88 25 76 
88 93 89 
70 47 80 
17 46 75 
82 60 95 
46 55 80 
12 60 23 
52 76 5 
41 28 45 
9 30 13 
76 77 98 
13 92 22 
45 54 43 
85 37 25 
39 8 86 
49 72 9 
89 34 32 
3 90 9 
96 16 64 
46 47 67 
6 80 15 
88 90 30 
13 75 62 
14 29 44 
80 76 2 
6 54 92 
9 92 23 
76 64 96 
27 93 48 
23 29 24 
8 18 45 
66 67 29 
61 94 32 
63 38 36 
2 97 27 
16 49 4 
41 50 16 
34 90 29 
46 4 47 
28 8 5 
28 1 9 
64 13 68 
69 16 26 
3 35 83 
22 45 89 
82 62 4 
44 95 77 
80 1 92 
58 71 45 
49 26 61 
82 95 50 
77 82 17 
34 66 54 
4 19 79 
11 51 86 
76 25 70 
76 10 86 
22 68 96 
49 70 61 
57 40 25 
87 27 62 
27 20 2 
65 31 45 
90 40 76 
30 16 9 
34 57 80 
64 98 69 
57 34 4 
97 91 85 
2 7 19 
12 31 95 
8 28 48 
11 33 39 
5 55 15 
92 53 8 
46 83 91 
9 92 51 
78 41 25 
30 90 18 
34 9 49 
15 17 69 
4 70 65 
53 15 9 
83 7 92 
14 41 3 
46 87 48 
42 52 24 
81 66 49 
21 53 91 
70 99 39 
54 41 32 
95 84 73 
80 14 52 
17 81 58 
69 45 27 
19 13 39 
77 61 66 
48 79 90 
7 3 58 
37 4 26 
40 51 97 
9 66 99 
17 21 70 
52 64 55 
5 20 83 
39 97 27 
42 13 22 
59 6 58 
16 61 43 
52 85 17 
21 90 23 
84 4 56 
44 47 12 
64 44 37 
58 39 19 
36 12 73 
63 16 21 
44 77 29 
67 16 85 
91 100 87 
87 94 8 
80 14 96 
79 68 41 
73 10 62 
32 41 2 
26 42 55 
47 15 71 
48 75 83 
44 13 42 
97 62 45 
43 95 26 
72 97 63 
45 13 73 
91 47 58 
68 22 43 
19 73 43 
100 45 33 
27 11 74 
59 40 2 
80 56 32 
45 67 71 
30 63 52 
35 1 90 
54 78 50 
38 33 47 
39 19 31 
95 60 46 
43 50 24 
40 82 91 
96 53 6 
67 85 35 
31 52 27 
35 92 14 
85 48 28 
1 26 7 
30 17 73 
22 41 84 
62 3 12 
23 8 97 
17 78 28 
97 90 37 
31 14 49 
12 75 5 
85 1 47 
92 56 53 
66 48 23 
54 64 57 
4 16 31 
92 17 6 
9 29 26 
31 85 84 
56 24 6 
18 96 47 
100 48 4 
34 3 9 
37 61 11 
93 72 13 
22 25 76 
12 89 58 
99 67 3 
88 98 91 
46 40 22 
96 29 61 
85 36 42 
76 12 18 
77 12 60 
34 94 62 
18 29 20 
80 50 10 
55 19 93 
47 71 58 
50 97 71 
88 70 39 
20 100 29 
26 51 29 
53 49 65 
13 32 51 
20 92 29 
78 97 19 
67 76 94 
79 25 9 
11 61 49 
52 88 36 
38 61 53 
32 29 79 
94 40 10 
34 8 11 
7 6 89 
85 33 28 
16 52 99 
82 58 47 
47 65 73 
87 31 22 
15 20 26 
32 46 84 
88 21 29 
82 38 81 
25 43 99 
72 37 64 
66 86 45 
94 4 9 
91 1 51 
74 30 40 
81 16 62 
69 80 90 
53 18 7 
30 80 33 
37 68 67 
40 72 78 
50 88 84 
40 63 61 
11 100 30 
13 2 91 
59 80 69 
48 66 83 
22 26 43 
80 39 27 
79 68 17 
97 21 99 
74 40 55 
97 18 66 
4 83 48 
77 37 66 
99 45 23 
66 34 19 
97 8 88 
6 86 31 
40 36 35 
68 30 37 
48 99 49 
68 92 75 
4 60 61 
71 15 16 
97 88 36 
86 29 84 
67 27 3 
7 22 31 
55 23 100 
64 75 60 
59 99 68 
29 50 40 
58 93 90 
53 16 26 
34 93 39 
55 93 99 
89 57 98 
28 91 25 
21 43 40 
46 47 80 
49 33 46 
100 70 58 
64 100 34 
3 39 21 
68 26 8 
7 99 98 
51 4 69 
20 96 10 
20 2 49 
76 46 68 
13 41 20 
30 80 23 
47 63 28 
72 23 67 
22 76 94 
93 92 75 
41 73 20 
92 88 42 
21 8 49 
57 25 78 
12 48 8 
59 5 42 
1 64 86 
28 13 2 
42 13 25 
14 22 26 
20 7 9 
55 51 69 
58 32 38 
95 64 55 
69 40 77 
83 92 95 
21 36 57 
89 75 59 
45 19 95 
24 71 51 
89 33 29 
13 91 4 
62 14 23 
10 20 34 
26 79 54 
85 12 93 
69 27 96 
37 6 84 
22 89 14 
76 70 82 
89 90 57 
49 53 48 
12 16 88 
71 63 43 
81 26 36 
59 90 29 
76 13 25 
75 34 4 
46 28 24 
42 17 72 
51 40 20 
71 6 8 
57 10 3 
43 97 93 
48 5 20 
96 57 20 
98 34 57 
48 12 39 
11 29 71 
1 88 61 
86 30 48 
1 86 73 
59 44 28 
69 36 85 
19 4 12 
6 5 42 
79 87 52 
68 50 89 
20 18 23 
30 88 46 
16 57 92 
66 55 75 
42 58 74 
23 49 75 
54 3 31 
49 69 93 
98 43 29 
69 44 92 
81 66 29 
98 60 86 
32 92 9 
11 6 91 
91 59 82 
53 14 72 
10 82 75 
13 51 16 
88 22 69 
69 82 22 
58 8 71 
49 62 51 
12 52 20 
96 92 23 
56 52 75 
67 24 21 
24 12 97 
27 8 4 
75 99 44 
95 21 30 
2 31 40 
71 86 18 
11 91 24 
18 96 13 
69 98 22 
14 97 5 
30 23 43 
5 15 37 
34 66 94 
7 12 1 
34 72 36 
4 80 90 
71 96 2 
35 87 49 
38 100 80 
22 1 14 
81 71 52 
59 52 41 
94 24 40 
84 4 87 
36 6 52 
40 70 54 
24 16 59 
85 34 45 
14 66 21 
19 89 24 
99 10 57 
15 62 92 
2 36 78 
73 97 16 
72 22 29 
63 33 74 
97 66 46 
16 19 79 
7 97 20 
88 15 78 
35 72 34 
65 20 40 
20 73 29 
99 86 71 
74 53 28 
15 18 83 
41 95 9 
24 63 57 
69 80 65 
81 79 96 
15 86 41 
25 70 81 
85 73 41 
75 43 32 
27 52 41 
64 89 23 
26 81 43 
64 35 27 
45 59 74 
62 94 81 
67 58 68 
50 7 83 
60 46 67 
30 7 32 
44 32 81 
58 8 62 
74 61 91 
90 15 50 
29 74 33 
93 98 26 
18 15 24 
27 17 84 
43 88 47 
47 13 7 
39 50 15 
64 8 45 
14 86 27 
65 16 35 
55 77 71 
63 69 94 
23 43 64 
61 36 75 
48 23 7 
9 88 99 
61 7 67 
16 59 34 
25 73 33 
41 96 79 
28 48 52 
16 83 82 
95 88 90 
60 43 70 
72 71 15 
47 7 62 
12 82 89 
55 67 35 
87 36 63 
53 78 62 
37 19 11 
17 44 13 
85 2 49 
49 68 39 
61 80 49 
34 90 31 
90 51 80 
26 44 49 
92 97 40 
91 54 53 
80 20 57 
1 86 75 
30 50 98 
17 53 55 
51 94 86 
62 17 5 
47 24 72 
18 8 17 
39 34 49 
27 100 12 
65 1 82 
66 19 50 
88 75 23 
26 17 60 
58 89 25 
79 96 61 
23 38 65 
74 52 8 
40 28 22 
61 57 27 
11 52 32 
49 55 56 
64 20 27 
92 89 8 
57 40 34 
35 10 52 
84 16 53 
80 47 100 
16 35 11 
54 42 18 
51 40 4 
81 78 96 
99 1 66 
43 47 67 
31 45 18 
72 18 68 
99 59 16 
16 74 34 
35 56 39 
19 5 98 
44 40 18 
100 79 44 
63 1 42 
87 93 83 
22 78 64 
55 16 50 
26 91 67 
37 9 19 
43 10 4 
20 68 77 
22 18 29 
25 73 68 
28 33 95 
5 89 11 
31 64 91 
31 3 10 
70 100 88 
31 86 34 
14 62 50 
66 48 7 
14 50 45 
3 56 82 
55 52 3 
72 57 26 
94 45 68 
31 86 97 
79 88 66 
62 17 3 
7 33 12 
33 79 46 
55 67 13 
82 39 13 
97 41 82 
17 53 42 
33 35 85 
35 49 73 
13 32 33 
7 77 34 
14 83 57 
16 42 6 
33 49 100 
68 22 23 
48 22 79 
37 43 63 
44 30 92 
68 15 34 
86 15 54 
16 62 96 
52 27 49 
2 46 59 
49 50 17 
83 92 64 
25 87 43 
16 92 36 
68 16 24 
69 98 19 
13 58 18 
39 52 7 
79 68 97 
70 24 86 
51 10 49 
76 3 36 
21 73 5 
83 8 72 
22 85 65 
64 39 74 
57 100 45 
5 92 48 
9 61 49 
84 69 10 
27 34 83 
90 42 86 
95 15 63 
20 46 64 
15 18 30 
91 47 80 
58 65 36 
78 97 58 
100 65 76 
91 58 86 
49 59 95 
61 62 93 
18 98 29 
37 42 64 
83 69 34 
36 64 46 
1 42 44 
43 63 61 
15 10 35 
6 82 15 
12 81 76 
66 24 45 
7 92 73 
70 19 32 
85 14 35 
26 84 11 
20 35 78 
74 87 80 
60 47 30 
46 79 85 
10 52 3 
88 16 20 
92 97 59 
25 32 63 
11 82 27 
11 39 57 
62 19 4 
25 56 42 
85 76 52 
1 28 34 
74 10 53 
75 18 43 
40 47 8 
94 10 14 
67 80 57 
48 8 18 
15 78 18 
80 60 51 
12 33 2 
90 20 53 
10 6 86 
10 44 23 
27 29 57 
7 30 33 
94 74 22 
48 47 64 
76 28 77 
74 86 3 
98 77 22 
38 30 56 
12 59 21 
22 51 80 
55 21 40 
77 42 62 
80 13 45 
49 95 43 
63 38 17 
6 75 19 
89 40 83 
55 66 26 
66 85 57 
69 40 33 
24 33 51 
60 94 34 
37 16 87 
85 80 65 
25 43 51 
77 44 54 
92 61 52 
69 98 11 
16 81 43 
49 96 5 
12 93 53 
88 37 78 
58 73 89 
87 56 46 
52 51 37 
24 89 62 
9 7 17 
17 75 78 
66 100 36 
10 67 55 
23 22 73 
12 93 43 
78 29 35 
3 99 17 
82 41 63 
56 54 30 
4 32 1 
32 38 51 
20 87 32 
50 30 36 
19 75 85 
78 74 8 
37 96 8 
61 32 7 
33 74 69 
84 64 66 
4 28 61 
98 86 66 
36 66 93 
40 21 9 
42 3 73 
23 97 21 
20 89 24 
56 26 3 
75 70 14 
45 11 71 
30 35 6 
55 26 43 
96 61 56 
19 24 48 
48 27 33 
59 81 97 
62 46 80 
31 68 49 
57 11 5 
38 21 18 
28 53 48 
24 45 31 
21 3 7 
96 94 99 
53 35 95 
2 60 31 
91 40 49 
79 8 56 
3 19 68 
6 71 88 
35 38 36 
61 21 29 
64 33 3 
17 49 52 
98 84 32 
46 24 60 
38 43 89 
67 35 36 
30 67 62 
63 61 67 
88 9 10 
95 67 30 
13 23 11 
86 32 54 
64 26 23 
52 47 50 
49 16 96 
27 12 2 
62 61 75 
4 78 30 
26 20 7 
11 14 88 
78 81 61 
45 6 57 
11 51 60 
37 63 97 
19 35 39 
45 38 57 
73 30 98 
91 100 42 
23 93 43 
69 65 77 
56 45 76 
76 7 15 
76 5 73 
38 32 60 
37 35 87 
96 11 52 
5 47 41 
22 84 21 
64 49 65 
33 38 65 
46 27 22 
8 31 53 
96 87 37 
90 77 48 
29 74 27 
90 68 93 
35 62 77 
11 34 85 
32 56 73 
37 43 100 
51 32 33 
3 17 81 
55 87 50 
87 59 53 
63 85 47 
24 19 74 
59 50 94 
45 59 80 
17 56 34 
74 47 22 
3 40 88 
30 88 57 
12 34 51 
99 52 53 
54 72 31 
30 34 39 
55 32 27 
64 76 85 
79 6 60 
80 50 11 
18 99 9 
87 9 4 
31 41 6 
96 92 51 
33 59 9 
5 46 68 
76 19 87 
84 38 34 
1 80 26 
89 19 36 
55 22 81 
37 11 41 
80 35 81 
99 66 37 
98 85 8 
28 56 59 
51 41 40 
3 44 58 
28 12 11 
80 79 22 
27 44 46 
17 30 58 
19 8 78 
89 40 1 
5 91 23 
88 73 98 
72 24 71 
85 10 89 
81 2 74 
93 77 72 
87 8 9 
49 71 46 
67 14 20 
85 49 71 
88 21 16 
59 5 56 
58 31 29 
77 97 17 
6 66 97 
59 65 31 
54 95 39 
95 40 93 
43 25 11 
78 71 14 
43 83 82 
47 61 48 
58 32 3 
80 36 95 
89 36 93 
75 49 21 
91 50 42 
28 79 41 
8 60 6 
77 86 37 
54 35 68 
75 45 39 
67 89 24 
6 5 91 
37 33 80 
77 69 84 
77 92 6 
12 49 13 
20 79 45 
53 25 19 
80 99 54 
19 40 46 
58 9 44 
14 41 7 
33 100 54 
72 11 2 
48 20 6 
79 42 58 
100 37 45 
15 91 68 
25 69 56 
76 43 65 
48 88 30 
95 90 54 
33 30 60 
31 42 48 
24 8 55 
96 82 11 
85 79 70 
21 86 91 
3 71 53 
57 22 65 
56 27 94 
71 80 17 
59 67 20 
34 84 13 
88 28 94 
48 32 99 
16 84 2 
98 3 84 
67 28 98 
96 1 12 
67 66 90 
55 53 51 
14 43 44 
77 67 57 
15 66 19 
31 36 51 
66 98 2 
78 79 68 
98 82 1 
62 10 22 
10 58 74 
60 74 33 
87 36 59 
55 27 68 
2 1 7 
97 83 38 
66 12 27 
20 31 71 
4 14 2 
82 7 96 
7 24 8 
7 86 4 
66 24 47 
84 50 32 
47 45 88 
49 68 55 
34 10 77 
83 15 65 
23 26 56 
56 91 73 
85 94 86 
78 61 72 
87 26 66 
3 67 2 
36 33 17 
29 15 39 
94 20 9 
85 14 30 
70 23 9 
82 84 80 
32 82 8 
74 92 5 
75 98 18 
61 63 14 
48 83 86 
57 13 10 
91 14 55 
94 3 93 
45 54 34 
54 61 99 
37 24 8 
83 33 22 
53 92 100 
52 93 16 
94 34 75 
24 51 8 
83 88 70 
28 72 35 
48 62 20 
10 81 43 
18 5 96 
31 46 68 
89 32 6 
27 73 5 
84 15 53 
22 2 6 
38 11 43 
52 82 73 
15 52 22 
26 19 9 
43 87 85 
4 94 44 
11 27 85 
90 75 4 
46 43 25 
72 33 62 
26 96 74 
38 39 89 
25 47 82 
97 4 90 
4 99 80 
56 35 62 
54 25 34 
97 49 14 
16 41 1 
88 45 31 
78 58 70 
45 90 60 
85 76 19 
52 35 44 
82 62 32 
20 11 65 
97 88 64 
99 49 91 
73 90 19 
14 15 22 
92 98 13 
40 47 24 
95 8 66 
93 62 21 
47 30 73 
89 39 71 
100 92 38 
27 24 60 
81 70 100 
99 29 12 
1 99 5 
36 31 56 
87 62 36 
4 60 37 
61 93 94 
80 76 43 
10 63 61 
65 40 30 
21 16 85 
86 4 64 
95 86 85 
23 85 14 
18 80 72 
34 3 15 
82 56 48 
68 98 17 
13 73 81 
97 67 5 
38 15 22 
28 38 16 
59 29 41 
32 23 92 
27 50 44 
31 80 85 
57 76 1 
71 50 68 
26 39 25 
51 36 7 
49 8 56 
2 82 79 
14 19 72 
78 39 16 
41 50 17 
45 88 97 
79 18 16 
3 91 6 
79 1 15 
2 41 18 
67 1 48 
17 96 23 
75 68 38 
35 45 41 
39 93 83 
66 65 80 
31 82 69 
71 65 80 
67 69 13 
25 82 24 
6 35 53 
91 25 50 
13 50 91 
2 65 96 
41 50 5 
46 30 43 
85 54 74 
31 18 47 
68 35 10 
42 59 82 
67 73 7 
79 71 59 
30 14 43 
69 55 77 
13 67 20 
64 59 98 
11 73 44 
4 29 66 
39 33 50 
27 5 36 
57 58 27 
90 24 47 
15 91 77 
37 13 53 
50 68 70 
17 27 42 
94 7 14 
20 32 25 
56 87 85 
88 98 35 
47 95 54 
28 49 52 
15 41 16 
84 37 89 
67 80 44 
82 50 93 
25 22 91 
52 46 34 
38 43 34 
44 71 42 
8 2 67 
81 29 11 
95 46 91 
16 41 25 
67 5 23 
50 97 64 
41 38 77 
83 23 87 
68 48 35 
72 69 39 
67 10 24 
51 39 56 
2 9 40 
3 55 92 
14 11 97 
2 52 17 
43 64 53 
9 94 89 
18 1 99 
98 11 56 
59 83 33 
67 42 86 
27 66 79 
40 24 76 
99 35 86 
84 27 93 
11 87 54 
78 32 31 
49 5 72 
81 46 69 
16 77 48 
40 4 31 
99 43 95 
26 12 38 
87 88 20 
45 14 8 
97 10 54 
99 22 63 
73 66 37 
62 47 63 
9 17 62 
78 23 41 
40 98 97 
20 12 13 
99 93 71 
7 90 1 
72 57 68 
26 39 85 
18 59 80 
81 14 61 
24 74 5 
16 15 29 
10 66 56 
99 47 8 
16 25 65 
10 97 74 
82 24 56 
74 26 35 
5 92 78 
1 82 76 
79 12 3 
66 45 4 
99 55 4 
17 58 99 
76 13 20 
8 87 39 
81 18 34 
62 25 13 
98 48 8 
34 13 21 
99 59 9 
66 18 46 
65 11 44 
63 100 82 
45 28 56 
75 79 76 
73 99 22 
98 25 51 
82 41 42 
30 51 77 
27 42 54 
48 37 16 
29 59 99 
30 23 7 
19 11 67 
13 74 63 
12 80 16 
81 95 31 
27 37 40 
82 16 63 
64 29 31 
59 39 12 
17 11 36 
89 51 44 
32 49 31 
95 16 33 
23 65 12 
67 69 56 
89 1 80 
42 39 27 
42 23 83 
20 25 7 
44 76 23 
26 100 62 
35 92 30 
12 17 54 
99 63 29 
20 25 93 
22 39 13 
3 21 75 
26 35 63 
73 61 82 
22 6 11 
64 89 24 
71 25 24 
71 74 44 
5 38 99 
46 68 66 
20 45 98 
62 53 83 
95 89 38 
99 85 10 
2 88 55 
43 71 46 
26 92 42 
1 42 64 
26 32 5 
18 94 63 
92 83 84 
27 99 97 
47 93 86 
79 66 30 
33 16 59 
51 93 47 
55 51 67 
27 58 25 
63 96 68 
22 13 3 
2 25 30 
79 42 65 
58 25 78 
2 36 50 
94 96 86 
93 1 19 
29 73 38 
52 48 13 
64 18 26 
24 81 52 
85 89 67 
77 91 10 
95 94 34 
68 86 22 
5 91 22 
95 25 59 
32 84 7 
64 2 39 
79 97 94 
87 8 59 
29 71 56 
52 5 87 
25 51 18 
56 29 75 
61 75 88 
32 47 9 
50 74 72 
15 44 90 
91 13 80 
22 78 57 
31 21 6 
75 41 91 
20 4 2 
78 97 1 
65 14 86 
62 36 37 
59 70 54 
95 18 10 
97 98 83 
84 62 10 
85 88 8 
60 37 53 
21 78 12 
6 5 86 
6 17 43 
76 33 13 
65 28 25 
26 82 67 
6 19 72 
56 9 68 
50 75 23 
39 87 6 
40 17 4 
19 85 14 
34 25 17 
96 6 5 
43 9 15 
51 49 42 
2 62 50 
66 47 32 
93 74 33 
74 97 94 
95 3 8 
97 57 89 
6 4 15 
37 40 46 
12 22 31 
8 30 42 
26 68 75 
15 6 91 
3 4 34 
66 35 42 
48 99 22 
45 21 10 
76 27 22 
78 63 84 
9 98 15 
15 43 99 
22 59 33 
8 44 4 
23 26 76 
50 55 60 
9 32 78 
9 6 59 
58 94 26 
7 11 62 
43 49 98 
45 68 66 
25 84 30 
24 79 42 
92 57 39 
78 17 96 
29 66 52 
37 94 50 
25 44 91 
78 34 50 
100 49 12 
91 51 6 
42 50 26 
35 6 80 
72 28 90 
37 24 45 
77 45 60 
21 74 26 
100 76 25 
14 64 52 
97 82 77 
60 70 3 
30 41 68 
5 8 92 
53 11 25 
94 93 23 
39 75 50 
33 26 6 
9 66 7 
5 81 43 
10 80 1 
62 75 5 
89 84 6 
13 47 99 
37 95 56 
16 35 42 
58 9 78 
7 78 6 
71 5 23 
72 68 69 
66 24 10 
62 85 56 
11 41 15 
92 67 11 
68 77 56 
8 32 3 
45 57 96 
26 81 97 
75 74 33 
79 12 68 
6 84 34 
21 36 46 
29 77 22 
63 78 58 
25 61 99 
34 44 59 
23 65 88 
57 2 25 
51 15 30 
30 33 37 
49 2 76 
97 29 65 
72 45 73 
27 6 15 
63 72 95 
58 67 75 
26 20 5 
94 57 76 
94 35 2 
23 19 73 
62 98 39 
54 43 42 
72 7 25 
9 14 13 
61 75 76 
37 91 34 
60 5 63 
93 98 8 
64 13 75 
28 100 13 
3 99 7 
29 79 93 
31 17 26 
71 30 65 
93 71 36 
59 39 52 
53 28 65 
94 33 3 
91 8 51 
73 91 54 
49 46 70 
99 95 72 
39 37 61 
89 79 26 
58 17 37 
15 86 12 
95 63 49 
10 1 90 
96 70 88 
64 73 71 
78 28 49 
84 87 5 
61 29 22 
89 76 46 
33 70 94 
65 100 43 
19 41 55 
48 51 80 
98 22 82 
97 35 61 
90 18 80 
85 13 37 
47 9 94 
52 57 93 
17 42 84 
1 70 62 
82 20 94 
34 28 6 
8 21 26 
77 53 79 
95 73 86 
70 39 34 
86 88 8 
38 44 88 
26 84 35 
80 83 98 
99 29 33 
49 64 18 
46 23 81 
21 65 2 
45 82 90 
15 31 69 
80 55 10 
90 32 39 
9 99 8 
81 18 15 
31 5 16 
19 77 88 
82 48 80 
73 2 92 
29 41 83 
62 52 66 
16 86 13 
36 8 43 
54 34 27 
30 47 97 
47 50 27 
24 6 92 
46 61 35 
78 35 39 
9 80 12 
74 98 48 
88 5 21 
20 91 70 
51 74 85 
39 9 86 
28 4 38 
46 21 60 
19 53 52 
61 77 90 
100 16 72 
57 14 3 
13 43 36 
80 51 75 
50 79 33 
10 91 71 
39 6 60 
26 78 21 
27 86 37 
98 77 6 
34 17 93 
63 78 29 
3 35 24 
93 53 64 
46 62 4 
48 65 60 
89 72 76 
77 49 95 
17 23 76 
80 37 78 
86 89 17 
88 30 8 
76 46 61 
3 67 19 
75 40 22 
96 4 57 
2 11 31 
10 19 72 
27 22 60 
27 80 35 
33 77 11 
70 38 30 
31 68 84 
4 53 42 
22 66 76 
83 2 29 
15 27 30 
47 55 72 
71 66 48 
46 56 31 
98 57 82 
77 33 95 
51 31 4 
88 61 67 
75 7 48 
43 45 10 
83 74 92 
48 62 43 
36 41 65 
38 7 5 
54 68 20 
14 25 45 
60 83 62 
64 46 16 
37 5 14 
19 86 92 
69 82 5 
47 3 5 
69 29 78 
88 21 72 
38 39 42 
62 47 70 
38 17 45 
81 28 36 
67 94 79 
21 29 25 
1 85 68 
80 42 95 
74 6 77 
98 41 37 
18 25 22 
27 12 28 
4 39 100 
75 8 32 
37 97 77 
78 3 99 
57 66 70 
63 4 90 
82 32 49 
49 51 86 
50 53 47 
59 49 69 
40 62 29 
26 50 97 
100 85 94 
32 72 78 
58 42 47 
94 32 29 
68 97 70 
91 90 25 
100 72 19 
9 82 4 
24 59 22 
42 13 93 
38 95 43 
76 53 70 
93 68 36 
58 44 11 
25 89 2 
27 46 80 
65 47 86 
25 6 44 
89 44 11 
34 50 82 
39 20 97 
13 57 59 
76 66 65 
32 42 90 
71 53 64 
76 82 22 
98 18 43 
19 34 37 
87 38 58 
60 16 62 
3 68 50 
56 100 35 
90 98 93 
13 52 58 
3 13 8 
85 70 33 
17 47 46 
87 66 52 
9 55 10 
61 5 68 
82 92 29 
5 52 34 
87 71 31 
68 23 82 
24 36 22 
39 86 97 
99 60 44 
21 36 5 
89 39 42 
54 100 39 
50 3 37 
8 74 73 
99 32 59 
62 23 89 
79 47 87 
2 4 47 
52 48 35 
64 83 41 
18 77 32 
29 93 41 
3 70 100 
59 33 55 
78 34 72 
36 90 66 
95 36 23 
41 93 47 
38 93 47 
30 100 22 
33 12 60 
44 90 67 
68 8 74 
9 60 28 
89 36 20 
70 30 45 
46 19 54 
9 97 67 
40 13 93 
84 36 71 
67 75 36 
33 10 29 
43 52 16 
58 100 82 
13 80 69 
39 67 84 
87 73 85 
48 59 77 
86 50 4 
31 45 91 
89 53 82 
79 47 64 
46 97 100 
89 22 71 
82 17 45 
3 25 64 
21 65 81 
97 6 52 
42 4 76 
97 10 81 
97 1 66 
63 1 32 
20 24 18 
5 24 93 
80 5 99 
49 3 68 
54 36 9 
28 97 36 
73 43 77 
72 4 10 
5 18 47 
47 84 81 
20 24 10 
66 2 39 
20 93 44 
65 43 10 
18 29 99 
30 50 58 
24 44 6 
10 42 11 
23 49 59 
2 87 40 
43 73 17 
4 67 1 
18 93 44 
50 89 61 
47 73 4 
80 68 81 
37 4 82 
2 37 68 
7 94 84 
18 71 83 
75 39 3 
73 20 63 
52 12 57 
1 73 32 
41 71 14 
96 64 45 
89 100 19 
84 56 100 
5 100 67 
34 40 44 
60 87 96 
53 62 24 
89 6 77 
79 54 56 
87 93 25 
69 78 9 
10 22 34 
33 31 74 
74 28 79 
14 2 17 
94 27 10 
78 84 7 
75 35 17 
99 64 6 
95 65 14 
52 21 83 
47 44 88 
23 89 97 
78 76 44 
6 38 85 
36 22 93 
82 54 8 
34 100 1 
5 44 78 
86 83 88 
52 28 94 
63 25 80 
64 45 78 
53 62 14 
66 69 37 
84 49 25 
95 5 35 
42 27 12 
75 32 4 
23 27 79 
71 16 91 
66 12 68 
42 74 70 
19 7 6 
27 16 18 
77 58 2 
2 77 89 
68 66 90 
91 94 51 
65 18 41 
49 47 23 
82 92 77 
53 81 60 
64 27 39 
34 93 81 
46 18 87 
96 99 44 
84 67 1 
47 62 82 
32 18 90 
51 35 4 
31 28 13 
15 49 85 
2 14 18 
70 35 92 
89 80 59 
25 47 30 
99 63 60 
37 87 76 
62 18 69 
47 24 50 
46 6 33 
14 9 90 
42 39 53 
85 89 79 
69 19 26 
1 60 30 
51 70 38 
20 47 91 
89 38 20 
90 47 31 
13 60 42 
58 76 23 
65 61 69 
10 83 47 
50 55 86 
97 90 13 
86 57 55 
44 50 39 
35 98 70 
26 48 78 
76 31 23 
24 53 40 
36 91 34 
27 29 15 
75 6 43 
43 56 10 
61 62 36 
17 38 65 
92 64 14 
50 22 23 
42 6 45 
79 17 92 
12 22 53 
44 79 3 
34 51 78 
28 82 3 
25 2 74 
27 86 17 
66 33 69 
98 39 7 
40 52 55 
17 86 33 
15 16 5 
90 47 16 
38 11 1 
39 87 74 
53 72 26 
40 67 59 
11 28 25 
18 81 45 
95 67 59 
100 70 15 
73 97 10 
57 24 75 
52 88 86 
37 8 53 
64 98 73 
100 96 53 
24 41 13 
99 82 65 
2 99 9 
30 29 32 
22 30 94 
88 64 93 
89 82 65 
57 20 2 
22 17 66 
13 39 27 
46 70 83 
55 41 45 
9 96 70 
87 31 11 
83 88 28 
37 77 44 
16 5 99 
65 15 90 
77 82 20 
55 88 49 
100 72 27 
58 83 33 
73 95 53 
39 66 77 
23 86 99 
3 43 35 
97 44 66 
35 96 78 
19 29 16 
54 64 8 
70 38 29 
74 9 96 
19 29 66 
15 10 100 
99 43 21 
74 77 19 
36 30 47 
53 83 99 
100 5 34 
16 28 62 
41 95 19 
7 82 69 
95 90 91 
76 40 87 
82 18 92 
97 53 34 
8 98 26 
70 40 16 
25 18 77 
8 15 76 
27 60 26 
32 6 43 
100 36 74 
3 74 68 
88 5 35 
65 38 86 
99 64 39 
17 90 16 
45 9 8 
10 89 25 
25 91 31 
72 13 19 
8 97 93 
89 57 79 
90 87 10 
80 59 2 
6 81 49 
38 58 54 
68 18 10 
30 45 32 
85 46 30 
6 26 65 
62 9 16 
41 79 2 
47 92 12 
74 37 97 
98 86 84 
66 64 78 
97 59 20 
77 52 5 
19 17 14 
92 85 62 
94 72 40 
21 29 28 
78 32 15 
6 71 60 
91 54 22 
86 42 100 
82 84 12 
66 31 17 
6 47 98 
16 8 80 
71 96 67 
32 91 65 
16 35 36 
86 61 23 
24 10 49 
4 58 59 
16 28 94 
39 53 24 
17 95 47 
63 86 96 
67 97 49 
70 97 59 
96 9 8 
73 54 74 
70 1 37 
79 32 84 
12 29 87 
68 19 18 
21 9 36 
6 22 40 
60 31 68 
50 28 21 
66 58 100 
36 53 92 
25 39 100 
97 3 57 
55 50 23 
75 24 36 
14 97 26 
36 29 87 
92 21 85 
45 98 91 
85 50 39 
29 70 85 
39 64 59 
37 69 67 
43 4 50 
64 23 1 
56 55 9 
47 60 97 
84 100 82 
39 65 53 
84 26 74 
29 61 72 
45 78 89 
30 49 39 
78 91 35 
81 36 68 
68 38 74 
19 85 96 
78 48 73 
57 42 70 
87 43 88 
22 19 44 
3 80 82 
70 89 47 
31 74 16 
35 97 19 
84 12 88 
33 64 50 
15 78 64 
28 95 77 
17 79 74 
68 98 37 
66 85 46 
58 21 51 
44 58 73 
21 11 20 
7 36 44 
10 14 38 
18 34 58 
80 87 26 
97 53 87 
99 43 2 
87 25 65 
46 16 56 
70 95 74 
81 10 74 
3 31 70 
26 84 6 
12 66 93 
14 5 42 
76 63 34 
22 89 16 
73 39 65 
58 49 34 
98 84 66 
41 27 53 
79 99 97 
87 57 70 
41 22 93 
81 12 35 
22 19 29 
58 48 40 
80 97 13 
19 8 22 
66 28 47 
95 67 65 
42 76 84 
44 52 27 
6 86 42 
83 100 99 
88 93 99 
37 45 12 
49 92 28 
2 51 89 
42 86 66 
26 55 4 
20 58 27 
50 3 24 
30 14 100 
27 76 50 
7 55 56 
5 97 30 
29 66 50 
16 47 30 
12 64 62 
77 85 91 
9 69 75 
74 21 50 
12 36 83 
80 95 82 
91 85 98 
86 47 18 
32 38 37 
63 13 18 
83 100 79 
83 85 66 
58 63 71 
47 89 58 
91 56 98 
4 26 88 
19 7 74 
26 49 19 
88 71 33 
80 45 79 
12 72 87 
16 8 64 
11 91 79 
83 34 41 
70 45 33 
46 33 94 
23 5 86 
2 90 74 
72 55 56 
42 73 84 
13 77 26 
82 80 19 
36 73 7 
97 12 49 
53 26 71 
76 25 68 
42 38 30 
39 60 14 
88 20 12 
12 65 57 
12 79 89 
37 7 6 
74 16 90 
34 30 8 
3 72 46 
5 95 81 
83 40 28 
94 85 91 
47 83 7 
9 1 85 
63 33 12 
83 44 87 
78 34 42 
26 55 59 
15 14 17 
88 79 27 
64 70 53 
76 97 55 
42 26 28 
76 99 12 
95 99 91 
49 62 53 
43 26 23 
16 30 75 
39 69 84 
94 17 37 
34 31 12 
84 2 56 
91 51 37 
76 74 54 
29 76 84 
69 26 6 
100 73 16 
95 87 88 
45 53 50 
16 73 40 
99 84 23 
35 51 98 
2 22 54 
51 33 66 
97 88 98 
78 52 13 
99 64 19 
16 82 26 
38 78 93 
12 61 52 
81 14 69 
2 25 18 
99 92 48 
14 28 33 
45 68 55 
76 79 67 
27 21 7 
18 97 40 
44 23 30 
51 41 39 
43 18 94 
27 5 1 
5 10 47 
25 97 36 
85 1 70 
31 23 91 
20 7 6 
51 3 54 
47 77 24 
55 22 39 
21 66 93 
33 63 86 
16 36 19 
41 60 13 
96 94 69 
86 3 44 
38 45 51 
17 96 80 
61 60 3 
43 64 92 
8 53 36 
42 1 43 
96 85 74 
77 44 97 
100 35 97 
81 67 36 
69 89 34 
62 89 8 
30 43 99 
49 45 57 
83 2 93 
8 31 71 
99 39 65 
87 8 66 
17 96 72 
99 60 35 
62 21 100 
65 30 7 
29 55 4 
14 51 29 
65 41 28 
49 52 77 
15 100 28 
84 67 70 
33 30 45 
16 59 3 
25 91 38 
99 20 17 
45 47 70 
4 27 68 
97 63 17 
61 22 27 
58 53 10 
82 57 49 
55 89 65 
67 33 22 
8 14 5 
24 29 56 
45 3 83 
95 57 62 
2 100 68 
84 10 87 
80 50 59 
56 39 95 
70 41 23 
3 44 10 
31 24 86 
75 15 33 
56 53 1 
84 65 68 
43 71 12 
79 70 41 
91 24 61 
9 44 11 
98 14 77 
73 63 28 
18 45 67 
65 86 22 
6 17 72 
32 80 73 
34 45 88 
51 29 81 
36 48 65 
3 50 78 
19 24 9 
55 54 75 
80 29 84 
24 39 15 
65 82 14 
79 1 12 
21 48 66 
3 100 18 
53 4 70 
1 11 81 
10 23 64 
90 94 55 
97 2 66 
73 10 53 
88 75 13 
83 55 85 
81 32 16 
70 58 82 
96 11 51 
61 69 17 
51 70 27 
9 45 46 
62 46 66 
52 64 51 
59 73 68 
69 66 92 
16 70 49 
20 78 25 
14 11 82 
56 76 90 
94 12 23 
89 52 45 
13 97 9 
98 53 27 
85 79 40 
9 44 99 
11 34 100 
28 99 79 
92 91 88 
61 98 17 
2 43 30 
21 92 44 
83 75 16 
14 32 8 
25 44 86 
70 1 29 
71 3 65 
85 4 78 
55 39 70 
30 87 96 
9 39 48 
75 26 9 
70 21 37 
8 59 28 
7 68 76 
61 66 35 
55 78 37 
7 74 71 
75 44 17 
87 27 2 
55 8 85 
19 78 69 
86 55 78 
99 16 63 
89 62 98 
1 25 21 
54 25 9 
42 8 24 
48 41 21 
84 94 71 
9 92 79 
34 2 17 
73 87 66 
72 82 31 
93 71 33 
93 67 59 
35 82 72 
80 31 55 
28 60 40 
38 50 96 
37 78 90 
79 25 81 
97 23 57 
26 51 10 
24 4 47 
78 76 42 
72 80 26 
82 68 88 
13 57 93 
71 19 37 
85 32 21 
75 5 99 
56 69 26 
62 78 65 
22 96 33 
56 69 16 
31 22 82 
85 43 26 
93 64 23 
4 97 65 
14 75 12 
87 71 67 
31 98 4 
8 29 4 
42 85 91 
48 10 33 
25 86 2 
15 32 22 
34 16 98 
57 15 40 
97 49 10 
11 78 57 
67 89 61 
95 96 48 
78 18 54 
62 49 100 
19 14 16 
88 68 58 
60 63 20 
4 44 74 
24 17 97 
90 20 84 
62 10 90 
69 19 40 
9 100 62 
48 35 8 
8 76 45 
82 26 60 
6 14 3 
64 6 25 
75 33 69 
52 1 61 
6 88 99 
40 46 86 
35 45 7 
92 21 87 
42 77 40 
54 37 14 
79 62 29 
61 75 51 
82 84 17 
17 52 3 
13 29 14 
51 6 57 
31 18 49 
16 14 46 
84 53 30 
83 41 16 
4 68 8 
94 8 32 
55 95 76 
40 49 66 
26 91 42 
9 69 61 
63 31 13 
71 97 76 
75 94 87 
65 57 89 
54 53 58 
21 54 60 
50 56 30 
82 96 5 
60 45 75 
90 19 76 
92 60 49 
47 70 61 
88 77 21 
53 23 61 
85 78 68 
90 50 12 
7 91 74 
13 5 29 
72 60 27 
15 18 71 
34 84 23 
41 87 35 
23 32 22 
15 57 86 
18 74 27 
38 72 2 
12 3 16 
9 17 10 
67 91 11 
83 88 9 
5 36 58 
2 10 50 
73 11 10 
99 62 83 
32 52 39 
12 48 14 
49 1 95 
75 8 95 
76 72 25 
64 80 13 
18 56 51 
61 83 9 
46 56 13 
3 33 37 
65 46 37 
65 40 89 
40 18 61 
4 58 55 
40 90 97 
9 33 54 
65 50 12 
84 94 17 
12 6 44 
10 7 14 
99 14 60 
95 87 35 
72 68 40 
17 51 26 
88 13 43 
81 37 65 
35 11 61 
78 39 8 
5 4 42 
100 21 93 
58 78 11 
99 53 44 
64 31 36 
49 58 59 
49 84 81 
49 77 21 
34 54 46 
68 62 99 
35 77 1 
95 96 15 
53 44 63 
20 67 71 
24 10 86 
23 83 57 
21 74 25 
56 9 93 
55 100 64 
38 21 87 
14 87 78 
26 23 59 
53 28 62 
51 19 30 
19 86 18 
54 46 61 
97 66 35 
13 45 52 
12 51 7 
53 46 75 
72 61 52 
76 71 17 
100 48 99 
18 2 92 
82 56 79 
12 87 76 
36 89 85 
12 84 9 
43 77 29 
44 28 43 
49 54 45 
72 65 61 
45 24 71 
93 74 7 
79 9 66 
34 53 35 
17 98 22 
18 6 59 
100 14 52 
55 41 61 
23 56 44 
46 93 4 
88 30 36 
96 98 41 
3 74 19 
74 84 86 
54 8 22 
28 57 44 
88 98 38 
77 53 40 
73 63 6 
79 63 97 
39 47 3 
55 75 65 
28 67 81 
12 77 37 
94 29 6 
12 21 47 
15 42 69 
38 30 45 
66 74 43 
56 34 93 
63 83 61 
84 76 33 
35 6 82 
50 32 16 
82 62 81 
68 29 39 
61 100 17 
49 68 4 
43 27 45 
22 6 78 
63 72 81 
90 76 10 
34 57 51 
97 32 91 
68 42 82 
30 37 71 
37 31 34 
36 57 54 
52 65 33 
17 100 65 
60 52 80 
39 79 38 
19 35 94 
31 51 89 
12 48 2 
36 76 84 
5 47 55 
1 14 19 
35 38 21 
68 4 80 
48 29 16 
93 66 79 
12 93 82 
49 97 68 
5 29 83 
71 21 82 
76 95 10 
59 9 51 
4 95 77 
8 10 94 
19 10 58 
30 2 100 
67 23 18 
99 21 45 
51 61 92 
37 100 80 
38 76 89 
85 100 9 
65 38 26 
37 88 48 
5 58 57 
10 33 14 
52 78 64 
87 50 67 
68 35 86 
88 93 37 
17 2 64 
63 69 57 
86 60 81 
33 73 84 
57 2 24 
83 70 84 
51 63 14 
42 5 31 
96 45 59 
57 89 25 
48 33 96 
60 23 68 
90 53 80 
53 66 36 
95 26 36 
48 51 60 
49 91 76 
58 40 24 
15 36 16 
78 47 44 
18 7 89 
46 58 77 
87 6 30 
70 1 31 
55 34 2 
14 46 85 
78 42 95 
32 48 47 
39 46 82 
93 18 10 
51 91 99 
59 60 86 
80 45 14 
1 65 24 
7 10 26 
6 10 95 
39 41 59 
18 90 14 
5 89 25 
72 80 86 
97 52 60 
48 54 74 
91 2 81 
99 23 24 
85 47 37 
64 20 85 
24 23 92 
85 17 88 
69 95 81 
71 17 9 
21 69 56 
66 7 42 
32 52 4 
6 42 66 
92 3 17 
76 90 96 
16 43 30 
34 43 27 
30 14 10 
87 1 59 
89 51 47 
42 7 62 
27 44 89 
61 85 62 
17 56 77 
64 29 70 
2 66 17 
43 93 6 
48 23 20 
67 79 77 
11 66 64 
43 53 35 
48 46 42 
40 72 54 
1 23 62 
6 80 37 
58 11 83 
50 35 1 
53 6 13 
33 99 51 
87 56 36 
41 53 86 
37 51 84 
96 17 63 
17 45 74 
70 23 82 
46 83 47 
69 70 84 
15 54 97 
25 28 33 
40 11 73 
26 25 82 
10 32 27 
48 83 29 
85 87 38 
7 42 70 
14 80 100 
2 40 82 
5 97 6 
2 59 4 
40 79 36 
68 1 98 
50 6 31 
20 29 75 
74 36 41 
26 56 45 
24 37 65 
26 22 12 
4 46 58 
69 10 32 
9 40 84 
93 66 3 
95 26 88 
64 6 19 
59 22 100 
21 55 72 
32 5 60 
49 47 53 
13 49 22 
21 33 48 
44 53 12 
95 19 6 
9 24 7 
17 77 11 
92 52 26 
53 4 22 
40 86 64 
51 41 21 
22 70 94 
24 46 55 
18 58 90 
14 77 49 
7 26 83 
84 70 37 
95 64 17 
52 16 64 
45 50 15 
63 3 47 
48 88 42 
32 19 80 
39 73 45 
50 54 29 
62 90 16 
30 16 2 
88 34 65 
64 75 22 
64 84 80 
25 9 52 
70 58 66 
29 66 93 
40 32 43 
34 22 18 
42 21 95 
70 67 46 
32 73 14 
89 75 29 
79 72 1 
70 29 45 
29 14 89 
93 77 40 
71 91 1 
94 71 29 
13 16 47 
89 75 2 
8 36 25 
80 49 12 
63 83 18 
69 19 11 
71 15 22 
29 74 10 
48 31 5 
78 52 43 
37 67 62 
34 13 25 
88 77 8 
78 76 66 
100 15 99 
47 98 96 
3 91 71 
12 73 83 
14 3 66 
82 44 93 
94 68 55 
48 58 72 
22 3 44 
17 93 99 
18 44 10 
6 90 8 
100 24 71 
25 67 55 
29 7 100 
38 90 69 
27 16 20 
7 32 11 
100 36 47 
36 53 59 
35 64 50 
58 84 76 
18 65 64 
77 53 91 
24 7 35 
88 11 16 
17 96 4 
20 26 37 
55 19 100 
51 11 53 
26 91 4 
75 57 69 
51 87 27 
51 31 22 
7 6 9 
19 27 71 
17 65 19 
98 39 79 
56 90 64 
44 45 21 
18 10 90 
94 40 3 
39 49 58 
27 58 72 
77 60 13 
85 59 100 
40 43 48 
25 41 23 
36 65 59 
96 53 24 
84 29 48 
45 71 20 
31 58 59 
56 37 81 
59 32 81 
70 13 80 
31 86 26 
48 81 60 
94 75 55 
1 8 81 
99 57 28 
23 36 62 
3 23 45 
23 67 79 
85 32 37 
47 59 95 
69 7 25 
86 93 8 
69 45 80 
84 100 67 
75 65 72 
95 60 62 
2 21 50 
68 48 15 
66 26 85 
54 31 35 
16 2 98 
69 5 41 
1 28 69 
49 90 99 
90 15 94 
57 78 60 
16 70 52 
64 26 25 
60 26 67 
85 73 58 
9 76 41 
87 100 34 
66 72 79 
72 25 2 
30 13 15 
64 44 4 
72 25 80 
51 87 75 
56 94 12 
33 74 84 
71 48 97 
18 33 85 
29 51 97 
1 29 79 
25 18 60 
30 92 17 
53 62 34 
8 18 63 
13 68 3 
55 68 88 
79 97 17 
84 93 81 
15 74 1 
63 22 36 
60 10 49 
90 66 79 
76 66 58 
66 12 24 
74 56 25 
33 27 22 
96 28 83 
22 89 59 
33 9 31 
82 30 59 
75 36 96 
6 88 62 
92 49 56 
74 5 45 
34 16 7 
23 72 42 
37 12 11 
53 57 18 
66 3 91 
46 67 55 
57 63 17 
9 73 76 
54 74 72 
34 88 52 
23 41 57 
88 28 72 
88 4 5 
25 96 45 
88 40 25 
40 22 2 
63 14 66 
13 34 36 
14 20 79 
75 10 97 
44 29 11 
35 71 81 
58 49 51 
85 43 89 
7 12 62 
66 40 39 
57 61 96 
15 66 2 
20 3 73 
77 56 38 
70 31 24 
58 35 85 
20 89 26 
13 30 85 
20 77 85 
22 80 63 
44 80 69 
92 86 10 
78 91 77 
84 20 69 
55 67 92 
49 43 71 
15 28 83 
3 48 2 
10 87 39 
31 55 56 
100 98 86 
97 90 56 
25 97 74 
50 8 69 
81 22 7 
90 4 53 
24 70 51 
10 37 55 
29 92 14 
96 8 7 
10 73 40 
60 41 67 
91 100 57 
98 44 87 
93 33 63 
42 93 84 
10 39 71 
27 42 98 
45 14 11 
42 56 40 
59 23 81 
47 6 64 
66 19 31 
72 99 38 
35 22 93 
98 49 24 
14 70 61 
1 99 12 
49 76 27 
84 39 74 
57 25 19 
92 21 64 
25 54 97 
5 74 19 
63 24 85 
64 14 80 
30 87 78 
8 31 57 
53 42 76 
55 1 46 
88 12 41 
63 9 85 
80 67 92 
52 42 57 
93 97 9 
54 79 6 
14 8 96 
28 1 92 
38 84 8 
22 91 10 
49 50 58 
52 36 72 
48 45 4 
26 23 35 
64 36 9 
93 86 92 
41 38 52 
89 73 49 
15 64 60 
41 97 32 
46 33 50 
17 95 48 
15 17 56 
64 92 93 
10 51 90 
64 98 7 
77 80 97 
8 92 24 
55 70 9 
97 45 5 
58 21 32 
55 35 53 
13 34 67 
15 24 48 
33 90 29 
33 59 96 
71 15 3 
92 12 58 
25 8 100 
55 71 43 
49 64 84 
91 87 76 
38 77 80 
4 96 39 
13 28 58 
14 42 3 
4 40 74 
20 50 49 
64 23 16 
54 57 12 
80 87 46 
100 44 69 
12 32 15 
6 35 31 
24 28 8 
18 65 93 
13 27 46 
2 52 86 
13 22 40 
53 16 85 
82 88 54 
81 25 71 
32 1 52 
29 74 14 
67 63 82 
65 45 19 
60 83 21 
24 17 77 
13 6 48 
56 60 81 
56 44 65 
77 63 97 
72 98 54 
89 90 85 
31 17 29 
37 4 96 
85 6 51 
58 90 73 
28 64 52 
54 20 29 
100 36 16 
53 75 36 
84 57 5 
6 98 66 
37 92 19 
42 76 49 
93 22 59 
45 3 81 
30 23 26 
49 82 75 
44 39 61 
52 40 64 
58 36 83 
3 8 62 
67 35 39 
21 40 78 
6 66 77 
27 25 82 
38 28 97 
56 40 57 
29 77 40 
69 33 44 
66 10 68 
10 84 15 
79 20 8 
98 67 83 
39 31 27 
95 93 76 
4 17 3 
82 87 37 
31 77 11 
41 87 95 
99 12 86 
50 6 36 
30 18 11 
32 27 47 
83 1 65 
84 1 65 
16 48 17 
29 13 80 
81 68 74 
60 66 2 
49 2 72 
45 73 100 
33 15 45 
44 28 79 
43 7 96 
73 77 71 
21 13 8 
57 24 7 
42 18 38 
32 98 27 
1 70 83 
89 74 2 
18 73 26 
15 86 72 
44 54 50 
64 37 75 
21 10 25 
14 99 74 
62 7 23 
11 79 46 
26 47 6 
40 30 27 
7 8 50 
92 37 98 
82 81 41 
51 41 69 
83 98 95 
96 53 85 
78 14 36 
55 75 58 
39 35 77 
34 80 22 
66 74 20 
100 95 88 
66 57 78 
53 6 18 
65 80 56 
54 71 46 
97 85 7 
63 6 15 
88 35 94 
100 69 36 
72 17 3 
93 80 50 
13 95 56 
17 39 8 
32 34 70 
51 57 2 
14 91 97 
5 90 68 
22 41 69 
45 72 33 
90 29 58 
56 47 52 
95 70 8 
9 29 31 
9 16 87 
6 11 76 
35 12 38 
79 28 26 
85 43 1 
43 18 13 
6 98 63 
25 39 59 
65 24 6 
66 38 34 
71 87 77 
71 86 53 
56 21 12 
46 36 3 
65 50 38 
1 15 21 
24 77 74 
12 96 15 
67 10 75 
96 92 74 
19 33 99 
4 2 58 
25 80 17 
99 58 88 
81 44 93 
4 3 24 
16 48 91 
81 94 49 
1 50 82 
32 56 27 
39 46 100 
67 89 15 
72 68 66 
63 77 85 
63 69 34 
61 66 6 
24 66 83 
82 11 84 
68 7 90 
35 49 23 
2 41 83 
26 5 96 
67 2 23 
59 11 46 
12 4 49 
45 90 61 
28 29 48 
100 32 79 
44 96 72 
47 87 9 
92 56 22 
46 48 69 
29 41 33 
90 44 9 
90 49 3 
62 28 22 
18 58 77 
77 84 53 
8 18 3 
54 70 9 
15 49 37 
3 76 54 
85 50 33 
69 90 14 
53 57 19 
94 14 92 
84 93 49 
90 3 41 
98 27 77 
1 99 71 
31 83 98 
9 77 21 
39 9 56 
75 41 74 
8 1 11 
85 16 46 
41 1 77 
17 28 31 
7 97 26 
61 4 10 
77 48 51 
37 56 4 
37 79 1 
17 42 16 
58 26 67 
84 87 8 
26 91 6 
100 69 26 
65 98 4 
80 37 49 
28 1 29 
94 65 77 
36 17 49 
60 81 4 
78 53 51 
46 63 48 
46 13 43 
63 36 66 
59 50 3 
60 64 33 
81 42 87 
27 3 17 
60 1 4 
9 4 13 
40 69 60 
65 30 86 
57 44 100 
12 15 63 
15 1 54 
19 62 93 
75 22 96 
99 93 41 
57 11 94 
62 14 11 
100 93 58 
56 100 43 
96 65 62 
47 18 10 
44 7 60 
38 43 10 
39 36 79 
33 50 84 
34 7 29 
92 64 8 
61 29 27 
1 29 33 
3 52 9 
22 84 37 
41 22 91 
51 64 99 
60 17 51 
55 65 13 
68 14 86 
23 4 85 
46 43 96 
43 40 71 
63 12 11 
42 79 19 
30 71 41 
9 28 50 
80 44 48 
46 79 24 
49 92 38 
57 47 70 
69 22 33 
51 56 33 
11 65 14 
58 86 97 
39 49 90 
12 25 76 
55 88 92 
28 13 22 
21 82 91 
51 35 26 
19 28 42 
79 75 94 
18 17 16 
24 49 38 
27 57 90 
29 82 70 
23 30 81 
88 39 24 
17 81 55 
1 8 95 
71 69 15 
45 58 80 
69 98 91 
69 86 90 
51 18 44 
81 41 71 
92 97 11 
4 8 61 
74 77 55 
51 62 95 
71 1 97 
64 11 40 
28 29 5 
23 66 57 
75 97 71 
42 88 47 
67 50 20 
18 85 4 
37 43 66 
73 23 55 
88 62 76 
48 84 92 
64 11 24 
74 6 95 
61 75 94 
78 70 54 
30 35 94 
82 33 55 
43 60 22 
46 77 72 
47 43 64 
53 76 38 
37 83 64 
39 65 64 
14 65 92 
92 24 67 
74 97 20 
16 28 58 
54 65 11 
2 18 20 
89 39 19 
80 5 78 
27 68 60 
28 38 8 
82 74 94 
32 87 7 
67 6 32 
17 60 29 
13 8 33 
45 74 89 
31 96 71 
66 86 74 
58 8 65 
8 75 93 
91 63 28 
4 74 29 
41 52 55 
90 98 73 
61 67 19 
54 15 21 
15 64 11 
75 5 36 
74 34 41 
62 8 33 
87 23 28 
75 28 46 
42 65 77 
94 38 14 
19 80 91 
80 92 4 
62 56 65 
80 22 97 
34 45 10 
93 57 21 
83 73 70 
22 4 11 
44 71 75 
20 7 3 
73 69 90 
4 54 74 
12 83 96 
37 52 97 
23 73 12 
88 12 37 
81 13 3 
51 83 15 
21 24 37 
45 53 82 
79 96 36 
72 50 77 
57 70 25 
37 90 63 
73 64 52 
78 66 92 
2 22 75 
88 93 7 
31 11 36 
85 70 9 
7 3 85 
55 64 21 
51 29 75 
9 10 79 
48 54 26 
64 65 97 
84 48 4 
81 100 16 
40 45 89 
98 5 45 
33 21 31 
34 93 37 
4 41 40 
14 93 33 
87 1 31 
9 44 6 
54 35 25 
34 48 89 
16 22 54 
42 33 53 
92 90 31 
53 88 58 
69 97 25 
6 50 59 
18 14 98 
64 70 6 
37 13 7 
96 35 52 
54 79 76 
4 66 64 
94 39 76 
47 63 8 
78 71 48 
31 26 11 
84 8 71 
91 55 48 
9 99 3 
6 65 9 
96 97 37 
23 31 64 
32 35 78 
11 3 17 
23 35 2 
32 38 35 
51 17 66 
41 86 34 
1 60 97 
52 31 72 
60 100 55 
93 55 59 
20 51 25 
68 36 98 
64 69 79 
17 83 43 
85 81 38 
22 41 5 
20 1 22 
26 3 15 
26 90 5 
30 61 32 
67 23 24 
31 43 49 
32 10 35 
52 95 79 
56 86 77 
57 3 69 
30 55 74 
97 83 37 
34 4 96 
4 49 30 
46 78 88 
77 31 99 
89 37 34 
14 100 90 
59 56 52 
15 58 6 
61 7 29 
62 80 26 
24 6 46 
26 10 13 
7 29 83 
79 20 72 
61 32 58 
48 41 9 
70 86 61 
15 51 1 
87 1 17 
98 33 57 
31 3 8 
87 63 16 
98 37 42 
40 17 13 
90 98 84 
79 64 17 
12 51 8 
38 40 57 
7 27 48 
90 35 49 
36 79 31 
31 73 27 
55 20 32 
85 77 3 
73 46 96 
21 36 67 
16 94 53 
17 77 45 
95 9 36 
90 26 79 
71 15 74 
84 67 31 
49 48 6 
48 3 71 
11 93 86 
95 92 19 
76 3 71 
27 35 78 
82 99 3 
56 66 8 
45 96 69 
26 59 17 
23 66 1 
78 51 31 
96 91 85 
21 23 18 
16 71 56 
35 43 48 
54 31 18 
64 18 21 
73 60 41 
90 8 50 
4 78 56 
82 93 88 
70 10 44 
95 11 15 
3 13 31 
26 15 38 
86 62 51 
8 2 23 
10 38 83 
90 38 100 
56 81 32 
45 20 94 
15 35 31 
33 82 72 
24 60 28 
12 68 7 
63 24 45 
23 28 79 
49 1 70 
7 80 17 
9 63 77 
37 31 61 
82 88 56 
81 66 28 
32 25 86 
59 98 74 
25 38 15 
66 69 11 
69 40 47 
61 90 95 
37 11 27 
47 83 17 
71 61 82 
16 31 69 
71 62 57 
11 82 9 
31 57 87 
4 46 49 
44 71 79 
75 98 9 
78 71 74 
23 18 47 
12 4 90 
82 26 83 
95 87 72 
54 34 26 
86 47 41 
65 78 2 
6 24 40 
31 94 90 
27 76 100 
47 33 83 
82 20 60 
58 10 43 
43 79 51 
44 53 36 
14 62 45 
93 97 66 
40 71 100 
44 95 9 
72 2 68 
79 62 50 
38 46 97 
27 76 44 
33 62 54 
71 63 26 
56 95 51 
44 66 64 
29 89 70 
1 32 94 
43 94 38 
87 60 55 
98 82 77 
27 53 77 
76 36 67 
28 82 72 
51 28 43 
64 80 98 
45 60 22 
21 24 26 
44 47 70 
27 13 8 
37 12 30 
91 79 23 
62 100 5 
32 28 96 
88 73 28 
44 24 71 
28 89 62 
30 1 100 
1 30 62 
44 9 36 
12 38 69 
42 37 96 
79 99 30 
9 64 97 
25 32 13 
70 92 75 
38 62 20 
93 73 97 
53 7 95 
61 51 78 
64 98 34 
12 19 34 
2 25 63 
4 12 26 
95 9 70 
80 3 56 
16 35 21 
24 16 74 
2 85 68 
45 25 87 
91 46 100 
75 40 26 
67 25 4 
80 94 23 
54 26 2 
71 68 35 
25 78 27 
56 38 55 
61 100 23 
58 71 43 
22 66 65 
89 49 93 
44 54 41 
89 41 80 
21 27 31 
57 16 1 
10 96 12 
83 70 74 
65 80 13 
13 69 62 
27 67 99 
63 9 83 
1 12 87 
40 27 35 
91 48 58 
48 72 39 
31 62 91 
58 20 31 
59 42 14 
39 30 45 
100 62 97 
50 35 33 
49 72 38 
59 13 63 
99 84 25 
15 53 58 
60 50 25 
64 2 38 
97 6 62 
63 31 40 
30 87 39 
42 94 38 
74 95 29 
71 16 5 
17 86 36 
27 41 75 
79 20 61 
44 83 32 
2 33 22 
94 56 73 
37 96 46 
91 20 62 
16 35 4 
63 15 41 
40 99 77 
26 44 5 
33 76 41 
64 32 66 
94 44 79 
62 2 14 
91 7 90 
81 38 21 
14 35 21 
25 27 54 
96 22 93 
96 51 43 
80 10 52 
18 9 82 
46 41 79 
79 59 68 
59 40 54 
71 96 33 
78 42 14 
80 78 45 
23 72 47 
13 51 22 
9 98 65 
47 48 27 
66 43 39 
65 36 12 
68 90 57 
6 60 84 
75 86 15 
47 14 8 
82 38 50 
53 15 33 
13 49 26 
78 36 34 
86 27 58 
21 80 8 
29 48 52 
13 47 39 
29 5 74 
64 18 88 
46 94 100 
35 83 46 
73 25 92 
17 9 80 
89 42 83 
33 2 27 
56 81 43 
32 56 10 
75 27 5 
66 9 31 
85 89 92 
35 97 76 
12 99 100 
75 61 87 
54 2 24 
5 3 97 
91 93 42 
17 28 95 
53 70 100 
92 20 55 
4 85 53 
58 9 38 
75 30 47 
24 63 53 
94 39 25 
7 91 76 
78 97 10 
53 87 90 
82 40 36 
7 40 68 
60 12 78 
73 39 60 
90 30 49 
99 42 23 
95 62 47 
36 38 31 
5 60 96 
30 75 98 
65 51 13 
57 97 68 
2 1 82 
16 57 55 
96 50 63 
2 11 20 
84 37 88 
43 18 72 
9 48 55 
83 66 61 
18 38 64 
98 28 44 
71 22 34 
45 38 50 
81 65 94 
34 56 16 
67 1 25 
40 72 14 
44 76 13 
48 30 64 
38 5 47 
69 44 47 
33 74 78 
11 68 54 
60 66 13 
20 30 83 
21 70 71 
68 78 86 
74 35 23 
42 35 15 
49 76 57 
66 84 90 
15 96 100 
36 4 77 
34 58 95 
27 37 55 
6 70 63 
41 25 52 
8 77 100 
18 88 84 
76 75 17 
95 58 8 
27 83 90 
12 45 98 
92 39 60 
98 55 1 
20 52 56 
52 94 24 
29 25 59 
19 25 8 
84 53 44 
51 95 100 
89 31 1 
65 67 54 
86 74 93 
10 58 8 
96 90 11 
54 40 1 
6 50 84 
73 23 86 
54 17 25 
2 26 81 
34 48 90 
79 42 81 
10 29 94 
1 59 12 
93 36 67 
10 42 65 
50 90 72 
48 66 62 
52 29 68 
62 94 10 
36 73 26 
61 21 19 
37 70 76 
38 33 84 
40 79 1 
62 92 77 
74 41 32 
24 75 56 
9 78 88 
53 33 18 
73 63 92 
47 49 51 
34 59 60 
78 77 12 
16 61 73 
38 60 34 
73 26 58 
38 11 82 
85 54 80 
20 52 55 
93 3 70 
33 80 62 
27 12 19 
85 17 76 
98 29 56 
73 82 68 
3 21 31 
66 89 37 
39 26 60 
19 88 86 
62 66 99 
39 60 31 
6 60 40 
61 9 19 
61 56 59 
26 7 6 
78 73 46 
11 18 5 
93 44 70 
62 89 59 
46 1 39 
14 96 78 
34 28 45 
47 62 77 
19 51 9 
10 52 28 
36 90 91 
16 35 69 
17 51 2 
22 77 2 
97 78 91 
26 61 36 
44 57 51 
14 75 88 
39 83 79 
7 35 58 
17 8 91 
80 9 48 
50 20 88 
42 87 25 
86 83 35 
91 38 62 
65 52 90 
70 77 4 
72 69 46 
76 66 35 
53 79 40 
51 26 38 
76 33 99 
31 70 55 
60 87 99 
84 44 68 
33 2 30 
75 64 96 
51 4 57 
52 63 14 
11 73 34 
16 32 25 
48 96 45 
3 62 60 
37 25 1 
90 9 54 
70 25 86 
31 48 67 
32 77 8 
85 28 42 
75 34 41 
20 94 91 
59 94 80 
95 11 16 
89 77 67 
7 67 60 
94 2 30 
72 86 24 
78 35 76 
86 94 26 
20 6 1 
72 10 6 
67 12 75 
20 22 95 
25 93 38 
15 24 81 
99 3 20 
36 69 76 
23 53 44 
59 56 20 
93 71 15 
20 52 26 
44 73 76 
61 62 26 
71 25 86 
93 92 49 
44 48 69 
96 35 86 
64 89 67 
79 59 24 
62 74 23 
59 9 88 
75 83 97 
6 56 35 
67 49 28 
99 18 14 
2 25 61 
22 82 70 
24 39 99 
82 21 63 
47 53 74 
45 23 17 
33 49 27 
37 33 21 
85 73 43 
32 42 51 
20 33 17 
72 22 56 
46 91 70 
70 90 47 
31 13 22 
52 35 69 
12 6 74 
22 21 49 
87 23 31 
81 75 68 
31 20 10 
70 32 22 
97 31 90 
18 97 93 
14 40 68 
31 96 30 
29 79 42 
76 81 19 
96 64 83 
86 4 56 
4 23 11 
14 40 46 
8 35 22 
51 33 49 
60 79 93 
74 93 90 
25 52 6 
95 71 65 
84 12 68 
64 80 19 
13 78 56 
52 69 66 
34 91 68 
38 87 16 
1 26 76 
31 11 14 
35 20 59 
98 33 46 
5 13 53 
27 94 96 
65 46 49 
63 3 31 
13 58 93 
4 49 33 
65 74 33 
84 58 20 
22 27 94 
78 25 49 
14 72 100 
70 59 66 
96 86 18 
24 38 57 
39 18 80 
91 23 87 
35 28 56 
18 3 15 
92 18 63 
56 14 53 
9 55 2 
51 17 94 
79 12 13 
46 5 34 
76 96 74 
55 58 92 
15 94 58 
100 4 34 
50 20 1 
96 56 97 
93 4 26 
18 35 4 
96 39 89 
57 68 7 
31 24 21 
11 74 15 
99 66 36 
33 14 24 
8 76 55 
45 15 27 
73 87 45 
77 43 62 
99 29 84 
7 79 38 
95 7 64 
87 72 27 
35 64 49 
56 75 61 
6 52 33 
79 4 15 
24 49 32 
59 88 48 
92 1 15 
85 37 41 
85 3 33 
74 7 42 
5 62 87 
48 86 98 
8 89 13 
50 28 1 
51 31 38 
45 72 15 
19 85 21 
59 88 23 
18 29 7 
2 67 53 
48 29 11 
88 70 90 
6 28 70 
12 14 27 
51 7 93 
46 53 34 
42 64 92 
89 14 72 
34 15 1 
97 58 99 
8 55 15 
5 13 20 
35 63 57 
23 32 66 
28 5 90 
13 67 84 
60 3 66 
89 79 17 
14 89 19 
84 100 41 
38 45 35 
9 70 87 
99 86 94 
97 9 50 
16 92 51 
68 36 17 
67 75 13 
43 45 42 
39 30 81 
46 23 36 
91 98 5 
40 13 19 
1 65 99 
91 39 50 
96 41 97 
72 69 80 
74 27 36 
41 72 21 
83 94 52 
84 46 93 
25 73 1 
56 39 67 
7 52 84 
89 92 100 
19 55 86 
2 17 79 
12 41 3 
47 80 98 
41 87 19 
45 57 31 
42 91 11 
54 76 38 
76 10 5 
19 92 81 
21 34 81 
22 10 66 
49 26 70 
77 86 28 
18 95 51 
26 23 96 
80 48 33 
60 3 100 
29 79 46 
53 75 85 
91 79 52 
57 88 32 
63 68 67 
39 36 28 
31 71 60 
51 2 88 
57 83 21 
14 84 9 
95 37 30 
36 47 65 
89 46 80 
8 84 21 
61 3 21 
99 14 23 
40 94 45 
48 58 86 
74 37 7 
5 1 64 
4 28 54 
6 55 14 
13 32 5 
84 76 3 
88 79 29 
63 44 5 
99 90 2 
69 14 23 
61 32 1 
80 77 55 
4 35 1 
44 72 12 
16 14 55 
30 32 26 
20 90 95 
99 88 1 
8 63 96 
63 3 69 
18 16 11 
53 50 63 
44 64 76 
29 32 51 
56 5 58 
7 86 20 
51 17 35 
39 1 91 
72 66 14 
27 35 6 
7 38 81 
89 1 38 
39 99 100 
28 95 74 
73 99 17 
57 91 96 
17 59 16 
65 1 78 
46 41 72 
50 93 38 
29 17 97 
80 41 43 
29 93 43 
33 47 29 
65 41 6 
46 68 49 
27 66 64 
37 52 35 
15 92 99 
47 33 88 
51 71 39 
68 78 61 
46 83 17 
62 53 80 
33 30 29 
55 51 32 
17 57 52 
70 24 92 
1 72 93 
22 2 23 
50 43 92 
99 57 56 
32 78 8 
31 9 20 
9 41 63 
83 27 37 
74 95 47 
50 19 5 
35 18 45 
14 48 6 
84 45 12 
76 62 12 
86 12 61 
32 80 6 
12 72 54 
78 97 38 
39 92 76 
67 64 68 
97 21 64 
61 100 39 
32 40 75 
39 21 80 
25 91 3 
5 23 63 
45 59 79 
91 86 32 
36 92 24 
22 98 93 
3 46 90 
86 80 35 
68 48 16 
3 69 54 
57 2 34 
26 43 99 
13 70 81 
23 82 1 
68 34 36 
45 9 77 
91 63 53 
13 93 88 
2 44 58 
49 25 62 
17 99 75 
96 32 50 
10 85 16 
16 95 79 
33 37 95 
68 74 21 
98 46 53 
8 49 85 
61 59 46 
1 78 59 
26 21 77 
55 46 14 
15 16 57 
20 91 36 
37 27 87 
56 6 16 
72 68 70 
54 32 22 
56 52 57 
55 58 28 
1 35 76 
93 16 77 
92 45 66 
97 43 44 
14 27 63 
54 79 40 
17 51 22 
72 77 44 
32 89 68 
83 14 38 
89 83 67 
24 97 14 
22 39 51 
38 82 12 
46 47 90 
8 49 18 
33 26 30 
16 87 50 
84 73 34 
50 76 3 
43 71 1 
93 7 18 
74 34 56 
74 92 29 
93 69 70 
91 50 83 
24 41 51 
43 56 46 
65 33 68 
85 50 20 
81 63 19 
50 28 7 
27 80 29 
65 61 66 
89 42 9 
5 41 25 
37 85 52 
40 14 34 
33 12 59 
37 53 46 
45 20 53 
88 10 20 
77 53 20 
53 25 17 
91 5 51 
42 47 4 
20 82 16 
60 54 37 
38 76 36 
59 62 54 
4 84 98 
85 81 37 
89 94 34 
55 74 69 
49 54 8 
38 90 70 
41 84 90 
31 87 80 
20 35 75 
98 99 8 
41 91 36 
92 23 84 
13 59 30 
91 90 39 
54 1 28 
91 31 46 
10 35 62 
52 61 41 
43 18 45 
74 94 100 
58 52 41 
35 86 77 
73 64 12 
41 72 34 
58 35 48 
80 57 10 
3 51 11 
79 4 14 
95 6 36 
19 49 91 
25 96 100 
30 9 80 
67 40 18 
10 64 17 
91 58 37 
19 59 82 
62 50 66 
70 12 1 
53 87 52 
19 7 3 
9 47 58 
26 77 43 
38 57 72 
21 23 17 
10 70 62 
73 56 53 
82 37 79 
70 89 11 
31 81 39 
87 67 44 
70 47 38 
22 87 34 
15 14 55 
31 10 7 
54 39 31 
49 91 77 
66 51 78 
99 4 44 
75 65 95 
47 53 20 
53 94 10 
78 47 53 
63 45 98 
26 42 82 
30 87 40 
44 38 5 
40 14 27 
21 100 64 
83 63 84 
44 27 26 
23 96 44 
76 6 72 
3 67 72 
84 51 87 
93 8 73 
7 17 88 
86 59 24 
18 4 16 
60 59 51 
85 48 87 
18 63 72 
61 6 21 
22 69 52 
5 49 34 
40 79 77 
89 41 71 
93 24 29 
97 80 37 
23 73 31 
55 54 43 
91 43 54 
27 55 13 
72 45 56 
22 35 4 
50 12 34 
59 55 74 
71 11 15 
15 78 70 
73 82 70 
79 95 82 
17 8 59 
54 41 18 
15 23 99 
8 66 72 
11 57 93 
48 2 23 
66 86 50 
21 8 52 
96 83 77 
63 66 27 
27 12 4 
74 2 95 
100 7 97 
45 72 14 
84 42 71 
41 45 14 
71 62 20 
65 73 83 
86 76 85 
14 99 71 
71 68 10 
51 81 76 
5 18 34 
80 83 54 
39 88 58 
83 71 67 
58 49 22 
15 49 18 
5 4 36 
83 13 100 
94 65 45 
33 31 16 
77 52 3 
52 80 71 
48 42 43 
95 84 58 
3 86 6 
92 31 55 
9 5 39 
80 13 94 
53 39 79 
94 69 58 
36 20 34 
22 90 28 
37 41 23 
35 36 42 
89 43 30 
98 45 30 
70 25 17 
96 68 41 
65 38 69 
99 1 36 
27 7 100 
45 58 73 
80 8 47 
24 39 51 
78 29 97 
86 4 79 
14 90 35 
34 4 73 
73 48 27 
97 22 87 
90 47 87 
28 34 70 
39 5 34 
25 26 42 
17 30 88 
60 85 50 
40 35 28 
68 14 69 
8 64 9 
26 89 28 
82 52 54 
97 61 62 
94 35 9 
59 81 37 
17 77 89 
48 13 29 
40 27 79 
44 97 74 
80 40 94 
67 97 70 
88 55 89 
73 49 54 
71 85 92 
67 75 100 
50 76 53 
72 3 59 
7 97 17 
24 72 93 
17 1 32 
67 41 3 
71 26 68 
65 7 51 
74 35 21 
16 85 90 
40 30 81 
13 21 94 
75 1 23 
34 11 22 
18 77 88 
12 41 20 
27 22 15 
66 25 1 
86 62 13 
15 34 42 
37 12 52 
89 78 29 
89 72 81 
96 54 60 
90 53 49 
35 69 79 
73 20 86 
88 21 10 
72 23 99 
95 19 67 
11 18 43 
31 35 13 
89 37 74 
28 25 92 
37 82 12 
12 31 51 
31 95 40 
72 3 91 
14 6 51 
37 36 25 
6 68 59 
29 92 17 
43 71 79 
71 1 68 
51 70 23 
35 82 67 
61 70 28 
26 25 24 
36 12 56 
9 52 97 
48 77 68 
95 44 85 
1 18 13 
17 35 32 
85 63 75 
54 33 94 
19 12 17 
18 33 9 
31 18 16 
5 98 8 
93 80 63 
49 96 45 
54 3 61 
13 39 42 
75 38 86 
53 8 23 
97 17 44 
25 74 67 
94 34 40 
26 53 47 
84 26 46 
50 29 63 
20 78 64 
93 35 97 
34 32 3 
85 28 50 
6 47 68 
86 64 100 
62 85 58 
95 87 23 
95 61 35 
24 47 2 
49 50 33 
22 43 67 
31 52 30 
62 64 58 
12 30 65 
88 63 89 
42 29 72 
27 13 9 
57 40 4 
46 2 95 
15 54 51 
57 1 70 
37 17 19 
35 36 46 
97 62 22 
18 15 6 
56 61 48 
10 15 95 
8 49 90 
31 45 21 
76 35 74 
14 54 56 
57 79 73 
20 87 78 
4 59 72 
44 54 34 
37 9 8 
31 100 12 
59 88 29 
67 31 15 
52 68 45 
17 10 32 
26 10 23 
75 34 43 
27 74 89 
94 19 70 
65 38 28 
38 93 37 
79 100 84 
46 94 91 
100 79 11 
3 53 59 
45 83 4 
6 51 20 
60 69 34 
83 4 69 
75 37 41 
52 50 62 
91 46 29 
38 84 3 
94 2 73 
44 18 36 
77 15 64 
2 22 17 
4 91 22 
30 47 70 
71 27 32 
2 35 68 
80 60 83 
14 96 40 
64 11 43 
71 90 42 
71 69 20 
35 81 48 
22 36 90 
55 19 69 
23 10 60 
83 29 69 
55 71 52 
33 52 44 
7 14 83 
84 40 19 
65 53 90 
63 4 28 
82 14 93 
86 58 40 
40 19 3 
56 26 7 
11 56 39 
36 48 52 
19 13 35 
9 100 83 
12 33 16 
38 37 91 
2 28 26 
32 80 86 
33 34 44 
81 67 25 
52 49 70 
81 52 74 
37 81 76 
12 58 20 
84 44 51 
21 3 22 
25 41 13 
25 21 35 
1 4 62 
71 47 74 
88 4 20 
93 64 20 
81 65 60 
95 49 88 
93 20 74 
88 93 9 
34 28 7 
8 89 1 
89 98 68 
52 11 48 
72 68 16 
57 9 89 
50 39 57 
14 19 34 
7 88 91 
66 42 19 
27 23 80 
25 58 73 
37 26 41 
79 6 25 
75 48 33 
46 71 13 
66 78 4 
64 29 98 
87 59 62 
23 86 66 
61 15 22 
95 24 66 
21 10 4 
85 25 73 
80 49 48 
46 66 54 
83 2 34 
98 74 86 
45 54 42 
90 57 94 
63 29 85 
76 10 64 
72 40 80 
13 58 9 
20 96 26 
3 87 75 
35 15 45 
61 32 88 
39 87 85 
8 65 20 
19 90 22 
16 12 78 
37 21 72 
56 34 71 
12 42 17 
5 53 86 
33 41 6 
43 77 32 
100 53 93 
93 7 64 
96 92 84 
27 33 67 
80 3 76 
85 47 9 
63 23 8 
55 89 59 
50 5 18 
74 86 47 
26 10 59 
96 25 97 
60 24 89 
15 40 94 
45 58 98 
25 59 31 
5 31 93 
31 48 73 
7 38 23 
100 91 94 
76 82 62 
53 56 79 
43 20 94 
28 46 99 
52 48 79 
11 52 29 
74 57 54 
23 36 55 
26 97 42 
59 66 81 
38 95 47 
37 92 94 
2 10 94 
24 78 56 
7 1 44 
17 86 70 
60 81 46 
50 20 9 
20 96 25 
66 26 20 
39 72 9 
74 33 59 
91 33 45 
53 28 22 
40 37 21 
20 55 23 
83 47 72 
48 72 49 
67 77 68 
87 54 55 
16 60 2 
74 82 13 
18 83 61 
76 69 40 
25 38 17 
8 86 99 
64 10 19 
15 74 22 
52 21 45 
66 74 41 
85 76 79 
89 49 75 
56 78 98 
16 20 69 
63 19 8 
68 45 34 
8 93 45 
28 68 58 
93 32 74 
97 33 52 
3 49 78 
45 34 81 
61 14 59 
10 88 90 
70 73 62 
73 96 58 
39 72 47 
33 32 12 
13 41 59 
51 11 35 
92 8 11 
76 63 35 
53 70 9 
70 72 76 
36 8 56 
82 94 56 
83 75 29 
66 3 80 
17 98 14 
10 79 94 
19 75 15 
45 25 77 
75 16 31 
43 75 78 
50 9 26 
27 28 70 
84 71 46 
17 96 32 
99 83 77 
84 61 33 
56 39 57 
29 2 73 
9 6 52 
91 16 86 
18 61 53 
34 97 14 
14 37 70 
15 16 11 
51 21 62 
20 36 18 
3 16 30 
39 18 97 
19 50 46 
51 19 33 
3 10 34 
5 73 45 
72 90 96 
95 19 91 
78 60 79 
81 54 75 
99 38 39 
92 14 56 
76 56 73 
72 70 54 
34 69 79 
95 39 85 
99 10 56 
77 6 52 
18 74 10 
93 75 4 
66 33 15 
67 30 80 
15 96 25 
41 20 43 
20 40 59 
94 21 25 
82 48 62 
50 11 18 
94 37 35 
25 69 71 
46 43 28 
65 29 39 
13 56 90 
62 90 55 
48 45 34 
35 90 5 
19 97 68 
45 48 55 
22 87 82 
3 37 75 
27 17 97 
79 28 16 
88 6 1 
79 41 83 
55 75 62 
7 99 50 
83 23 13 
33 67 59 
63 75 54 
30 21 55 
32 23 86 
85 66 69 
14 73 81 
2 44 9 
3 44 59 
64 74 93 
98 80 17 
51 56 21 
53 59 80 
96 57 31 
8 73 29 
16 82 91 
95 2 60 
89 49 51 
64 39 16 
39 2 60 
85 44 2 
81 83 8 
16 46 49 
57 9 76 
83 84 22 
27 90 71 
8 52 29 
34 35 42 
55 50 2 
52 18 46 
30 52 89 
89 12 80 
7 59 21 
16 17 14 
23 49 32 
65 41 24 
60 45 100 
52 23 70 
70 78 86 
33 80 15 
49 24 63 
12 1 58 
74 5 56 
11 68 99 
3 45 78 
71 74 36 
66 37 45 
71 18 67 
86 21 50 
51 45 30 
30 76 54 
12 3 84 
82 63 43 
27 80 98 
13 93 84 
18 39 63 
11 29 24 
98 62 81 
2 14 37 
24 49 7 
29 67 76 
8 52 30 
59 67 45 
25 19 86 
51 65 48 
71 37 90 
96 90 57 
3 38 68 
69 48 7 
11 83 47 
42 17 60 
19 41 21 
36 96 95 
43 56 41 
34 79 20 
83 16 39 
50 79 93 
3 39 8 
89 78 34 
12 93 50 
43 76 41 
22 13 10 
85 34 32 
28 35 23 
42 65 55 
26 29 95 
4 12 61 
91 23 81 
98 23 76 
1 76 39 
100 99 78 
16 1 33 
43 37 50 
86 78 18 
24 38 99 
98 58 29 
98 5 79 
100 34 48 
54 70 85 
64 5 21 
61 29 25 
78 24 40 
20 22 71 
60 23 70 
17 25 65 
38 20 76 
75 20 26 
98 79 58 
94 30 67 
22 59 35 
27 65 97 
68 90 15 
38 77 33 
94 34 32 
90 48 52 
20 29 69 
64 19 44 
96 45 88 
33 13 31 
99 53 32 
88 94 4 
12 67 20 
21 79 86 
75 69 42 
60 54 94 
24 19 51 
21 27 75 
17 39 48 
3 47 22 
84 72 29 
76 50 73 
89 48 25 
54 57 26 
7 49 40 
99 47 56 
6 78 69 
64 20 31 
92 27 88 
30 74 2 
49 79 25 
61 29 100 
67 78 58 
96 23 97 
79 66 11 
26 21 2 
89 44 72 
13 15 88 
92 64 34 
42 53 41 
91 10 57 
29 49 89 
72 80 28 
3 60 82 
99 55 5 
55 60 73 
67 73 38 
71 65 9 
78 94 91 
77 58 27 
95 70 72 
63 2 34 
4 91 65 
25 74 18 
30 24 86 
54 67 13 
99 34 11 
27 32 81 
23 63 95 
55 65 24 
31 32 14 
20 43 98 
62 4 34 
84 64 70 
69 63 78 
8 21 99 
9 46 84 
47 29 77 
85 33 12 
3 62 42 
25 2 91 
45 49 98 
58 64 25 
22 77 89 
8 27 66 
49 53 89 
78 3 96 
17 30 67 
68 44 33 
2 16 72 
44 35 9 
91 31 53 
70 2 92 
24 16 60 
69 1 33 
17 14 44 
85 29 72 
64 27 32 
52 5 8 
10 65 9 
10 87 36 
81 37 66 
94 76 9 
48 10 63 
93 80 37 
12 35 67 
81 93 11 
50 26 24 
41 85 68 
91 82 39 
69 87 91 
18 11 99 
61 53 67 
34 75 60 
100 75 63 
79 36 58 
57 50 58 
79 48 71 
47 77 39 
17 71 81 
75 79 63 
84 67 85 
13 24 61 
65 20 36 
65 3 49 
49 94 29 
32 100 60 
11 48 78 
54 26 66 
48 15 44 
70 80 65 
19 85 63 
56 1 66 
71 43 70 
35 5 43 
89 53 42 
11 72 47 
2 16 94 
41 27 47 
82 81 63 
15 26 66 
23 94 99 
96 85 30 
25 49 38 
70 45 17 
20 24 19 
83 60 84 
45 56 33 
20 11 12 
19 91 96 
81 60 55 
50 52 78 
6 25 94 
38 41 54 
54 95 82 
75 91 92 
86 83 59 
46 4 34 
75 68 4 
6 33 54 
42 26 19 
29 27 49 
60 26 75 
42 38 52 
15 63 61 
92 95 100 
91 66 81 
71 31 90 
71 37 80 
70 89 42 
50 53 15 
22 23 21 
5 36 51 
60 96 77 
64 85 10 
54 94 14 
39 48 52 
79 31 62 
17 60 91 
41 29 60 
49 76 32 
15 76 89 
84 76 32 
84 5 43 
6 36 10 
73 50 45 
3 84 16 
27 89 59 
7 1 75 
61 75 9 
72 74 46 
40 53 44 
39 38 27 
49 45 30 
48 95 100 
82 5 43 
51 12 43 
34 98 67 
10 29 18 
6 85 26 
99 25 44 
58 26 52 
29 47 85 
57 79 91 
76 25 67 
31 18 24 
27 31 68 
62 63 49 
31 12 72 
38 60 87 
81 68 94 
98 80 29 
80 31 41 
55 10 44 
81 20 29 
64 65 10 
95 5 19 
73 92 35 
18 99 3 
73 53 86 
61 4 71 
93 62 39 
2 95 49 
47 56 15 
58 78 59 
48 8 39 
92 54 5 
67 40 82 
11 35 44 
88 38 70 
71 84 76 
31 51 77 
8 69 68 
35 38 6 
87 68 12 
68 4 86 
61 54 63 
19 87 55 
33 91 39 
22 28 67 
6 14 19 
2 84 20 
94 8 36 
41 92 28 
55 88 52 
76 5 77 
53 100 6 
36 43 35 
37 87 19 
66 30 16 
57 26 22 
11 78 70 
39 46 55 
46 75 93 
26 43 54 
54 15 44 
91 46 43 
11 45 52 
29 45 20 
53 94 32 
98 80 42 
36 77 34 
99 30 86 
29 84 97 
25 27 31 
82 72 80 
22 11 33 
74 19 52 
42 8 26 
9 37 68 
7 40 67 
65 64 100 
68 78 43 
8 19 95 
69 17 49 
18 89 67 
52 62 43 
73 65 91 
49 70 34 
49 65 95 
79 13 68 
34 65 58 
99 88 69 
88 70 1 
3 41 88 
54 49 65 
88 17 66 
9 44 55 
61 54 64 
99 13 83 
93 71 68 
3 66 53 
61 29 12 
43 77 98 
22 85 66 
2 55 98 
44 43 38 
21 2 6 
76 5 64 
2 26 34 
54 13 43 
57 41 6 
48 72 75 
45 51 91 
42 33 96 
70 97 1 
53 70 36 
20 89 64 
48 87 54 
55 83 5 
93 1 68 
76 91 42 
50 97 77 
9 29 34 
67 85 30 
70 9 46 
15 58 87 
31 27 18 
73 2 50 
8 85 7 
20 8 51 
14 89 65 
91 6 57 
96 21 57 
20 37 55 
62 18 38 
51 66 61 
80 54 14 
35 97 27 
53 26 31 
64 20 12 
76 95 42 
13 1 49 
83 33 71 
15 53 90 
97 36 81 
9 96 34 
25 33 66 
88 53 93 
31 92 93 
50 2 16 
42 33 77 
93 24 13 
88 33 21 
78 96 58 
24 100 67 
22 61 81 
86 58 23 
94 26 65 
48 92 49 
89 13 46 
65 45 41 
34 4 20 
98 81 83 
98 56 42 
44 70 51 
51 57 42 
88 15 90 
1 81 45 
19 98 2 
81 95 76 
93 24 2 
51 57 9 
27 55 80 
93 77 17 
51 1 41 
8 63 61 
93 78 27 
92 90 88 
55 93 86 
88 22 65 
13 15 27 
3 100 4 
48 87 23 
97 5 89 
71 24 10 
58 94 53 
31 15 47 
10 27 33 
54 13 28 
26 10 55 
1 33 10 
42 36 49 
65 69 72 
88 43 32 
56 54 5 
33 97 73 
55 29 37 
21 70 76 
59 62 1 
94 16 40 
14 66 77 
62 80 12 
22 17 59 
82 83 81 
25 9 32 
30 78 29 
43 73 14 
87 60 30 
62 27 25 
19 3 10 
53 29 17 
47 93 33 
81 70 24 
22 50 60 
22 9 29 
100 69 3 
90 7 58 
47 61 28 
58 45 15 
100 79 75 
69 26 49 
33 52 17 
36 43 85 
56 78 14 
41 80 75 
80 34 42 
88 29 12 
17 87 46 
64 47 67 
21 4 86 
36 76 55 
6 47 48 
69 24 80 
90 84 51 
11 57 48 
39 12 45 
85 37 19 
71 20 70 
61 5 75 
11 44 48 
76 45 81 
27 84 6 
42 2 33 
79 69 84 
75 28 95 
89 81 57 
100 29 77 
71 63 29 
29 46 89 
49 9 57 
22 42 74 
97 46 31 
14 45 68 
75 22 99 
73 61 38 
71 92 69 
89 81 48 
12 54 46 
63 90 39 
79 14 12 
77 47 60 
23 55 92 
38 76 27 
80 44 40 
70 32 24 
29 98 94 
14 45 37 
54 69 72 
49 72 34 
46 24 29 
22 16 15 
76 29 19 
26 81 76 
14 52 7 
7 66 17 
39 68 69 
51 75 56 
30 24 31 
34 24 18 
97 87 85 
99 89 37 
61 43 71 
50 4 10 
99 86 44 
82 80 25 
64 2 28 
94 13 24 
85 65 78 
29 2 38 
1 73 35 
39 80 15 
24 13 52 
18 15 73 
78 18 99 
21 10 65 
8 45 44 
11 67 52 
62 15 27 
16 45 58 
95 22 98 
22 92 46 
5 17 57 
96 14 68 
92 3 90 
34 72 3 
23 14 58 
2 92 33 
71 33 69 
22 24 1 
8 82 12 
11 73 39 
25 97 79 
95 89 9 
43 11 73 
63 36 83 
90 43 58 
84 94 21 
37 89 55 
29 49 8 
5 26 34 
95 88 59 
15 30 81 
36 56 28 
30 73 83 
24 99 96 
33 61 31 
54 28 39 
19 85 98 
80 17 100 
7 4 85 
48 79 24 
74 98 6 
90 29 83 
29 73 84 
17 88 86 
36 54 45 
26 53 90 
81 57 87 
78 32 20 
41 25 76 
66 90 40 
37 31 14 
88 30 28 
64 33 4 
97 31 48 
56 23 100 
43 45 22 
37 84 96 
41 69 72 
78 37 5 
85 35 72 
90 61 76 
18 14 36 
86 17 46 
24 74 22 
35 76 39 
15 22 76 
43 26 57 
48 19 41 
78 46 15 
22 55 28 
36 71 53 
6 28 48 
91 21 54 
50 1 33 
40 41 98 
86 49 54 
8 63 77 
43 1 6 
36 45 100 
5 82 33 
84 69 29 
8 27 87 
90 83 81 
87 9 23 
15 17 70 
87 71 26 
62 61 63 
94 3 98 
59 63 55 
78 1 46 
7 39 88 
90 34 77 
32 60 12 
15 72 51 
10 73 16 
58 98 68 
42 49 12 
94 97 77 
39 28 95 
44 93 90 
40 95 80 
74 82 42 
90 47 32 
60 80 61 
92 21 56 
11 68 63 
53 96 69 
21 73 26 
2 19 28 
15 48 8 
52 17 79 
89 53 38 
12 85 58 
3 46 21 
89 21 43 
33 27 24 
6 16 2 
68 31 38 
68 27 23 
6 96 50 
16 20 57 
21 90 4 
2 98 33 
59 34 81 
36 19 43 
35 60 11 
53 18 70 
83 93 50 
63 89 70 
21 55 31 
59 80 97 
18 36 70 
12 15 20 
16 58 77 
17 68 50 
1 55 99 
45 60 8 
21 2 78 
20 23 27 
19 60 14 
6 59 77 
68 21 91 
7 97 35 
50 9 38 
41 24 93 
25 24 29 
45 95 30 
95 20 17 
6 100 85 
43 10 62 
56 77 80 
8 78 85 
17 41 12 
86 4 55 
11 28 72 
71 19 15 
4 67 19 
80 87 99 
52 18 95 
52 54 23 
68 74 59 
12 32 61 
33 44 63 
18 42 5 
55 42 3 
11 10 39 
25 68 60 
1 48 49 
73 51 21 
25 84 1 
16 99 80 
32 85 67 
58 53 14 
26 45 38 
83 2 40 
92 67 37 
94 76 96 
34 21 73 
51 94 59 
19 69 64 
70 20 31 
71 39 23 
17 26 87 
61 24 17 
57 41 40 
19 100 82 
40 62 4 
22 52 43 
38 8 79 
55 39 15 
56 35 53 
50 40 56 
82 84 99 
54 41 9 
47 4 10 
11 24 63 
15 68 4 
63 38 66 
85 3 46 
83 93 56 
39 1 35 
11 16 4 
99 15 33 
50 75 59 
88 72 65 
16 48 86 
70 92 72 
5 31 65 
46 20 93 
92 8 97 
33 12 92 
30 69 65 
74 95 31 
97 44 38 
58 92 83 
50 81 56 
26 25 28 
89 33 40 
88 71 37 
97 53 84 
91 51 100 
81 11 39 
91 74 85 
53 61 10 
91 64 36 
56 41 70 
82 79 70 
28 82 10 
70 11 40 
47 5 73 
66 84 81 
60 37 65 
83 80 93 
36 71 88 
75 91 27 
44 93 3 
62 20 7 
73 56 96 
68 82 6 
52 49 54 
53 73 84 
9 10 2 
91 81 10 
54 1 95 
20 45 69 
46 27 14 
84 36 47 
38 76 60 
23 97 43 
90 76 83 
85 17 31 
21 33 14 
42 51 58 
1 17 11 
18 43 55 
81 18 87 
59 35 84 
2 86 91 
89 1 51 
27 100 11 
16 21 40 
49 14 46 
15 71 84 
91 89 6 
42 88 55 
28 22 14 
55 66 79 
7 48 16 
7 61 81 
27 91 8 
7 10 96 
24 60 86 
96 38 56 
1 40 94 
38 60 36 
55 67 34 
5 91 37 
86 5 89 
23 9 58 
15 37 40 
42 93 27 
49 24 99 
83 25 76 
40 5 61 
73 3 55 
93 80 59 
8 61 45 
85 100 1 
47 54 51 
12 74 60 
15 93 34 
97 89 67 
4 78 69 
4 15 14 
65 13 78 
84 19 49 
78 21 53 
7 65 55 
11 14 12 
70 46 66 
33 74 13 
18 79 93 
24 5 44 
71 92 18 
16 62 93 
19 35 68 
98 35 84 
79 24 15 
85 28 78 
16 25 11 
58 32 22 
59 53 13 
1 79 41 
14 84 78 
37 8 30 
51 31 34 
58 24 78 
47 87 44 
56 17 76 
44 7 32 
34 25 31 
99 57 2 
79 58 60 
60 72 93 
64 83 26 
40 17 43 
28 27 43 
60 87 80 
54 40 21 
14 2 49 
3 24 63 
2 10 19 
80 11 54 
93 31 76 
38 47 20 
25 22 55 
99 64 48 
12 52 40 
13 43 39 
66 82 7 
48 45 68 
43 92 96 
84 55 33 
17 79 36 
76 35 36 
74 53 49 
91 52 5 
42 64 91 
96 8 66 
44 85 96 
50 89 67 
14 42 44 
40 88 57 
28 4 18 
65 31 50 
69 18 8 
55 80 86 
69 91 62 
65 26 34 
36 12 41 
58 75 29 
59 44 1 
82 9 57 
31 47 86 
5 99 97 
13 11 68 
81 14 39 
46 16 37 
35 56 51 
42 24 87 
53 8 7 
10 44 22 
69 3 73 
6 56 48 
22 100 83 
43 3 79 
93 65 28 
20 48 69 
28 53 44 
87 60 27 
32 41 10 
96 84 30 
47 15 63 
95 14 25 
16 88 83 
78 43 7 
33 98 26 
81 15 74 
79 26 23 
84 72 18 
42 35 25 
4 50 80 
98 19 55 
78 50 11 
59 82 67 
79 58 25 
93 72 75 
88 89 61 
48 24 41 
2 39 20 
72 56 37 
81 70 5 
46 39 24 
74 53 40 
39 95 19 
66 74 100 
14 41 59 
73 77 33 
49 58 87 
76 36 32 
22 83 81 
88 50 69 
35 63 96 
7 44 78 
80 94 12 
14 84 27 
22 50 97 
9 30 46 
58 49 52 
20 3 15 
100 2 51 
39 66 53 
32 44 70 
16 95 83 
56 13 12 
89 81 9 
43 52 40 
72 48 86 
96 41 83 
73 60 7 
100 72 74 
30 37 55 
14 5 98 
75 19 26 
17 41 64 
79 23 16 
79 8 21 
37 7 10 
25 58 96 
25 49 12 
58 50 9 
30 8 78 
72 16 1 
51 46 7 
3 100 64 
12 17 4 
79 51 81 
53 65 94 
85 93 87 
5 16 81 
22 15 28 
61 74 7 
83 8 37 
13 14 70 
48 23 70 
17 16 58 
52 78 69 
100 5 93 
83 65 63 
33 60 15 
66 78 37 
39 50 22 
70 16 73 
100 95 98 
60 88 52 
68 91 55 
59 38 68 
24 22 80 
40 71 87 
48 55 99 
90 83 46 
87 20 73 
60 99 68 
42 15 41 
52 2 94 
63 41 30 
54 16 4 
60 36 76 
20 84 83 
42 37 28 
74 87 49 
55 63 16 
72 25 57 
2 61 38 
55 39 9 
11 89 88 
60 58 4 
54 76 20 
90 8 42 
1 38 57 
12 82 32 
75 28 13 
77 11 86 
6 56 36 
41 43 36 
100 75 26 
36 79 12 
36 95 50 
97 70 87 
68 29 91 
30 31 64 
63 44 3 
73 51 62 
46 72 22 
16 34 65 
21 32 25 
30 79 82 
79 27 56 
3 90 4 
43 96 20 
74 27 51 
63 2 18 
48 12 99 
99 44 35 
25 39 17 
7 53 40 
73 20 74 
92 85 14 
76 23 1 
72 84 76 
69 2 22 
40 72 9 
81 61 40 
24 21 91 
53 24 32 
94 97 4 
58 97 67 
37 7 36 
26 31 64 
44 77 16 
21 62 40 
27 87 95 
66 37 15 
35 59 86 
91 28 88 
85 48 4 
42 53 78 
50 37 72 
100 5 96 
35 38 33 
96 68 21 
75 68 10 
84 52 43 
81 80 93 
5 18 70 
48 76 46 
38 96 2 
72 68 86 
65 27 28 
26 96 31 
29 21 78 
27 85 1 
65 15 34 
43 89 67 
42 41 93 
20 37 90 
25 35 46 
44 36 39 
4 50 100 
66 48 3 
28 56 73 
78 99 59 
53 62 35 
73 60 64 
76 35 99 
16 55 12 
96 61 12 
1 49 30 
7 58 17 
83 26 9 
18 63 81 
48 16 27 
66 93 81 
53 13 14 
63 37 22 
23 30 50 
90 93 24 
58 69 87 
30 96 37 
98 39 29 
19 74 34 
39 98 63 
22 62 84 
43 18 16 
16 48 6 
70 5 19 
44 37 73 
50 20 25 
14 45 36 
57 33 19 
62 40 80 
4 75 78 
80 40 9 
81 3 26 
7 84 3 
57 89 92 
26 52 11 
26 56 48 
61 20 25 
40 30 3 
1 47 44 
49 72 94 
34 28 38 
91 5 63 
89 98 40 
85 71 80 
53 26 100 
69 13 3 
87 84 94 
62 86 69 
91 87 83 
93 27 77 
18 41 67 
51 21 33 
5 15 88 
79 63 20 
67 34 8 
22 46 23 
35 1 61 
72 57 32 
89 81 32 
44 22 31 
26 84 78 
55 47 95 
35 81 58 
43 16 10 
33 84 37 
67 86 52 
48 40 81 
5 32 22 
25 2 100 
42 8 61 
12 63 95 
12 16 15 
96 57 33 
97 86 57 
41 49 60 
49 44 87 
95 4 2 
1 90 68 
85 44 18 
8 87 97 
49 56 44 
49 86 64 
61 98 36 
50 77 75 
10 90 11 
46 61 44 
65 69 39 
90 93 48 
56 70 51 
90 86 14 
24 79 35 
66 68 38 
66 20 43 
50 35 88 
10 94 59 
43 81 17 
42 39 77 
13 71 43 
54 16 57 
66 99 71 
46 26 2 
54 5 71 
29 80 82 
100 73 49 
29 77 15 
52 39 49 
79 22 96 
78 15 71 
71 65 41 
7 3 100 
39 41 24 
95 27 10 
65 42 9 
84 85 54 
24 22 32 
82 10 44 
5 73 100 
35 72 12 
91 2 50 
20 13 58 
73 18 98 
91 87 68 
19 53 40 
62 1 9 
20 45 30 
30 49 85 
91 27 58 
26 94 44 
20 10 73 
71 54 99 
28 57 61 
86 55 33 
60 8 89 
9 32 21 
8 57 53 
2 46 9 
74 6 82 
74 38 56 
94 41 77 
56 93 14 
97 48 40 
78 48 25 
89 48 44 
80 72 99 
21 72 95 
81 69 29 
10 11 2 
30 92 42 
86 56 93 
15 21 62 
40 98 65 
68 40 31 
58 37 27 
79 62 27 
17 79 43 
1 14 45 
47 17 6 
40 38 95 
9 86 69 
3 85 20 
62 1 66 
93 19 17 
32 72 21 
51 30 24 
19 39 28 
83 66 58 
80 46 9 
10 50 73 
15 11 82 
74 54 20 
33 88 83 
7 4 9 
38 89 85 
25 90 4 
91 48 30 
86 4 81 
27 38 36 
83 73 95 
17 23 62 
94 67 74 
44 76 39 
17 56 33 
64 39 29 
1 27 87 
35 38 30 
47 76 94 
9 11 38 
13 42 51 
53 81 2 
73 63 18 
14 78 66 
66 24 46 
80 76 36 
73 3 59 
66 46 33 
33 59 27 
18 49 17 
46 22 38 
88 3 15 
95 18 26 
73 14 77 
75 82 31 
19 55 96 
15 64 4 
34 87 46 
70 82 68 
70 99 63 
27 87 92 
90 96 94 
63 68 87 
54 78 21 
78 97 17 
95 89 86 
63 6 30 
10 35 33 
8 90 11 
56 88 4 
78 83 62 
80 94 52 
5 42 7 
65 35 100 
63 58 85 
82 48 50 
88 68 4 
85 69 89 
1 65 18 
97 58 26 
47 36 73 
6 20 70 
18 75 1 
66 91 26 
36 97 13 
5 24 4 
98 58 56 
49 95 52 
26 64 79 
78 74 36 
100 67 78 
47 24 76 
10 84 21 
80 84 67 
65 2 90 
20 95 39 
81 47 68 
91 87 36 
77 53 56 
88 26 28 
95 61 58 
57 6 34 
21 53 50 
54 4 34 
66 32 89 
51 43 31 
86 93 35 
68 72 78 
89 84 15 
41 29 53 
58 62 27 
10 64 7 
68 77 29 
100 39 12 
4 26 56 
100 72 57 
35 18 73 
38 83 91 
53 5 11 
31 93 34 
51 55 74 
25 97 23 
62 66 58 
10 36 46 
50 8 1 
15 98 75 
50 81 90 
44 31 27 
41 67 84 
84 66 93 
58 70 57 
79 73 19 
38 46 98 
9 30 71 
34 17 6 
88 14 17 
59 23 47 
59 47 35 
26 3 90 
10 46 67 
85 29 36 
73 1 80 
17 59 29 
16 55 10 
24 61 39 
87 16 23 
84 66 15 
64 41 44 
23 45 44 
54 39 43 
90 51 35 
99 46 27 
77 1 81 
3 46 23 
93 75 30 
74 42 3 
68 96 64 
62 99 77 
40 35 8 
54 83 2 
52 59 99 
27 59 19 
7 68 84 
2 70 58 
98 80 21 
22 45 66 
33 25 90 
62 78 43 
20 10 42 
33 86 15 
55 69 6 
39 86 27 
12 60 7 
93 25 71 
76 96 4 
8 41 26 
13 38 23 
22 18 55 
26 68 81 
56 9 62 
63 12 36 
80 6 83 
94 20 79 
65 62 75 
76 66 28 
76 10 71 
18 92 11 
93 54 72 
9 13 50 
16 44 19 
91 14 54 
37 32 27 
73 95 99 
31 57 56 
53 49 70 
24 32 19 
69 73 58 
53 7 13 
60 64 34 
37 79 49 
63 96 74 
90 15 49 
76 39 87 
85 39 20 
61 78 66 
33 56 60 
3 66 70 
79 99 22 
27 96 5 
71 3 98 
60 49 57 
27 31 69 
15 7 99 
38 18 87 
29 61 87 
19 79 45 
34 84 33 
24 3 25 
10 25 19 
44 64 59 
39 31 92 
4 2 100 
37 44 66 
74 8 96 
46 81 29 
17 56 98 
44 2 97 
7 1 14 
20 26 44 
75 74 70 
97 50 42 
58 40 88 
32 95 46 
45 92 78 
61 34 58 
64 19 78 
38 51 90 
95 14 69 
83 94 4 
61 57 19 
11 9 25 
77 62 1 
77 81 40 
2 44 10 
51 49 36 
68 30 33 
74 48 41 
16 39 40 
71 27 23 
17 42 7 
47 26 50 
41 24 62 
1 98 34 
37 4 9 
99 27 2 
42 68 75 
94 64 70 
62 78 25 
59 78 68 
63 26 100 
43 66 71 
63 69 22 
41 50 49 
85 8 46 
65 91 60 
43 81 7 
62 76 80 
23 72 88 
39 91 41 
11 51 100 
57 82 99 
13 84 26 
1 10 45 
53 64 73 
88 75 21 
49 27 93 
80 57 28 
20 94 44 
35 48 66 
70 16 7 
65 67 2 
95 59 84 
55 75 88 
91 43 57 
14 21 62 
44 90 89 
85 81 73 
82 56 60 
10 12 56 
13 3 18 
65 17 35 
45 5 19 
90 68 100 
34 2 15 
50 44 75 
29 86 14 
66 5 39 
19 6 74 
78 6 74 
81 100 46 
100 37 75 
58 13 49 
43 94 100 
31 5 23 
81 13 71 
51 45 81 
59 12 70 
15 45 38 
99 9 84 
67 100 58 
64 66 19 
60 22 68 
58 26 47 
31 94 81 
67 73 6 
88 37 24 
92 57 62 
84 94 5 
11 36 75 
100 88 96 
82 25 42 
26 22 6 
4 80 10 
11 64 87 
19 68 88 
21 19 5 
98 7 46 
84 25 75 
67 27 5 
94 20 35 
100 42 23 
68 89 60 
92 35 54 
63 66 35 
30 38 48 
51 42 68 
52 69 15 
71 83 81 
4 1 51 
84 2 44 
82 47 54 
48 82 72 
59 42 19 
78 62 77 
79 97 23 
21 43 98 
59 18 83 
77 57 3 
51 13 43 
77 64 7 
52 88 23 
27 51 1 
88 68 75 
79 53 60 
53 79 50 
19 29 50 
10 56 91 
50 63 25 
98 58 99 
85 31 16 
33 5 27 
77 55 62 
2 77 21 
19 33 16 
23 48 97 
15 82 70 
96 97 45 
56 11 16 
37 5 86 
33 18 60 
44 39 8 
47 88 46 
70 98 59 
51 44 30 
95 91 93 
38 53 22 
78 72 22 
65 36 23 
89 60 74 
34 32 12 
7 2 15 
49 28 83 
20 3 18 
76 77 17 
30 12 89 
63 74 5 
99 1 32 
34 8 93 
45 8 28 
76 57 82 
95 71 23 
64 1 21 
48 25 57 
85 31 82 
45 30 77 
39 72 85 
100 47 50 
79 65 46 
46 26 5 
10 3 25 
17 19 30 
54 38 2 
15 85 12 
9 50 41 
67 18 80 
90 50 58 
81 18 33 
3 33 95 
51 30 25 
46 6 53 
56 4 93 
94 68 52 
64 20 26 
85 75 69 
39 37 12 
28 10 19 
55 11 37 
89 76 33 
39 33 22 
91 16 100 
58 45 1 
65 51 6 
95 26 1 
84 75 43 
82 81 78 
43 26 15 
22 28 37 
55 44 29 
22 87 50 
45 76 46 
97 66 23 
8 99 5 
80 66 92 
41 39 60 
22 41 15 
81 30 7 
24 97 15 
43 80 66 
36 38 30 
37 96 77 
22 28 79 
63 32 39 
73 74 75 
98 40 44 
41 57 56 
72 13 59 
79 5 23 
29 38 78 
92 60 18 
70 47 74 
95 9 13 
46 3 42 
13 66 83 
5 23 27 
18 91 96 
89 24 82 
59 41 9 
14 48 73 
59 69 44 
54 28 85 
54 26 22 
45 21 6 
86 54 29 
51 85 7 
7 49 19 
54 7 61 
50 79 1 
92 15 58 
24 86 2 
86 52 8 
17 67 13 
84 69 33 
10 24 14 
88 37 90 
66 6 35 
70 66 1 
69 41 13 
8 12 27 
20 70 59 
57 27 69 
25 74 78 
98 49 56 
68 38 41 
83 70 71 
40 19 7 
77 12 67 
56 11 7 
76 19 8 
44 50 31 
37 98 88 
67 100 18 
76 69 87 
39 45 13 
54 57 32 
65 31 69 
82 68 100 
60 50 3 
89 41 51 
28 36 58 
30 77 31 
33 89 57 
20 44 2 
19 3 15 
10 77 25 
100 34 99 
88 23 6 
45 62 24 
32 40 66 
99 26 45 
27 72 45 
51 32 18 
66 73 85 
68 38 37 
66 82 75 
25 1 28 
65 13 91 
60 68 40 
18 23 31 
27 28 20 
40 16 26 
38 81 57 
39 83 64 
94 77 20 
20 80 82 
48 79 74 
61 89 38 
68 5 32 
57 84 97 
1 41 94 
31 8 100 
18 16 22 
99 52 50 
78 87 13 
32 62 60 
25 64 76 
39 30 53 
40 63 60 
18 22 19 
63 24 37 
43 45 88 
46 39 77 
44 31 95 
88 25 78 
97 8 91 
47 20 21 
48 36 29 
3 16 56 
27 29 11 
29 67 60 
5 74 35 
54 43 66 
3 12 7 
42 62 15 
25 43 28 
32 30 59 
24 13 55 
52 51 28 
34 100 62 
31 36 98 
65 56 86 
65 78 3 
96 64 34 
28 21 10 
81 35 61 
50 21 9 
39 23 56 
77 54 65 
13 78 1 
87 57 24 
17 11 55 
77 7 84 
99 55 63 
98 79 21 
64 40 43 
71 81 89 
26 11 19 
83 49 77 
3 62 41 
57 63 36 
76 40 64 
59 34 55 
43 45 37 
88 3 79 
38 58 57 
21 29 72 
20 4 29 
21 23 69 
3 4 1 
76 54 65 
95 32 89 
4 55 60 
15 33 54 
87 12 62 
79 13 25 
99 87 42 
84 74 53 
43 77 69 
11 92 37 
57 56 63 
42 71 5 
51 50 37 
53 4 17 
10 30 33 
60 27 47 
78 40 48 
58 39 15 
6 38 54 
81 83 65 
87 8 25 
1 28 70 
62 29 37 
15 98 72 
83 85 13 
31 22 25 
98 3 49 
49 19 95 
100 31 77 
22 12 9 
71 32 21 
26 76 85 
49 69 94 
84 14 58 
90 74 62 
98 56 80 
26 28 9 
2 52 41 
66 36 89 
90 17 86 
7 51 29 
31 77 37 
31 11 55 
30 1 20 
54 45 63 
96 62 52 
81 37 96 
70 18 1 
17 66 3 
66 68 30 
78 76 25 
12 18 5 
70 68 32 
27 50 51 
62 27 12 
5 80 71 
21 4 97 
35 22 92 
13 11 100 
92 5 98 
58 18 81 
45 82 96 
8 93 96 
14 65 88 
54 82 74 
2 53 47 
69 99 29 
13 35 85 
47 98 62 
65 27 20 
82 55 59 
11 69 88 
26 38 63 
16 25 64 
83 92 27 
72 82 47 
27 98 73 
98 61 75 
37 20 79 
27 24 55 
73 61 9 
52 69 76 
96 89 91 
19 79 52 
16 46 21 
70 28 38 
62 67 35 
31 52 9 
83 62 65 
34 41 82 
9 72 51 
1 74 67 
81 25 21 
32 96 49 
91 56 27 
86 29 57 
67 44 48 
20 22 13 
77 92 11 
24 1 74 
77 48 64 
80 3 97 
28 61 48 
52 47 17 
81 23 27 
71 48 64 
7 51 28 
68 41 78 
48 96 8 
9 80 85 
53 64 84 
32 77 1 
15 74 17 
91 14 53 
68 20 46 
71 8 38 
53 99 70 
34 52 97 
24 52 56 
46 6 92 
32 64 81 
9 23 99 
68 34 2 
15 70 49 
96 67 57 
14 73 69 
62 48 61 
28 25 41 
34 86 25 
99 10 26 
44 97 78 
83 63 64 
5 55 21 
53 57 47 
10 47 33 
37 77 30 
88 35 43 
65 68 61 
99 62 11 
22 46 5 
45 27 61 
92 8 66 
92 42 65 
56 51 68 
28 49 59 
63 41 23 
81 19 14 
49 70 35 
5 30 11 
58 28 17 
39 76 90 
66 41 2 
55 7 58 
80 28 76 
18 16 12 
33 97 5 
5 24 42 
8 48 78 
41 85 64 
76 92 74 
78 56 70 
14 95 53 
72 6 20 
63 36 16 
33 75 90 
91 76 84 
75 71 18 
17 18 43 
13 33 89 
33 68 66 
9 51 97 
7 41 85 
32 36 68 
83 65 43 
5 65 24 
99 55 57 
11 23 48 
9 19 50 
69 28 98 
46 8 96 
56 11 89 
5 83 58 
17 97 5 
19 70 84 
95 91 40 
28 26 41 
10 14 63 
82 87 63 
66 43 7 
72 98 92 
34 9 77 
83 69 5 
23 46 9 
48 21 88 
18 62 60 
67 42 74 
82 83 71 
78 73 69 
61 27 67 
62 35 27 
72 15 70 
42 6 26 
23 18 100 
30 36 71 
60 73 72 
96 64 42 
22 94 84 
11 29 28 
89 20 75 
40 11 12 
12 36 64 
8 41 64 
35 91 43 
22 8 51 
83 100 88 
5 9 38 
73 90 97 
62 6 37 
62 65 42 
97 50 21 
34 68 54 
26 56 32 
89 15 51 
44 87 27 
32 84 34 
43 95 74 
20 99 77 
9 43 40 
40 27 11 
62 67 20 
68 80 24 
33 54 80 
76 51 68 
66 91 44 
7 24 43 
38 76 13 
98 77 30 
1 45 30 
8 94 44 
68 24 1 
24 75 88 
92 65 30 
80 84 54 
2 29 10 
63 81 85 
78 54 1 
97 89 75 
100 27 34 
68 19 30 
58 81 10 
15 81 55 
15 4 55 
5 34 75 
85 93 39 
84 15 41 
72 28 17 
40 97 6 
77 8 67 
87 20 24 
72 57 2 
57 3 26 
44 73 10 
84 38 53 
43 19 47 
21 92 32 
53 95 45 
67 25 29 
57 94 84 
86 63 45 
24 98 69 
100 99 6 
30 60 86 
13 49 29 
59 43 4 
54 33 14 
70 99 7 
62 17 30 
15 59 24 
78 71 84 
23 81 79 
90 16 86 
11 96 41 
19 65 55 
13 40 44 
80 29 81 
29 26 47 
41 78 63 
76 8 16 
23 15 90 
100 3 36 
5 41 78 
97 22 64 
100 10 69 
100 40 96 
29 90 4 
22 40 89 
95 60 41 
26 20 36 
18 35 95 
47 6 13 
14 77 33 
16 23 20 
31 100 16 
60 53 40 
67 25 9 
22 36 23 
13 23 26 
40 20 49 
68 40 10 
27 70 62 
96 61 58 
79 96 8 
32 43 16 
50 19 56 
73 99 49 
68 82 38 
16 75 51 
76 96 63 
2 6 96 
83 78 47 
79 61 71 
46 56 79 
44 96 9 
78 97 72 
51 94 58 
80 24 60 
87 11 10 
18 32 53 
97 40 99 
30 86 98 
64 21 12 
32 86 27 
37 30 25 
2 35 75 
2 32 99 
62 9 38 
72 21 74 
52 42 85 
17 37 54 
69 86 24 
39 52 25 
3 81 93 
77 47 67 
70 8 66 
50 56 49 
16 54 50 
52 86 72 
83 74 2 
14 51 96 
6 43 46 
75 100 87 
69 30 73 
59 71 12 
89 22 35 
78 25 47 
79 67 10 
44 14 56 
93 38 77 
31 38 25 
25 24 44 
57 100 8 
34 47 84 
18 60 24 
61 11 67 
55 24 83 
5 44 11 
26 93 52 
52 6 56 
100 97 14 
14 75 6 
93 57 15 
75 23 19 
15 17 20 
40 19 52 
100 60 71 
64 4 90 
21 97 37 
13 98 69 
69 70 75 
45 56 43 
78 95 58 
31 10 52 
68 85 8 
3 39 17 
61 24 62 
99 29 42 
78 36 46 
80 26 59 
98 85 36 
63 94 88 
16 62 55 
84 87 34 
84 67 46 
67 46 16 
74 30 47 
80 68 87 
7 82 10 
10 85 8 
51 48 47 
56 18 29 
59 66 46 
95 71 43 
68 88 80 
8 24 65 
53 66 61 
73 62 39 
80 58 49 
47 38 50 
59 42 89 
96 52 31 
94 39 29 
81 56 61 
29 99 97 
59 43 39 
43 12 4 
63 12 98 
76 75 41 
36 83 79 
23 73 68 
45 95 16 
93 22 16 
6 37 69 
23 13 52 
53 72 52 
100 17 96 
64 46 26 
67 1 85 
15 61 97 
35 19 41 
78 83 75 
88 89 29 
87 59 54 
87 55 72 
95 92 84 
55 100 61 
74 42 13 
79 87 31 
13 80 3 
61 26 29 
80 76 78 
41 39 43 
17 27 43 
67 75 7 
14 8 25 
61 59 57 
51 66 18 
88 67 40 
41 69 61 
49 61 92 
31 45 49 
76 45 84 
59 28 50 
27 8 25 
57 40 11 
66 24 41 
68 43 27 
31 81 97 
63 88 12 
91 19 87 
66 19 43 
74 46 32 
30 18 47 
56 98 71 
93 97 96 
34 82 89 
98 60 80 
91 85 53 
94 69 27 
41 58 72 
50 46 76 
24 98 15 
25 21 55 
46 7 53 
33 32 8 
10 35 71 
74 3 98 
58 40 42 
94 32 42 
7 60 45 
78 50 40 
45 81 36 
76 63 3 
26 6 28 
67 41 44 
73 80 18 
73 60 96 
2 16 26 
49 62 29 
12 43 75 
32 3 45 
19 22 76 
86 19 58 
82 28 83 
98 85 65 
93 29 6 
40 68 100 
32 1 47 
15 39 8 
62 15 89 
29 25 73 
89 90 26 
53 19 28 
70 80 35 
53 83 52 
37 32 26 
33 14 61 
93 63 98 
55 50 100 
78 33 36 
64 81 89 
61 80 15 
61 22 63 
88 77 56 
2 100 20 
8 65 77 
89 30 23 
24 32 78 
50 12 63 
48 69 60 
3 69 65 
19 90 99 
18 73 83 
44 46 80 
21 81 60 
47 73 9 
73 4 51 
3 91 73 
8 23 3 
93 25 76 
93 11 4 
86 44 79 
88 45 70 
1 27 56 
58 65 32 
81 7 95 
34 8 35 
55 69 5 
64 43 67 
17 62 73 
15 90 7 
6 24 88 
37 21 79 
20 66 59 
34 43 90 
5 71 76 
33 43 48 
88 89 86 
78 64 91 
17 91 68 
23 62 87 
100 50 24 
85 73 7 
7 96 50 
65 90 47 
50 38 57 
74 25 41 
55 6 43 
6 2 54 
20 70 52 
73 77 69 
57 65 39 
95 7 5 
6 2 46 
5 39 74 
51 44 46 
29 70 52 
67 42 47 
71 8 86 
72 97 38 
98 57 43 
35 30 84 
85 73 63 
66 8 37 
32 10 59 
90 20 85 
43 27 6 
29 96 3 
90 48 24 
65 41 2 
91 23 86 
92 12 88 
61 5 1 
22 77 78 
92 98 70 
2 37 85 
71 19 90 
31 12 1 
50 67 63 
86 65 81 
60 94 39 
28 12 38 
78 74 1 
61 80 10 
27 34 46 
54 95 3 
38 12 52 
98 28 43 
27 45 29 
24 98 73 
3 23 68 
74 87 25 
55 6 49 
45 95 31 
64 27 23 
15 77 75 
15 40 63 
73 95 77 
68 24 48 
22 20 51 
27 58 24 
28 31 81 
57 66 26 
98 42 86 
72 99 69 
75 74 79 
64 25 34 
70 3 98 
94 26 17 
50 34 29 
96 39 56 
72 81 78 
99 30 6 
23 49 74 
77 99 14 
87 100 22 
35 19 56 
11 81 86 
57 100 46 
64 88 31 
56 8 21 
51 4 68 
30 29 23 
48 28 93 
16 29 33 
89 52 2 
2 3 93 
18 49 4 
67 90 70 
55 95 79 
22 79 50 
28 72 40 
83 58 67 
22 24 6 
72 39 58 
25 68 55 
2 75 63 
3 38 99 
4 9 53 
7 83 52 
51 81 44 
18 20 40 
35 47 66 
26 74 1 
8 85 5 
33 47 3 
48 35 38 
72 74 62 
88 53 78 
53 1 18 
79 68 99 
43 11 19 
25 80 28 
5 54 45 
92 9 61 
16 49 69 
48 70 84 
82 99 98 
17 65 55 
50 74 73 
36 100 55 
45 64 71 
8 28 34 
61 20 65 
72 27 19 
44 1 97 
80 50 44 
54 5 44 
3 44 89 
4 60 40 
97 44 9 
39 40 89 
81 10 68 
33 4 35 
27 61 37 
14 53 37 
59 44 36 
9 80 3 
48 61 37 
32 61 99 
37 11 4 
66 34 41 
44 19 57 
48 6 54 
31 81 82 
21 10 41 
52 87 18 
96 64 30 
44 60 13 
95 86 42 
46 23 30 
26 57 48 
53 87 99 
88 58 78 
51 30 48 
61 60 26 
91 60 27 
49 10 61 
55 54 14 
83 93 6 
81 9 21 
35 65 63 
61 85 25 
41 45 80 
76 56 74 
41 26 81 
46 93 1 
89 12 48 
56 44 76 
76 59 84 
5 14 76 
39 53 32 
11 30 70 
85 94 55 
40 31 43 
51 95 13 
78 28 91 
60 53 98 
29 49 34 
52 58 53 
58 31 44 
25 92 37 
72 86 6 
55 46 33 
40 78 66 
21 80 82 
12 50 42 
31 33 63 
34 2 13 
97 98 95 
15 34 36 
51 78 68 
18 3 59 
65 90 37 
52 89 87 
75 7 39 
4 14 31 
4 26 48 
19 71 46 
53 66 94 
44 40 8 
100 96 82 
59 27 69 
57 88 5 
13 19 20 
38 9 17 
43 15 47 
20 25 45 
62 29 100 
80 84 16 
63 90 2 
17 18 53 
11 15 45 
95 1 19 
44 23 93 
37 12 22 
75 46 96 
45 62 49 
30 89 68 
21 49 86 
68 50 85 
79 14 62 
79 95 59 
49 80 62 
14 48 85 
91 89 97 
88 25 41 
68 18 43 
61 29 98 
62 69 42 
64 45 9 
55 5 53 
13 47 30 
85 44 1 
82 100 11 
27 78 4 
11 36 69 
61 93 86 
57 36 9 
62 91 97 
99 3 23 
41 32 87 
100 56 98 
42 61 22 
69 94 80 
2 36 62 
28 38 21 
56 90 63 
62 68 17 
70 65 17 
15 46 24 
1 12 63 
53 100 35 
4 36 62 
95 11 87 
26 75 83 
64 41 86 
57 58 59 
1 97 22 
15 94 99 
59 36 45 
71 9 14 
24 85 11 
44 76 41 
74 47 40 
68 80 82 
23 12 97 
15 13 44 
53 39 95 
11 62 39 
19 72 49 
61 68 15 
70 28 7 
4 35 89 
34 22 23 
55 66 71 
68 25 41 
34 88 64 
67 49 13 
84 62 44 
15 10 65 
49 54 89 
19 91 4 
30 39 78 
45 91 71 
31 18 78 
55 52 31 
34 79 2 
32 15 61 
99 35 2 
2 24 64 
40 41 7 
38 97 29 
73 4 50 
11 32 1 
59 3 52 
94 42 25 
54 10 27 
85 70 39 
2 9 6 
60 5 57 
53 52 79 
11 27 67 
97 15 87 
20 60 36 
11 89 62 
48 62 16 
78 59 72 
85 88 33 
93 95 100 
4 55 21 
46 65 51 
37 33 41 
40 56 31 
65 10 74 
98 63 86 
75 50 68 
93 47 64 
50 76 98 
12 98 32 
1 97 23 
98 54 24 
60 75 55 
87 94 89 
75 32 7 
85 34 5 
15 92 100 
39 52 35 
31 30 47 
97 62 66 
13 91 95 
58 34 31 
95 9 22 
74 40 98 
80 40 51 
5 19 48 
92 93 4 
56 61 55 
99 19 39 
4 30 40 
80 36 55 
20 12 24 
7 62 92 
50 57 13 
15 97 2 
87 27 26 
71 27 10 
29 68 92 
69 33 14 
63 42 9 
43 31 79 
76 72 38 
25 3 80 
45 54 59 
66 47 13 
37 92 17 
48 19 28 
30 65 87 
20 1 24 
90 30 79 
2 40 66 
42 92 38 
88 69 89 
82 60 36 
69 92 64 
83 38 35 
46 81 79 
8 36 10 
49 46 45 
2 98 24 
50 72 8 
57 51 83 
50 38 23 
93 68 41 
60 21 71 
50 69 44 
16 19 21 
29 23 73 
92 15 3 
13 95 43 
76 95 67 
26 87 50 
18 12 46 
51 34 47 
62 76 100 
46 44 41 
66 100 61 
52 37 67 
34 55 56 
66 28 74 
59 62 55 
77 25 81 
2 84 13 
50 6 32 
30 85 95 
32 23 97 
36 88 48 
52 41 48 
35 72 19 
99 95 41 
15 33 20 
72 26 18 
38 68 93 
24 40 42 
100 69 48 
68 29 42 
80 76 10 
77 4 59 
70 20 97 
6 55 13 
99 85 74 
42 25 8 
42 28 4 
59 34 66 
17 69 62 
14 28 93 
76 94 91 
90 86 30 
82 56 62 
27 30 44 
9 13 53 
92 97 48 
8 95 45 
81 21 17 
45 2 93 
59 26 52 
83 66 73 
16 93 45 
34 80 68 
46 7 47 
59 38 94 
62 5 4 
90 11 49 
94 1 38 
90 58 39 
40 51 90 
21 58 92 
38 89 86 
68 80 45 
95 91 75 
56 15 95 
40 57 46 
65 91 48 
13 26 30 
99 26 33 
26 49 4 
2 15 50 
25 44 74 
8 100 28 
77 87 2 
64 41 33 
32 6 79 
35 71 95 
38 81 42 
24 10 97 
40 8 4 
64 56 89 
59 82 77 
42 35 21 
54 44 19 
87 24 6 
84 28 64 
95 15 12 
63 6 89 
100 43 24 
78 14 95 
74 82 9 
76 16 36 
26 97 22 
60 49 14 
62 38 17 
31 48 59 
85 3 29 
68 73 3 
43 87 37 
80 13 54 
63 24 88 
99 89 34 
27 8 32 
54 1 81 
30 16 80 
45 92 81 
68 82 15 
79 99 19 
50 7 27 
37 72 76 
63 16 69 
83 43 73 
2 87 80 
34 35 10 
83 69 76 
1 11 79 
71 5 65 
97 60 39 
67 13 43 
65 35 8 
35 75 54 
25 81 60 
90 36 12 
96 85 70 
12 4 99 
10 67 94 
6 7 96 
26 90 74 
64 88 10 
27 3 6 
56 77 74 
87 18 70 
94 98 96 
71 15 39 
75 28 24 
44 22 37 
84 85 13 
49 7 71 
77 32 59 
86 3 81 
47 57 4 
61 89 54 
17 74 6 
66 15 30 
86 85 70 
93 69 20 
100 95 49 
72 64 21 
46 12 26 
62 24 31 
57 28 22 
60 6 49 
62 98 51 
45 61 40 
96 82 49 
81 4 100 
64 100 15 
17 35 50 
2 80 35 
29 40 94 
65 75 37 
51 35 54 
30 36 99 
63 11 83 
12 52 39 
43 25 96 
10 4 66 
65 7 27 
20 27 45 
22 58 59 
34 91 8 
24 32 26 
1 10 19 
94 63 66 
72 59 41 
70 92 49 
20 16 7 
64 90 91 
20 39 29 
84 65 94 
77 95 9 
86 30 49 
35 61 6 
53 21 33 
16 97 7 
3 1 49 
47 50 42 
63 16 35 
52 59 60 
45 4 8 
59 11 48 
73 17 53 
97 99 93 
38 1 2 
30 29 59 
95 59 5 
55 66 57 
38 34 53 
33 8 92 
79 27 67 
28 70 54 
59 55 36 
17 22 31 
23 99 82 
35 70 59 
78 47 5 
85 8 80 
51 34 39 
24 16 32 
29 86 66 
67 39 18 
59 54 65 
13 93 34 
13 96 29 
2 49 41 
90 76 11 
88 27 10 
69 85 28 
82 62 43 
1 15 14 
26 85 3 
70 66 62 
70 11 20 
95 61 84 
39 21 38 
54 18 1 
24 33 39 
72 90 71 
93 14 58 
3 55 30 
90 54 48 
72 82 9 
41 33 45 
81 24 71 
21 18 65 
25 85 21 
99 43 27 
62 33 17 
44 56 1 
57 95 22 
40 20 2 
73 59 5 
44 30 94 
34 82 77 
89 1 52 
89 34 24 
22 11 12 
28 62 93 
13 14 21 
31 50 77 
1 21 71 
24 37 64 
45 40 56 
56 3 88 
59 81 27 
54 89 65 
63 24 14 
81 8 15 
59 61 92 
37 87 53 
56 71 18 
34 87 40 
98 85 9 
38 3 16 
20 35 24 
47 57 22 
34 33 3 
11 90 13 
4 68 18 
47 72 53 
14 85 90 
81 5 72 
84 21 69 
98 47 20 
49 99 36 
24 81 39 
48 30 15 
69 16 91 
97 83 68 
97 99 42 
98 54 51 
49 71 19 
55 37 87 
98 42 16 
81 70 39 
50 9 92 
49 63 7 
15 18 69 
96 18 51 
42 13 37 
79 17 65 
42 69 83 
48 37 43 
99 77 92 
39 100 62 
74 38 1 
33 59 20 
60 35 76 
53 13 57 
27 41 100 
93 2 21 
14 39 17 
57 12 21 
50 46 88 
24 100 8 
98 58 83 
5 18 19 
85 38 2 
6 44 85 
12 89 10 
51 65 88 
82 100 48 
63 32 10 
89 93 19 
8 89 16 
23 45 38 
24 8 47 
15 25 4 
99 90 38 
23 38 21 
49 20 79 
67 79 100 
25 94 54 
46 57 44 
93 26 64 
1 7 21 
24 87 81 
9 58 91 
5 71 88 
12 57 53 
10 5 42 
90 42 20 
29 87 46 
12 24 17 
84 68 55 
69 91 25 
32 4 56 
85 50 88 
51 12 40 
96 81 88 
77 8 92 
75 97 94 
4 58 3 
62 12 90 
49 93 53 
66 94 83 
93 57 38 
55 65 1 
89 72 71 
47 53 73 
25 40 84 
9 27 54 
24 94 58 
8 45 59 
76 27 21 
16 93 100 
75 4 30 
3 66 96 
44 76 1 
63 17 42 
23 84 8 
22 56 90 
47 61 17 
81 53 61 
59 52 7 
54 46 87 
41 57 97 
67 14 49 
19 16 49 
29 88 47 
75 62 97 
25 11 89 
15 45 69 
78 7 79 
93 20 28 
1 87 85 
70 60 69 
2 43 34 
47 84 86 
24 96 75 
56 63 19 
12 59 72 
24 7 46 
45 28 14 
67 45 12 
95 36 65 
23 28 75 
85 88 58 
4 86 17 
18 28 94 
42 25 17 
86 94 64 
34 66 52 
26 91 28 
47 51 59 
8 4 10 
71 80 19 
86 8 49 
81 23 18 
100 76 35 
63 90 31 
23 88 46 
10 60 45 
22 3 6 
46 2 41 
12 10 52 
69 40 35 
17 32 7 
89 45 46 
42 36 97 
47 4 7 
81 37 28 
44 69 72 
4 28 72 
58 90 72 
25 72 46 
2 77 50 
78 54 76 
31 78 88 
10 23 50 
12 36 14 
51 52 91 
75 79 89 
32 49 13 
65 98 28 
38 14 4 
59 90 60 
64 2 20 
76 74 75 
30 36 1 
91 84 80 
25 73 93 
33 56 11 
89 76 40 
82 26 61 
32 62 46 
97 18 62 
10 100 64 
2 52 44 
67 73 43 
69 23 31 
52 77 93 
42 7 53 
71 19 99 
61 88 19 
87 16 25 
80 59 81 
87 60 69 
60 57 64 
98 24 84 
57 8 38 
4 72 37 
45 16 21 
19 92 40 
17 49 2 
57 89 22 
97 54 14 
67 84 83 
43 99 47 
82 79 45 
84 67 73 
35 15 74 
42 7 50 
12 77 72 
99 66 58 
97 46 56 
23 29 69 
99 43 17 
99 63 46 
9 71 44 
22 1 41 
1 37 81 
42 38 20 
21 53 49 
69 45 97 
41 91 12 
38 29 45 
16 85 68 
51 25 99 
53 95 75 
39 11 36 
33 11 86 
57 18 1 
13 21 88 
47 22 92 
1 51 67 
42 9 30 
79 5 96 
57 36 19 
9 71 57 
51 48 36 
58 5 30 
95 5 87 
67 33 75 
20 17 24 
78 12 81 
37 49 10 
1 39 100 
96 35 64 
6 12 26 
55 93 47 
25 27 46 
16 13 68 
97 60 62 
3 59 20 
43 85 65 
9 96 19 
10 38 34 
61 100 91 
95 32 98 
81 12 17 
20 44 69 
10 98 1 
69 26 68 
32 43 5 
31 44 46 
48 42 2 
81 42 84 
74 96 5 
11 88 54 
67 40 1 
17 57 51 
65 4 25 
16 30 68 
1 9 20 
63 4 85 
28 12 4 
86 55 34 
15 51 21 
58 78 32 
95 72 97 
40 70 81 
72 87 80 
28 53 51 
36 54 47 
17 97 21 
30 56 25 
14 36 89 
95 82 97 
90 87 2 
76 14 97 
46 39 87 
24 44 90 
58 52 43 
28 47 19 
72 61 20 
19 69 70 
84 12 85 
78 21 87 
18 32 10 
20 51 89 
78 43 81 
80 46 2 
64 85 28 
63 58 82 
69 34 28 
81 92 37 
35 79 82 
7 13 73 
42 25 38 
3 31 48 
62 37 33 
13 39 4 
26 32 63 
15 17 8 
57 70 50 
34 69 56 
2 91 39 
95 4 86 
51 50 12 
74 35 31 
9 84 86 
72 11 19 
62 64 53 
25 95 55 
94 29 97 
5 17 69 
12 17 47 
62 26 88 
7 90 30 
45 74 73 
23 55 98 
60 85 49 
74 29 82 
78 52 40 
14 21 50 
88 86 100 
36 71 47 
69 86 71 
16 48 14 
85 78 41 
20 22 99 
52 65 64 
83 72 54 
100 22 95 
7 77 78 
4 94 90 
41 25 96 
98 84 31 
35 64 99 
93 38 67 
82 52 16 
93 52 80 
55 22 66 
90 53 85 
6 35 94 
3 40 80 
77 84 26 
97 47 98 
72 82 2 
75 2 49 
93 30 16 
27 29 56 
44 25 62 
12 63 58 
99 39 43 
59 20 42 
69 4 74 
19 26 54 
70 91 74 
40 74 67 
1 43 36 
32 98 6 
55 54 15 
64 67 13 
39 52 86 
37 63 71 
29 98 62 
70 91 42 
69 24 45 
30 9 23 
17 92 18 
76 62 36 
81 64 1 
1 3 52 
54 52 72 
70 38 66 
27 32 69 
70 16 66 
80 81 85 
81 74 67 
19 88 56 
3 72 43 
56 62 76 
4 28 81 
30 20 52 
6 2 39 
12 42 83 
83 11 76 
26 59 21 
84 26 42 
5 34 48 
84 85 87 
10 21 47 
20 44 1 
29 67 62 
48 37 76 
39 43 24 
29 66 79 
41 92 75 
7 90 74 
9 97 42 
2 86 44 
2 56 52 
42 77 12 
22 10 89 
100 26 36 
94 32 33 
89 15 72 
90 26 46 
15 67 53 
48 63 23 
24 7 85 
92 12 52 
8 83 56 
54 100 9 
60 90 32 
66 13 85 
91 16 83 
94 71 69 
20 11 100 
98 49 44 
58 70 22 
57 78 47 
7 52 18 
65 4 26 
60 58 44 
100 37 3 
86 77 79 
1 65 59 
83 23 69 
30 7 36 
77 86 3 
95 67 3 
5 56 44 
80 53 40 
75 39 35 
70 73 27 
48 64 42 
18 59 16 
68 25 33 
9 77 72 
83 17 31 
98 13 47 
3 17 76 
84 32 57 
58 17 36 
32 52 5 
95 12 66 
95 35 60 
33 59 8 
14 50 100 
57 76 83 
5 21 99 
62 14 36 
85 38 11 
9 6 46 
95 38 5 
89 25 98 
47 92 15 
55 42 7 
77 43 84 
28 87 97 
27 31 50 
99 22 60 
61 67 41 
37 65 92 
58 18 69 
11 3 44 
7 82 18 
92 3 64 
19 100 6 
6 74 81 
76 71 40 
93 20 27 
6 68 64 
50 53 38 
14 100 11 
96 29 94 
88 93 21 
57 94 79 
26 82 34 
92 47 85 
19 1 36 
22 65 10 
58 78 56 
9 38 83 
15 43 98 
16 75 88 
21 75 56 
63 44 16 
17 93 100 
45 56 31 
26 50 45 
43 10 86 
24 52 4 
5 29 62 
98 77 37 
65 46 40 
17 19 47 
3 51 89 
52 66 40 
60 46 74 
61 75 59 
60 50 90 
90 3 98 
72 68 47 
3 85 19 
76 35 95 
20 16 39 
83 5 95 
100 44 26 
51 3 39 
97 85 53 
84 49 10 
73 64 51 
37 30 86 
72 60 96 
21 43 65 
83 78 40 
36 48 85 
8 94 55 
60 53 28 
53 71 88 
8 77 12 
36 23 72 
20 53 41 
45 64 83 
34 80 71 
7 21 95 
33 59 97 
79 65 20 
67 24 86 
65 86 40 
13 16 9 
40 53 9 
1 98 91 
12 91 78 
71 76 94 
87 24 2 
54 46 93 
100 52 68 
99 14 41 
32 82 22 
1 91 4 
36 99 70 
19 86 70 
76 5 86 
12 60 38 
42 95 27 
48 66 58 
33 27 6 
92 62 12 
66 40 16 
11 57 47 
20 88 61 
32 8 49 
77 79 28 
53 67 71 
77 9 56 
73 79 85 
8 39 81 
57 24 33 
71 77 78 
88 68 29 
21 73 40 
50 25 22 
61 25 89 
28 3 32 
99 23 66 
58 10 64 
12 39 14 
81 83 75 
42 30 45 
29 83 47 
9 45 42 
12 14 1 
89 75 80 
2 23 93 
16 79 37 
97 29 61 
14 86 15 
35 88 82 
26 2 47 
4 26 61 
61 25 100 
50 61 21 
75 33 1 
78 57 82 
5 88 87 
92 88 16 
92 68 17 
25 4 74 
92 50 65 
31 35 64 
57 10 26 
46 71 37 
37 16 43 
90 73 76 
63 93 83 
40 45 64 
1 12 37 
92 66 18 
4 41 58 
25 56 86 
68 18 21 
8 25 33 
1 84 16 
42 92 15 
25 2 85 
84 8 62 
24 26 70 
58 67 20 
3 78 13 
2 83 98 
48 5 79 
70 72 83 
24 10 91 
3 41 68 
25 32 19 
27 58 16 
51 54 74 
57 37 2 
32 49 30 
55 67 14 
53 2 64 
76 36 71 
77 9 50 
1 15 88 
83 68 51 
72 99 64 
41 99 74 
8 65 55 
81 62 12 
81 75 15 
28 90 6 
88 21 69 
8 100 21 
20 98 13 
59 43 75 
34 37 70 
13 69 72 
33 32 19 
97 43 47 
14 1 30 
75 13 79 
81 67 73 
85 74 78 
84 55 56 
70 99 66 
36 33 15 
72 19 5 
24 9 52 
7 22 19 
62 25 75 
62 92 96 
68 18 48 
40 9 10 
13 27 81 
38 73 72 
7 68 8 
17 56 38 
14 36 76 
17 1 96 
8 50 74 
17 54 59 
71 32 18 
85 38 20 
53 64 79 
64 91 60 
43 60 11 
40 61 13 
45 25 3 
96 86 17 
33 94 59 
53 76 45 
58 100 54 
60 13 74 
84 18 47 
34 59 19 
81 87 46 
20 34 54 
32 88 58 
52 17 51 
10 24 12 
84 32 74 
87 28 71 
42 67 55 
22 61 43 
71 32 67 
91 64 39 
77 60 36 
52 12 75 
71 2 27 
65 68 29 
40 20 32 
8 50 89 
17 56 96 
18 85 57 
15 54 80 
91 63 2 
48 22 13 
92 68 21 
47 94 46 
90 38 94 
15 84 30 
43 67 83 
18 68 69 
21 55 99 
18 33 10 
82 52 20 
75 27 80 
77 84 95 
67 38 43 
27 79 94 
65 66 72 
56 81 25 
75 40 37 
65 24 27 
11 12 71 
2 5 40 
28 55 14 
54 30 9 
40 56 97 
37 51 55 
81 44 95 
74 4 55 
31 72 21 
82 93 29 
27 89 97 
50 5 36 
20 69 88 
19 52 60 
34 33 74 
49 63 51 
37 73 28 
96 82 14 
91 82 8 
23 11 74 
32 100 11 
58 35 9 
51 42 87 
41 60 9 
91 93 64 
4 53 51 
89 75 71 
79 81 1 
58 5 33 
32 73 94 
85 43 18 
36 39 42 
56 81 42 
27 95 46 
95 45 93 
72 66 52 
16 11 46 
31 64 52 
19 33 54 
29 91 42 
51 63 36 
92 55 45 
26 33 81 
82 87 15 
48 25 76 
54 37 11 
91 94 24 
54 38 66 
55 85 38 
79 22 29 
69 74 8 
20 41 88 
10 11 19 
71 15 23 
64 67 11 
64 12 33 
81 53 92 
23 21 66 
15 90 19 
97 83 84 
97 36 98 
23 36 90 
80 2 43 
49 33 45 
31 8 36 
96 66 87 
88 37 11 
33 31 77 
63 34 89 
84 39 32 
54 24 15 
78 52 8 
81 99 30 
82 84 49 
87 41 88 
24 72 78 
35 68 66 
71 12 64 
6 73 25 
32 99 77 
15 36 7 
84 3 52 
3 73 40 
86 80 5 
21 45 40 
96 60 31 
80 46 38 
39 45 85 
90 21 76 
10 16 8 
59 75 3 
11 22 99 
54 32 35 
24 41 54 
85 89 74 
20 45 89 
16 84 27 
68 42 35 
51 88 62 
98 99 16 
45 47 27 
78 35 87 
9 17 37 
30 27 59 
93 51 97 
16 98 29 
13 43 41 
69 35 23 
48 92 20 
68 15 25 
26 68 87 
79 20 96 
17 68 5 
84 100 74 
18 100 33 
56 25 18 
61 94 4 
14 77 1 
14 69 72 
71 13 21 
98 3 85 
60 33 62 
72 90 40 
67 13 38 
75 44 43 
25 1 39 
98 87 63 
67 27 32 
68 26 41 
51 36 64 
82 41 29 
18 2 49 
75 48 77 
62 85 28 
74 47 41 
95 38 6 
54 100 21 
90 58 56 
65 47 23 
1 56 38 
96 97 68 
33 46 89 
53 17 14 
64 68 95 
63 75 57 
95 14 63 
24 76 51 
44 54 51 
44 35 56 
76 97 23 
50 24 87 
59 10 83 
65 75 38 
91 79 24 
12 39 57 
78 69 75 
61 93 90 
75 44 79 
77 66 63 
87 9 88 
30 25 31 
98 2 77 
77 27 56 
38 43 48 
100 76 92 
90 37 94 
96 19 84 
37 91 73 
52 63 42 
100 42 51 
28 60 26 
5 69 57 
83 69 84 
6 58 54 
77 60 99 
77 96 40 
4 78 10 
89 43 14 
81 27 28 
74 96 62 
91 84 66 
35 46 59 
79 38 64 
2 41 80 
62 68 46 
57 4 95 
73 62 96 
62 27 23 
93 79 74 
48 31 53 
45 13 95 
84 14 60 
94 66 47 
61 93 99 
12 64 15 
7 86 27 
14 3 46 
40 8 24 
20 45 42 
13 48 17 
9 47 75 
1 47 51 
85 19 80 
74 41 30 
99 51 66 
47 93 90 
26 65 93 
39 32 29 
21 55 13 
60 29 66 
91 63 20 
21 91 65 
52 75 23 
80 81 74 
2 6 63 
70 77 33 
27 57 82 
70 61 96 
22 35 75 
23 93 48 
26 47 36 
27 13 29 
40 71 95 
39 30 97 
87 27 12 
60 89 18 
41 2 71 
71 66 12 
95 92 46 
86 93 85 
50 70 4 
17 51 21 
73 36 51 
60 17 52 
48 79 51 
44 93 95 
89 93 16 
74 96 95 
30 2 39 
50 83 12 
92 91 57 
20 8 82 
61 15 29 
12 57 97 
69 41 6 
58 35 2 
11 92 32 
21 63 49 
4 60 35 
1 25 11 
49 46 42 
98 71 77 
97 59 66 
55 70 13 
79 26 68 
3 94 48 
92 12 16 
31 73 3 
96 6 66 
92 87 65 
91 41 44 
49 73 85 
7 98 8 
13 63 92 
100 38 25 
70 92 71 
99 37 26 
85 23 49 
49 96 30 
76 70 6 
94 18 68 
48 24 22 
98 45 8 
88 70 66 
28 41 34 
53 88 22 
15 21 71 
25 14 49 
33 59 17 
38 50 41 
82 69 84 
33 41 39 
43 2 25 
76 24 16 
84 42 40 
66 77 72 
5 42 44 
43 20 25 
64 73 72 
6 59 22 
72 95 76 
62 98 88 
64 10 43 
51 94 40 
26 64 51 
94 68 43 
65 78 17 
16 54 53 
67 81 82 
80 49 44 
88 76 41 
16 73 37 
32 11 84 
45 61 47 
77 52 15 
27 86 72 
35 4 56 
36 31 49 
22 73 39 
38 80 14 
96 72 98 
82 66 92 
71 98 17 
51 63 57 
42 53 86 
11 73 71 
46 94 28 
5 4 66 
65 75 25 
81 13 2 
50 32 81 
57 35 10 
40 68 58 
35 19 77 
95 73 9 
36 57 56 
47 4 88 
8 80 65 
22 17 97 
16 9 23 
18 92 5 
46 73 32 
57 29 7 
7 27 54 
53 68 25 
19 3 33 
28 2 3 
54 25 6 
87 9 62 
75 39 70 
90 100 78 
2 41 8 
33 93 44 
30 83 51 
66 91 55 
47 8 81 
48 91 96 
81 72 66 
1 50 91 
55 62 72 
87 28 100 
91 60 3 
80 83 66 
70 54 86 
10 72 36 
60 69 58 
94 23 35 
55 58 50 
20 27 94 
61 38 98 
52 81 23 
45 2 21 
52 2 88 
86 24 53 
69 8 32 
56 21 11 
71 63 3 
93 64 33 
86 45 14 
84 9 69 
21 32 15 
39 71 50 
31 62 72 
30 78 22 
43 87 78 
7 29 53 
12 2 97 
57 23 67 
65 48 26 
21 54 49 
99 21 24 
52 69 14 
99 58 37 
2 57 52 
86 80 67 
67 35 3 
5 70 59 
8 67 4 
28 10 36 
58 45 28 
83 74 59 
60 41 47 
76 65 38 
47 81 12 
62 35 9 
31 49 10 
1 8 19 
58 33 22 
50 49 75 
1 58 17 
25 41 35 
34 71 89 
71 35 6 
34 94 87 
4 95 56 
57 33 62 
43 17 8 
81 52 84 
78 36 29 
16 67 76 
97 13 85 
33 43 32 
27 15 97 
65 29 45 
65 30 21 
55 12 87 
87 40 56 
28 52 11 
95 36 7 
55 45 40 
55 58 22 
2 81 86 
22 5 59 
24 17 90 
98 71 80 
76 70 86 
23 40 67 
86 31 81 
18 4 15 
19 23 76 
37 5 34 
36 61 6 
1 90 23 
90 50 34 
58 42 71 
7 68 51 
44 2 76 
25 36 10 
65 14 45 
25 17 60 
64 65 93 
10 65 52 
69 36 18 
70 23 96 
12 92 99 
7 12 88 
16 12 49 
12 8 86 
83 19 73 
99 34 88 
54 81 89 
94 56 71 
96 98 3 
88 23 12 
17 35 94 
49 45 95 
66 76 89 
51 61 5 
67 85 27 
49 87 29 
91 60 2 
70 22 42 
96 46 66 
95 47 61 
64 82 85 
77 87 83 
84 54 52 
58 41 63 
24 4 39 
9 69 6 
4 69 71 
44 51 73 
2 12 34 
95 49 84 
21 84 92 
26 24 96 
29 84 90 
85 17 50 
59 56 85 
61 16 100 
68 40 1 
71 61 65 
37 59 11 
83 72 18 
10 53 44 
50 58 77 
76 13 34 
83 23 68 
42 86 33 
26 15 24 
75 70 63 
26 12 3 
3 78 27 
35 47 58 
62 25 29 
37 92 75 
45 11 95 
15 21 53 
36 9 34 
13 45 100 
17 22 19 
1 33 21 
54 95 42 
79 11 82 
94 59 92 
48 88 29 
8 6 41 
78 84 32 
63 3 38 
29 65 73 
33 81 49 
53 34 17 
77 3 7 
46 57 31 
35 19 59 
64 69 23 
82 84 81 
8 54 2 
18 32 34 
65 30 19 
97 34 89 
91 93 74 
80 9 92 
12 10 13 
90 62 82 
61 76 17 
23 32 18 
15 59 79 
43 89 97 
70 86 68 
36 63 82 
70 58 96 
82 99 25 
11 82 3 
92 89 35 
65 10 100 
73 79 77 
48 94 29 
24 89 8 
81 96 64 
23 38 5 
43 96 1 
94 13 74 
39 29 53 
96 97 47 
7 24 61 
77 58 59 
55 61 53 
77 28 56 
67 85 10 
52 62 58 
85 49 80 
16 24 22 
50 12 68 
24 74 28 
54 29 13 
50 95 34 
1 97 80 
12 39 26 
15 7 97 
89 40 2 
36 60 21 
58 38 25 
72 65 9 
31 34 46 
68 29 16 
78 43 2 
47 5 14 
91 11 93 
55 65 16 
49 21 81 
8 46 24 
85 76 54 
25 46 7 
56 19 10 
87 63 47 
21 79 48 
22 96 17 
63 25 67 
70 97 27 
2 88 49 
81 36 29 
32 13 72 
83 24 67 
62 68 12 
17 36 62 
73 33 74 
71 39 16 
68 17 100 
80 55 100 
44 63 49 
79 64 99 
29 42 98 
5 26 3 
7 44 22 
27 23 7 
49 55 84 
52 50 17 
95 94 57 
76 3 27 
61 54 57 
63 69 15 
45 88 55 
16 10 90 
7 78 67 
31 4 29 
51 39 99 
64 85 58 
96 89 41 
55 10 54 
43 61 36 
84 45 37 
41 11 95 
47 13 10 
35 8 49 
34 19 6 
75 2 91 
1 17 9 
14 70 72 
29 74 73 
73 40 50 
66 29 31 
91 89 72 
44 75 58 
50 8 14 
56 8 53 
78 11 97 
1 24 15 
48 81 28 
37 38 89 
84 59 13 
90 56 27 
37 6 8 
88 40 14 
17 39 13 
5 33 16 
31 95 84 
46 43 93 
15 27 93 
72 64 97 
85 4 43 
18 38 48 
88 14 1 
76 1 73 
59 52 54 
41 42 80 
93 31 27 
73 38 62 
94 19 26 
19 98 89 
32 79 14 
26 80 25 
89 10 93 
94 72 33 
73 20 54 
8 75 65 
58 67 47 
4 8 47 
89 66 82 
24 92 71 
33 93 11 
72 97 45 
51 50 93 
25 66 64 
47 73 39 
96 56 46 
17 40 67 
54 30 40 
51 22 63 
