10000
100000
60 82 3 
49 76 2 
59 19 42 
5 89 86 
47 80 100 
24 57 38 
92 16 57 
68 34 91 
28 50 21 
10 11 87 
21 55 4 
52 75 56 
10 89 85 
83 20 84 
31 26 11 
76 84 42 
12 37 1 
88 37 24 
69 5 14 
17 38 45 
78 35 32 
18 22 27 
13 34 2 
59 90 29 
63 7 1 
90 31 94 
21 36 9 
12 21 47 
83 70 88 
23 44 53 
78 62 77 
53 36 75 
80 13 97 
11 22 33 
66 67 29 
36 21 57 
79 63 97 
17 31 85 
93 73 25 
51 57 2 
77 31 51 
81 17 21 
53 13 59 
5 42 24 
22 76 82 
49 79 37 
90 47 24 
60 89 18 
76 35 60 
40 87 2 
65 73 83 
87 16 25 
13 80 64 
35 80 70 
57 41 56 
97 64 21 
32 96 28 
53 70 4 
35 13 31 
68 86 70 
35 100 94 
63 96 86 
78 25 49 
84 97 86 
8 45 61 
18 63 81 
12 83 42 
79 68 17 
58 67 97 
46 66 70 
52 40 78 
24 28 57 
82 63 81 
100 75 63 
16 22 24 
30 67 94 
70 54 86 
72 14 100 
49 35 64 
47 78 57 
83 24 67 
14 73 43 
85 88 33 
68 41 25 
24 59 22 
4 80 68 
15 64 11 
19 55 69 
7 97 100 
78 69 9 
28 48 52 
36 49 51 
34 77 90 
61 86 12 
24 45 66 
53 9 70 
70 92 35 
33 2 42 
45 41 33 
48 1 67 
46 43 30 
42 95 21 
69 64 92 
69 34 56 
40 58 86 
45 81 51 
78 7 84 
88 33 71 
45 66 68 
61 89 43 
27 66 12 
69 54 3 
96 58 78 
14 30 85 
17 58 28 
21 49 54 
97 21 4 
26 54 79 
22 34 23 
12 14 11 
90 53 20 
65 90 52 
43 37 87 
99 9 66 
34 39 49 
25 24 82 
89 77 6 
34 99 88 
45 65 14 
98 7 64 
14 99 41 
81 87 57 
56 25 30 
31 33 21 
59 31 58 
56 61 59 
25 1 84 
26 6 84 
7 60 45 
52 51 54 
49 56 50 
35 7 24 
83 2 13 
41 67 3 
76 66 35 
43 38 94 
74 81 15 
38 20 47 
29 92 68 
51 99 32 
66 78 57 
41 43 80 
72 4 10 
60 27 7 
89 97 27 
24 92 70 
24 76 47 
49 56 16 
37 90 88 
26 82 61 
98 25 89 
40 97 48 
71 94 76 
4 91 19 
3 27 6 
89 36 93 
58 66 76 
91 58 27 
8 36 56 
82 97 88 
64 43 23 
50 2 62 
96 6 5 
6 56 48 
15 62 27 
49 99 24 
85 89 67 
50 33 85 
37 49 80 
90 14 100 
1 54 95 
54 8 49 
65 68 33 
95 81 31 
82 14 96 
43 99 15 
3 41 68 
7 99 15 
20 74 97 
10 79 94 
26 85 66 
16 22 93 
34 17 93 
50 97 21 
50 56 30 
6 77 99 
83 29 7 
87 83 77 
12 67 75 
47 3 22 
90 62 82 
36 58 17 
72 55 56 
27 17 84 
85 74 96 
81 65 60 
4 44 99 
29 87 16 
86 78 70 
100 66 74 
65 55 16 
47 43 67 
42 71 58 
14 65 88 
50 57 38 
4 55 26 
3 58 32 
41 58 63 
34 69 63 
80 42 98 
58 47 9 
18 6 15 
71 93 99 
86 42 33 
89 72 76 
43 16 81 
12 48 89 
64 60 75 
57 94 90 
24 56 82 
6 73 25 
63 35 57 
16 39 64 
36 35 76 
41 40 57 
32 68 5 
2 27 97 
24 92 6 
31 66 19 
92 37 65 
18 53 57 
26 68 8 
63 2 18 
49 6 55 
39 47 13 
24 20 12 
66 37 73 
7 12 33 
31 47 90 
75 36 67 
14 71 99 
98 19 89 
68 59 73 
92 84 83 
92 87 65 
67 85 80 
81 1 64 
73 51 39 
32 81 56 
8 89 92 
48 73 78 
49 48 88 
55 75 66 
25 35 41 
44 24 5 
47 15 63 
1 89 52 
17 68 36 
58 3 7 
76 24 16 
91 60 2 
12 64 21 
61 42 22 
8 77 100 
89 5 25 
79 81 51 
50 16 55 
6 19 72 
11 70 78 
35 4 33 
98 69 91 
68 57 90 
89 2 75 
23 99 3 
51 70 38 
52 34 97 
26 42 91 
86 31 97 
99 8 47 
47 4 2 
41 23 37 
94 34 62 
46 37 71 
24 28 60 
47 62 70 
13 66 83 
71 66 12 
67 57 23 
6 74 19 
52 41 48 
30 85 49 
16 67 85 
65 24 5 
95 15 12 
72 14 53 
34 2 68 
21 51 33 
78 72 61 
53 40 44 
76 87 39 
6 82 74 
77 24 47 
100 98 37 
99 98 7 
59 44 64 
70 56 41 
55 37 89 
1 79 50 
8 25 87 
93 64 23 
5 74 29 
20 40 59 
17 30 67 
92 88 16 
72 12 87 
19 41 55 
58 25 78 
53 26 70 
78 41 5 
80 92 68 
57 77 67 
49 37 75 
53 86 73 
5 34 18 
32 33 94 
78 25 88 
49 30 45 
19 73 90 
15 64 60 
85 89 36 
83 67 43 
5 57 60 
5 84 87 
27 60 91 
27 58 72 
21 45 99 
95 1 8 
84 13 67 
52 50 78 
98 13 92 
97 23 21 
23 81 46 
31 87 22 
50 12 93 
25 42 82 
35 22 93 
3 100 36 
64 4 66 
19 34 12 
4 68 88 
1 74 78 
60 30 1 
51 33 49 
62 81 82 
5 68 61 
3 55 30 
49 52 61 
34 31 12 
96 26 20 
83 66 61 
16 73 37 
57 39 56 
30 99 86 
37 21 24 
66 84 91 
4 48 100 
21 98 43 
86 100 88 
98 39 62 
20 49 2 
70 71 83 
77 60 36 
68 17 50 
78 15 32 
54 19 44 
7 34 16 
10 32 56 
69 80 24 
78 2 43 
37 52 35 
70 19 94 
73 74 8 
93 19 55 
47 1 32 
70 47 80 
53 19 52 
59 84 76 
99 36 70 
74 6 98 
87 62 27 
78 67 58 
27 13 55 
31 25 22 
15 27 30 
47 3 5 
71 37 30 
21 43 89 
65 3 69 
50 81 90 
95 94 57 
98 68 89 
38 26 65 
43 73 17 
31 65 45 
46 71 84 
59 79 95 
43 81 56 
27 19 59 
90 84 21 
69 19 26 
62 35 10 
68 87 91 
71 38 8 
87 56 85 
35 32 54 
16 100 72 
34 15 68 
33 12 2 
85 77 20 
90 83 76 
97 17 5 
28 40 35 
29 67 76 
95 24 82 
83 63 65 
67 76 95 
29 4 90 
9 96 70 
5 32 43 
41 21 19 
14 17 88 
56 32 26 
36 1 99 
35 92 73 
13 25 2 
95 63 14 
93 100 17 
74 65 82 
62 31 24 
58 66 48 
94 81 65 
37 9 17 
8 53 31 
26 92 42 
51 29 75 
74 85 91 
2 57 37 
55 26 43 
83 73 12 
99 5 66 
30 42 9 
83 61 63 
19 54 26 
94 29 15 
42 20 38 
44 36 59 
51 41 24 
43 35 48 
2 25 89 
64 49 86 
5 58 33 
22 98 82 
16 46 85 
97 70 1 
65 22 57 
80 21 98 
7 68 12 
84 93 81 
31 62 79 
63 18 13 
84 92 95 
45 16 93 
75 35 22 
50 37 43 
3 13 8 
76 75 79 
4 45 66 
24 36 90 
49 44 98 
88 23 65 
5 98 50 
43 95 74 
83 28 88 
52 88 34 
46 88 47 
56 9 68 
84 38 53 
47 48 6 
7 3 99 
49 33 45 
44 42 33 
25 19 86 
15 20 33 
77 98 30 
100 46 57 
11 39 62 
14 45 80 
69 32 27 
92 12 58 
9 99 59 
79 69 84 
22 96 68 
93 72 75 
40 56 50 
24 7 64 
40 43 52 
9 1 85 
46 23 88 
84 86 98 
85 13 97 
8 59 87 
17 63 42 
94 85 55 
68 66 30 
90 39 49 
90 30 79 
27 66 98 
36 23 72 
27 29 57 
62 23 89 
13 67 43 
28 38 16 
82 49 57 
46 55 33 
98 69 28 
84 55 56 
96 6 53 
49 59 28 
6 92 77 
44 56 14 
8 85 10 
75 98 18 
72 90 28 
82 77 34 
60 71 6 
58 40 88 
78 3 45 
80 85 54 
41 67 36 
57 61 54 
31 77 99 
6 30 35 
13 76 44 
24 9 52 
69 73 90 
8 57 100 
45 74 59 
47 13 7 
18 89 7 
30 58 17 
36 38 27 
80 31 55 
63 49 17 
89 81 9 
78 63 84 
24 59 79 
61 78 2 
6 59 50 
32 75 100 
59 10 32 
40 73 16 
34 64 60 
58 5 46 
47 33 88 
46 38 94 
12 3 41 
44 23 93 
8 3 32 
70 15 72 
84 14 60 
70 40 11 
79 8 56 
44 76 2 
44 10 35 
35 76 78 
60 35 11 
97 70 67 
31 20 10 
10 57 91 
2 34 83 
43 83 82 
81 25 67 
2 41 66 
54 68 34 
24 50 3 
24 8 7 
24 47 40 
40 58 24 
33 46 6 
76 29 19 
52 62 58 
54 39 43 
75 17 44 
41 9 76 
82 34 26 
92 42 65 
58 74 10 
95 45 93 
7 27 48 
54 9 70 
15 14 4 
46 16 49 
80 78 45 
77 4 59 
17 12 42 
44 93 95 
31 12 72 
93 54 72 
68 42 35 
93 25 76 
78 45 27 
12 10 89 
100 57 45 
98 32 95 
41 88 25 
71 91 45 
99 64 51 
48 83 86 
13 79 25 
7 1 90 
20 69 93 
99 66 71 
99 97 58 
84 15 41 
67 60 46 
71 53 77 
18 3 99 
8 55 65 
32 98 27 
31 10 7 
14 61 33 
48 20 5 
27 5 36 
91 30 48 
83 28 96 
95 12 31 
71 42 5 
29 22 79 
61 47 17 
96 45 57 
49 50 58 
33 98 46 
92 55 45 
47 12 81 
29 78 89 
30 100 1 
77 53 20 
55 8 85 
90 29 34 
51 54 15 
84 88 18 
17 11 3 
15 55 86 
89 41 51 
84 29 73 
45 73 72 
47 83 78 
41 60 13 
48 17 16 
75 39 7 
79 10 9 
52 49 27 
59 42 14 
31 30 96 
67 55 42 
92 13 63 
15 69 71 
22 28 67 
71 90 31 
29 38 78 
72 37 64 
39 98 79 
2 10 9 
97 74 94 
100 24 8 
26 29 9 
29 27 74 
54 14 55 
29 51 14 
91 87 19 
80 15 33 
13 56 12 
71 68 35 
31 59 65 
33 5 16 
92 65 50 
98 29 94 
35 25 54 
51 59 47 
18 41 54 
99 72 95 
97 77 37 
47 9 94 
9 84 86 
87 38 85 
54 51 98 
52 41 59 
86 38 75 
69 14 52 
30 33 80 
90 80 53 
15 67 53 
73 52 38 
83 69 55 
9 66 79 
2 3 93 
53 70 18 
5 44 78 
88 20 4 
58 51 49 
5 70 18 
84 71 36 
47 61 98 
39 59 52 
96 5 18 
90 33 29 
75 2 22 
62 48 66 
56 94 73 
3 75 59 
60 21 71 
17 31 83 
13 46 71 
73 67 81 
47 46 94 
37 26 4 
16 69 49 
39 84 74 
58 20 12 
30 58 70 
20 25 93 
24 11 29 
71 26 68 
50 28 59 
58 90 29 
75 41 27 
9 41 54 
100 96 53 
72 27 87 
41 4 40 
93 39 62 
24 12 10 
36 96 83 
43 72 3 
68 41 38 
46 7 47 
61 37 48 
85 91 97 
44 47 1 
20 35 94 
67 40 59 
82 50 34 
23 76 44 
10 63 61 
67 33 22 
77 1 62 
66 3 80 
51 6 85 
75 27 21 
17 100 65 
41 37 33 
41 25 16 
71 10 91 
89 20 51 
62 88 98 
30 86 24 
78 79 68 
31 33 74 
36 77 4 
30 86 65 
16 3 56 
76 19 8 
54 94 14 
66 35 47 
66 77 71 
15 70 17 
4 86 68 
27 88 79 
35 51 90 
32 8 33 
11 99 62 
45 40 9 
9 54 36 
17 51 21 
66 7 42 
99 92 77 
15 13 44 
43 17 81 
82 16 52 
91 100 16 
36 51 73 
64 27 39 
42 91 76 
51 68 83 
71 69 2 
81 69 29 
97 12 23 
21 55 30 
67 55 10 
72 60 27 
37 94 92 
73 63 18 
10 1 45 
69 65 77 
64 15 78 
73 9 47 
75 82 10 
5 35 95 
47 23 72 
15 29 17 
2 39 64 
9 36 64 
80 13 45 
38 96 2 
25 22 55 
53 49 33 
57 64 99 
41 96 68 
12 52 37 
68 99 79 
67 94 76 
69 10 32 
19 15 3 
18 49 17 
50 30 36 
83 60 84 
12 93 82 
2 44 9 
41 32 10 
97 14 24 
64 15 100 
61 43 63 
95 79 82 
21 30 65 
78 15 71 
26 57 72 
98 17 68 
71 32 18 
68 50 89 
15 53 21 
55 26 42 
85 54 76 
41 37 11 
54 29 50 
68 40 100 
69 49 59 
12 65 36 
23 28 35 
60 98 80 
98 62 29 
46 35 83 
93 94 3 
58 90 50 
56 26 4 
51 31 46 
82 89 34 
24 42 52 
35 76 95 
27 58 16 
74 47 41 
96 74 5 
91 41 44 
15 29 39 
38 58 9 
74 84 33 
5 23 31 
51 94 17 
67 55 34 
65 28 27 
78 87 21 
37 4 60 
87 55 50 
71 39 10 
68 50 12 
27 20 45 
44 47 12 
73 50 45 
82 99 23 
38 89 53 
81 25 21 
24 91 10 
77 56 27 
18 51 96 
9 83 100 
91 100 46 
65 44 56 
65 7 30 
2 58 77 
27 77 93 
92 10 86 
67 4 25 
25 46 35 
2 84 13 
68 48 18 
70 88 84 
67 55 14 
80 32 54 
86 52 8 
19 2 10 
49 59 95 
44 80 67 
20 12 64 
45 34 88 
86 16 48 
4 35 60 
47 49 51 
27 29 15 
49 60 14 
43 88 45 
41 44 46 
26 94 44 
23 80 94 
32 9 47 
71 52 95 
34 98 16 
80 40 51 
1 22 24 
86 37 77 
1 12 11 
57 19 53 
77 79 67 
86 81 11 
73 51 21 
49 69 17 
32 98 6 
26 62 14 
32 51 33 
82 75 49 
8 54 22 
32 48 47 
98 6 66 
13 43 71 
62 75 97 
46 96 43 
98 3 96 
26 42 84 
52 83 21 
2 60 39 
5 17 69 
74 54 57 
50 42 26 
52 50 17 
9 50 19 
18 99 29 
81 57 38 
3 72 46 
66 19 50 
16 74 31 
12 88 92 
74 91 61 
61 52 12 
26 64 51 
7 97 85 
83 64 41 
74 43 6 
65 10 15 
87 100 34 
41 75 80 
94 58 53 
88 10 21 
57 3 75 
25 55 67 
3 21 75 
16 2 84 
83 84 70 
74 21 50 
8 90 11 
96 92 23 
48 23 20 
43 88 35 
96 50 7 
17 66 88 
45 37 24 
11 77 75 
35 61 1 
98 10 1 
81 37 85 
38 74 68 
4 14 79 
9 18 33 
65 69 39 
65 96 2 
16 94 53 
20 29 18 
15 29 37 
4 51 53 
89 77 67 
10 90 87 
2 98 77 
40 82 67 
53 76 38 
9 4 82 
95 61 35 
31 2 11 
29 39 68 
86 95 22 
55 58 4 
25 58 79 
40 97 6 
10 62 22 
53 2 67 
45 28 41 
76 23 1 
23 19 73 
66 57 70 
85 79 70 
11 74 15 
28 40 26 
73 87 20 
24 46 15 
59 14 61 
26 28 25 
19 14 34 
27 43 34 
24 33 39 
13 91 4 
31 48 42 
26 97 81 
17 2 49 
3 27 78 
10 76 90 
91 51 94 
24 81 39 
26 42 19 
39 13 27 
79 62 27 
6 34 17 
91 39 27 
73 45 87 
100 76 35 
70 20 31 
22 53 4 
82 12 38 
41 21 48 
71 27 90 
18 27 31 
100 54 9 
4 54 16 
50 17 41 
75 26 19 
33 81 26 
92 3 55 
73 51 44 
80 85 31 
83 58 66 
80 48 33 
49 59 17 
60 79 78 
72 54 31 
98 74 86 
59 39 12 
91 81 2 
95 44 81 
21 99 55 
60 27 26 
52 22 43 
44 26 5 
9 23 30 
57 85 18 
4 61 26 
97 93 9 
85 72 29 
64 41 17 
4 26 48 
69 61 17 
20 69 84 
70 86 17 
64 29 31 
52 41 38 
3 99 17 
51 84 90 
91 17 60 
64 39 65 
38 83 10 
39 5 34 
38 72 2 
69 11 19 
89 95 38 
36 66 63 
11 92 67 
12 59 70 
69 61 9 
90 2 99 
83 18 61 
44 30 27 
25 74 2 
18 40 44 
65 54 89 
42 87 81 
50 42 12 
21 99 5 
35 43 5 
78 50 11 
97 33 5 
22 51 17 
88 55 68 
62 66 50 
3 14 65 
23 90 21 
37 86 5 
18 8 3 
91 54 85 
48 76 25 
45 72 14 
22 29 41 
39 1 46 
84 12 88 
67 96 57 
82 85 64 
37 63 97 
48 29 28 
24 74 16 
68 90 7 
49 23 32 
99 39 65 
32 92 23 
44 46 61 
42 43 54 
30 53 84 
33 47 17 
99 3 67 
45 10 43 
3 39 8 
18 83 59 
26 68 79 
83 53 99 
28 92 1 
75 68 26 
93 27 78 
26 28 6 
6 24 87 
51 30 83 
42 52 63 
28 46 75 
71 29 94 
18 32 25 
76 81 37 
6 27 33 
5 45 73 
31 42 5 
36 28 58 
53 61 81 
1 64 30 
20 42 10 
63 72 81 
69 35 52 
90 76 39 
34 15 93 
45 33 56 
43 10 65 
67 34 3 
36 53 8 
6 7 96 
4 91 22 
83 77 99 
53 55 61 
76 26 81 
60 53 40 
39 11 81 
100 76 25 
23 93 48 
67 81 74 
89 1 40 
60 52 88 
62 74 72 
86 100 42 
87 56 40 
85 70 54 
34 31 58 
55 58 28 
8 99 21 
59 75 89 
99 29 97 
85 46 8 
51 50 12 
9 80 3 
75 28 23 
26 17 59 
8 26 98 
39 57 92 
32 58 21 
78 50 40 
68 78 85 
80 78 5 
11 38 82 
37 53 3 
62 5 100 
49 43 31 
35 48 52 
29 12 61 
66 19 43 
7 1 26 
91 80 13 
28 48 61 
13 30 85 
68 50 70 
70 35 59 
67 71 83 
8 10 94 
58 39 90 
100 99 78 
5 19 98 
35 2 99 
33 10 1 
75 4 68 
89 46 76 
21 8 29 
80 54 99 
24 98 73 
58 98 83 
6 74 78 
34 59 81 
86 96 17 
22 87 34 
1 71 97 
39 91 2 
41 9 60 
10 26 13 
96 57 4 
73 84 53 
25 84 30 
76 62 12 
95 9 36 
98 92 37 
86 3 81 
6 14 19 
4 75 90 
96 14 78 
98 2 24 
69 75 85 
79 87 47 
3 84 12 
59 86 60 
83 23 87 
49 64 18 
56 35 19 
71 9 30 
42 70 89 
52 1 16 
45 5 98 
37 79 82 
18 1 53 
41 6 31 
89 17 77 
21 55 72 
52 55 40 
4 14 13 
45 48 34 
45 15 69 
39 29 32 
34 94 49 
43 82 63 
74 81 2 
97 70 27 
67 89 15 
59 43 4 
32 34 89 
92 76 100 
66 89 32 
63 91 53 
7 58 35 
22 37 44 
97 75 89 
68 46 20 
77 98 27 
19 51 24 
43 99 21 
77 2 50 
71 43 12 
40 30 87 
37 36 25 
56 17 76 
26 86 94 
19 26 94 
75 1 33 
10 71 27 
62 90 12 
28 21 10 
26 29 47 
21 49 86 
79 39 83 
16 45 58 
93 92 31 
97 12 24 
74 20 95 
88 99 9 
70 86 61 
69 11 16 
91 38 83 
36 99 30 
76 8 16 
57 84 94 
78 21 26 
56 11 39 
78 40 83 
68 96 14 
16 2 6 
68 35 86 
23 70 52 
29 75 56 
24 71 81 
49 72 38 
69 33 22 
35 3 43 
21 24 67 
67 5 23 
50 62 14 
65 47 73 
12 8 27 
58 99 37 
43 81 10 
38 57 45 
1 25 28 
51 56 95 
25 86 71 
82 20 77 
94 35 23 
21 72 29 
20 16 82 
18 64 48 
49 46 14 
12 22 11 
30 86 98 
98 17 61 
93 38 67 
78 42 14 
11 91 93 
37 99 26 
78 29 35 
25 44 74 
78 20 87 
13 9 50 
72 11 2 
32 34 70 
24 6 46 
89 19 24 
61 49 80 
37 83 27 
82 93 50 
99 98 82 
58 62 8 
9 95 44 
72 89 91 
36 4 5 
51 98 25 
69 16 31 
1 66 70 
7 67 40 
48 20 69 
59 11 35 
22 86 65 
90 20 85 
39 45 75 
29 61 15 
43 68 78 
91 41 12 
34 80 57 
29 13 80 
92 64 21 
46 67 47 
90 16 74 
97 35 19 
19 92 95 
42 95 27 
45 9 77 
60 62 3 
78 72 97 
26 81 36 
58 34 49 
57 79 89 
100 46 81 
47 4 8 
34 10 77 
73 38 62 
36 10 8 
9 25 67 
84 56 100 
51 44 18 
8 21 100 
8 87 27 
3 33 95 
75 9 26 
20 91 70 
19 6 34 
49 30 32 
38 87 18 
64 58 85 
91 53 31 
49 72 34 
20 70 11 
12 37 39 
52 3 83 
50 75 39 
32 80 6 
20 18 36 
81 42 84 
33 36 15 
28 67 98 
22 89 57 
51 64 52 
100 39 4 
65 78 17 
27 71 2 
10 64 23 
97 78 91 
35 51 26 
88 89 47 
94 9 35 
72 25 2 
40 3 94 
52 10 3 
71 35 95 
64 96 42 
62 45 24 
80 41 31 
22 15 32 
98 42 56 
5 6 97 
78 44 42 
19 5 70 
73 28 63 
80 6 35 
45 96 64 
25 65 87 
47 56 15 
3 59 16 
51 40 4 
57 27 61 
26 65 94 
33 83 58 
33 54 14 
8 69 68 
35 33 10 
8 6 41 
85 68 50 
74 70 91 
36 71 88 
8 64 16 
22 10 54 
51 43 12 
28 62 93 
80 39 15 
68 97 83 
76 10 5 
72 82 28 
69 70 60 
29 19 66 
16 83 39 
5 89 11 
32 29 30 
24 21 91 
88 67 61 
23 62 7 
23 36 62 
75 74 73 
2 44 20 
81 19 63 
91 2 50 
14 93 33 
8 42 26 
87 97 85 
65 96 13 
46 87 15 
70 92 2 
91 100 51 
99 91 95 
77 53 79 
20 69 44 
31 14 4 
71 100 23 
87 24 20 
64 38 18 
51 62 21 
45 44 8 
68 37 38 
24 94 38 
79 17 65 
37 66 81 
28 55 22 
63 89 6 
15 70 49 
46 97 31 
48 94 3 
15 8 55 
11 53 25 
11 51 96 
15 30 81 
1 100 85 
81 34 93 
65 22 85 
68 15 48 
81 30 99 
89 33 76 
23 13 11 
53 50 21 
51 48 47 
36 89 66 
79 52 19 
52 69 66 
88 51 65 
44 49 63 
61 47 48 
26 91 66 
19 50 29 
61 76 75 
66 43 20 
4 56 95 
46 98 53 
17 77 45 
25 86 32 
61 7 52 
33 2 98 
13 75 64 
28 72 80 
29 4 66 
76 84 71 
73 77 14 
80 10 55 
27 16 84 
53 47 20 
3 45 25 
45 37 43 
13 29 49 
24 7 49 
66 32 40 
35 66 61 
1 45 30 
97 25 69 
19 52 40 
11 73 10 
88 29 12 
86 95 4 
10 7 37 
56 59 5 
27 88 92 
30 31 47 
54 97 15 
65 89 55 
90 25 33 
25 22 91 
21 40 62 
88 19 61 
74 27 51 
24 93 29 
77 92 62 
66 29 86 
16 63 36 
93 66 29 
11 100 30 
77 59 6 
19 97 100 
50 37 83 
75 33 15 
20 55 23 
78 88 53 
30 68 33 
24 51 29 
95 35 18 
52 94 68 
95 8 58 
88 96 100 
97 96 68 
61 40 45 
12 53 57 
17 30 88 
31 21 27 
12 6 44 
60 81 86 
8 64 54 
11 71 12 
75 67 58 
97 71 75 
56 4 35 
42 17 72 
63 49 21 
74 22 42 
22 10 91 
12 38 35 
37 35 94 
77 60 47 
71 85 92 
67 69 37 
4 40 62 
52 27 44 
48 20 62 
73 47 4 
83 39 93 
68 46 5 
89 58 73 
5 43 82 
23 45 17 
80 44 50 
66 61 65 
30 90 88 
39 87 46 
15 71 84 
67 69 13 
36 14 76 
20 31 64 
16 39 78 
77 53 27 
12 75 5 
89 15 51 
23 67 72 
23 58 86 
91 6 57 
45 20 98 
1 45 58 
31 21 3 
13 87 75 
53 47 26 
77 49 21 
9 1 62 
100 45 13 
5 91 37 
63 91 20 
69 92 71 
66 92 45 
60 58 44 
61 35 46 
73 87 47 
90 15 50 
87 86 64 
84 96 19 
59 99 29 
74 95 47 
92 88 42 
11 62 7 
89 14 36 
70 23 60 
26 48 78 
47 23 65 
55 5 83 
99 58 98 
85 63 73 
28 17 31 
4 19 79 
88 90 16 
52 89 87 
18 90 14 
22 66 55 
86 40 46 
13 96 29 
30 49 86 
28 31 32 
20 40 32 
80 26 87 
36 31 98 
35 42 15 
7 53 29 
24 83 55 
59 87 82 
19 62 93 
7 37 74 
67 2 8 
17 99 43 
23 72 99 
3 17 27 
80 13 54 
61 100 55 
57 32 88 
3 68 23 
21 64 18 
70 62 27 
49 29 94 
28 20 93 
22 42 70 
20 84 90 
39 56 95 
77 47 29 
72 6 10 
74 39 5 
81 83 82 
26 61 62 
31 16 18 
47 25 30 
46 16 14 
58 60 69 
72 3 91 
44 50 54 
46 49 45 
86 77 28 
31 90 63 
34 41 75 
97 67 5 
9 32 78 
86 37 30 
19 14 1 
77 52 6 
65 10 22 
69 80 90 
72 22 56 
93 21 100 
63 32 1 
34 38 10 
59 80 26 
1 25 37 
44 28 98 
12 49 16 
28 10 19 
100 98 86 
10 20 88 
52 6 97 
92 58 83 
57 89 92 
28 42 85 
43 88 32 
43 70 71 
21 78 54 
18 31 78 
1 20 30 
79 58 36 
21 7 59 
10 8 70 
13 34 21 
85 3 29 
90 29 83 
27 95 46 
48 58 72 
63 59 55 
48 80 82 
65 51 46 
93 15 57 
5 39 66 
66 70 99 
43 60 22 
15 5 37 
14 80 64 
15 82 6 
59 62 54 
9 86 69 
85 34 32 
4 11 23 
2 25 43 
81 37 59 
37 89 84 
86 39 27 
83 64 26 
79 64 38 
22 79 28 
27 66 79 
72 57 2 
95 56 37 
61 1 52 
88 37 11 
6 31 35 
5 66 4 
13 39 82 
56 82 60 
94 58 24 
79 22 99 
44 97 38 
45 8 59 
96 57 21 
71 68 10 
89 22 40 
2 88 52 
83 16 23 
100 37 75 
89 78 34 
60 55 75 
66 86 50 
99 74 41 
53 42 7 
79 53 50 
32 98 46 
7 33 30 
79 56 53 
62 80 49 
79 97 17 
48 88 59 
19 25 8 
17 34 2 
68 65 61 
29 61 98 
30 40 74 
71 45 24 
11 70 89 
15 72 51 
37 28 81 
45 18 60 
50 68 71 
8 6 90 
77 3 52 
33 71 93 
100 67 78 
70 65 17 
49 81 6 
8 37 6 
52 54 84 
75 15 81 
58 40 48 
16 88 83 
70 76 82 
94 65 45 
36 51 5 
19 6 82 
97 26 7 
48 16 27 
1 15 88 
45 2 93 
37 97 46 
55 85 83 
34 59 44 
6 68 64 
68 92 45 
44 70 47 
79 92 17 
86 84 29 
25 71 24 
92 15 99 
52 67 11 
39 19 58 
8 66 70 
39 13 19 
78 59 68 
49 38 25 
86 17 88 
56 62 65 
60 19 52 
89 80 59 
18 3 20 
16 18 27 
44 34 33 
73 81 14 
2 25 100 
27 94 96 
97 5 3 
87 23 95 
75 40 32 
100 50 14 
2 15 7 
77 5 52 
56 71 18 
90 2 74 
17 4 86 
88 22 69 
82 80 84 
47 29 83 
1 78 13 
11 9 82 
45 38 29 
79 45 59 
99 98 8 
49 71 43 
6 3 14 
62 21 66 
78 37 88 
88 7 39 
14 23 69 
75 2 91 
27 23 68 
57 61 28 
45 43 42 
91 40 82 
36 38 31 
35 6 27 
11 56 7 
37 5 34 
46 18 87 
100 82 58 
48 26 65 
6 4 15 
44 35 11 
79 62 29 
15 90 19 
85 28 14 
43 81 26 
92 27 87 
96 6 50 
87 99 60 
93 90 61 
4 42 13 
71 41 65 
24 79 91 
12 2 27 
38 43 89 
99 64 48 
75 6 14 
29 53 73 
25 64 26 
99 93 88 
93 21 62 
18 98 29 
56 16 34 
100 99 83 
90 76 40 
69 27 96 
45 60 77 
79 43 51 
78 27 18 
62 42 3 
90 76 2 
95 77 73 
100 36 47 
27 65 97 
76 51 68 
30 66 16 
64 31 35 
75 35 20 
88 15 13 
18 47 86 
85 39 70 
79 46 56 
83 96 64 
71 69 20 
12 32 60 
45 41 55 
100 40 96 
78 29 69 
18 93 44 
57 78 11 
31 44 58 
70 55 31 
3 46 36 
54 75 55 
90 99 49 
33 25 28 
38 33 77 
70 96 23 
42 29 72 
33 13 8 
59 34 66 
57 79 73 
19 28 47 
28 92 41 
1 70 12 
66 73 60 
11 45 15 
50 4 43 
41 36 12 
44 70 51 
41 48 19 
48 59 31 
74 31 35 
77 31 50 
98 17 22 
49 56 98 
12 99 92 
97 61 62 
7 23 27 
70 16 40 
7 22 31 
38 25 91 
24 16 68 
27 78 54 
53 39 66 
69 73 58 
17 15 20 
44 96 99 
69 66 92 
71 30 36 
44 79 86 
51 71 39 
94 83 66 
36 96 72 
72 96 17 
46 91 70 
26 72 80 
15 31 67 
20 96 43 
69 95 14 
38 39 42 
54 81 89 
30 92 35 
95 81 7 
64 28 85 
95 37 30 
90 58 73 
43 17 18 
95 16 33 
89 46 13 
78 36 74 
90 78 100 
90 72 50 
100 22 21 
95 36 6 
14 45 28 
94 63 59 
67 24 10 
48 30 64 
7 42 62 
61 99 25 
53 28 62 
92 62 57 
85 27 1 
18 43 45 
3 17 81 
16 1 84 
41 13 25 
69 8 18 
56 28 35 
3 85 7 
82 81 67 
78 24 72 
49 91 76 
70 61 14 
78 7 44 
85 36 43 
61 16 43 
84 100 82 
52 47 17 
74 78 85 
99 35 44 
62 36 37 
4 80 10 
54 24 41 
59 75 14 
65 86 38 
59 64 12 
87 30 65 
96 50 32 
11 74 27 
6 19 95 
27 19 12 
100 55 36 
18 11 5 
38 99 3 
8 73 29 
14 53 58 
56 90 63 
63 36 51 
12 38 26 
26 11 84 
48 28 93 
25 64 16 
64 33 4 
21 80 8 
84 73 33 
33 25 8 
35 16 36 
62 4 34 
56 1 66 
41 60 29 
37 63 22 
72 57 32 
34 42 78 
90 56 76 
12 64 15 
39 53 29 
32 59 81 
43 41 76 
10 4 50 
7 3 12 
80 38 14 
40 69 47 
82 77 97 
39 1 25 
21 32 9 
3 90 9 
33 31 77 
60 50 22 
60 57 78 
41 94 1 
82 83 16 
95 54 7 
11 73 34 
84 22 62 
83 85 13 
50 16 87 
73 56 28 
81 67 60 
20 8 51 
37 87 27 
74 34 41 
7 14 94 
38 60 32 
65 64 100 
28 61 4 
59 58 57 
10 56 12 
55 99 63 
36 35 42 
80 21 39 
70 13 80 
5 26 3 
15 74 1 
45 42 6 
48 8 98 
65 24 55 
16 55 10 
58 71 27 
59 70 97 
55 44 10 
68 73 23 
96 41 79 
45 69 24 
27 71 19 
75 76 17 
100 96 51 
72 94 33 
63 52 14 
85 89 79 
25 62 13 
26 52 11 
71 72 15 
62 38 91 
50 67 20 
90 41 53 
21 13 71 
3 22 6 
41 97 57 
46 93 1 
73 39 60 
42 11 63 
66 87 73 
47 74 70 
43 93 46 
94 27 20 
55 99 48 
26 47 36 
26 5 90 
84 69 70 
46 43 25 
32 72 21 
22 75 99 
79 29 66 
52 100 68 
50 64 33 
19 8 9 
72 82 35 
69 89 88 
32 84 7 
77 78 91 
25 53 19 
53 13 7 
70 94 64 
70 82 22 
17 92 29 
37 55 51 
28 38 70 
67 24 100 
11 72 47 
17 15 56 
14 40 27 
82 24 89 
27 82 11 
55 52 71 
8 24 37 
59 58 49 
31 46 38 
81 29 66 
35 65 16 
17 80 7 
65 80 69 
37 77 30 
85 37 19 
1 31 70 
27 6 84 
41 63 30 
81 64 32 
12 100 31 
56 21 11 
2 64 24 
74 13 82 
30 19 51 
9 5 39 
63 58 85 
16 7 20 
75 76 41 
97 90 37 
78 21 29 
28 3 2 
86 56 4 
3 13 69 
66 40 2 
26 75 100 
16 67 76 
33 39 41 
61 89 66 
77 9 56 
56 35 6 
98 8 93 
8 28 48 
22 90 28 
84 93 27 
18 21 23 
5 35 90 
25 42 8 
99 17 93 
93 68 36 
81 93 80 
20 50 9 
52 50 62 
100 48 99 
71 80 37 
80 38 77 
34 48 90 
69 77 55 
86 22 51 
4 30 75 
43 16 30 
32 22 54 
30 24 73 
62 29 40 
87 11 54 
19 72 49 
34 64 92 
43 99 30 
81 71 13 
3 48 2 
92 35 89 
25 99 51 
1 74 67 
5 91 63 
88 5 15 
10 15 35 
57 3 26 
18 17 92 
6 86 10 
58 18 90 
90 83 46 
58 32 88 
52 33 97 
35 62 67 
51 68 78 
82 18 92 
68 21 74 
94 35 2 
14 50 8 
73 38 61 
58 85 12 
51 36 48 
27 20 93 
52 59 26 
60 55 100 
56 10 99 
54 48 6 
26 69 49 
54 59 52 
27 60 47 
83 89 67 
13 53 33 
57 89 25 
78 92 66 
72 86 27 
81 29 11 
46 76 50 
48 95 96 
69 74 33 
43 31 79 
27 74 89 
40 10 9 
97 73 16 
12 64 71 
35 42 34 
8 48 78 
97 93 35 
80 12 49 
10 85 64 
69 72 80 
29 78 63 
14 84 58 
49 99 48 
45 68 55 
37 88 48 
49 43 98 
96 61 79 
81 38 85 
47 88 44 
18 99 9 
59 82 91 
40 53 79 
24 68 14 
11 45 52 
63 27 30 
5 27 96 
62 76 100 
95 83 16 
42 58 79 
24 16 32 
43 47 19 
39 48 52 
21 70 17 
46 93 20 
9 77 21 
68 82 100 
90 81 27 
44 72 12 
49 56 8 
10 73 16 
89 39 42 
47 26 2 
62 85 34 
20 99 3 
36 75 96 
2 6 63 
2 88 51 
9 11 38 
81 61 40 
21 4 90 
57 17 51 
35 77 39 
10 67 94 
30 3 40 
25 91 2 
98 56 17 
98 91 45 
92 74 83 
65 30 19 
18 4 49 
42 30 38 
62 22 28 
4 84 87 
65 14 89 
7 69 48 
92 90 31 
67 61 89 
27 18 74 
20 99 22 
28 55 14 
25 44 86 
14 71 78 
33 59 55 
68 8 74 
76 54 65 
37 92 75 
51 31 43 
18 53 17 
62 76 88 
2 36 78 
71 80 47 
13 95 43 
11 30 48 
21 10 50 
29 15 77 
25 28 41 
61 82 73 
83 61 9 
26 49 61 
2 41 49 
88 20 61 
40 72 9 
45 11 95 
97 25 96 
7 52 39 
60 96 87 
61 43 22 
6 5 42 
67 44 90 
50 41 16 
21 51 58 
19 98 77 
92 55 20 
15 71 22 
84 13 85 
71 3 65 
93 76 31 
35 61 11 
54 55 15 
52 53 87 
45 86 63 
70 20 59 
13 51 22 
23 9 16 
95 92 46 
88 45 97 
91 93 95 
89 85 90 
81 61 22 
91 76 94 
62 38 18 
94 50 59 
91 51 37 
3 73 68 
24 36 22 
87 5 62 
25 51 18 
56 16 71 
34 4 73 
62 40 80 
5 12 18 
12 21 56 
47 63 62 
52 69 76 
12 27 4 
72 9 82 
83 28 20 
38 5 47 
23 1 64 
15 34 1 
94 56 82 
12 13 79 
1 8 19 
43 11 60 
95 47 55 
85 44 95 
8 9 87 
47 7 62 
87 12 68 
40 72 28 
20 100 29 
94 53 65 
94 15 58 
98 2 16 
90 38 99 
15 42 62 
24 53 63 
19 53 28 
93 64 33 
33 89 57 
20 58 54 
33 14 10 
99 95 73 
79 97 25 
98 11 69 
79 13 68 
95 93 10 
1 71 21 
18 10 68 
90 96 57 
59 75 61 
14 62 79 
86 1 75 
11 47 66 
12 81 35 
49 85 2 
97 41 96 
1 29 70 
21 84 8 
58 45 71 
9 14 40 
37 34 91 
20 86 73 
43 64 67 
52 88 23 
6 40 24 
79 29 93 
5 26 32 
100 44 57 
50 9 62 
17 35 75 
25 17 53 
52 16 10 
73 43 53 
40 6 46 
79 9 92 
67 89 18 
100 55 19 
79 47 64 
81 68 26 
80 48 97 
72 95 21 
66 2 39 
24 82 19 
12 62 7 
28 11 52 
25 52 9 
28 93 14 
86 27 58 
40 57 4 
37 71 88 
25 29 62 
23 71 27 
94 63 66 
20 63 79 
69 36 100 
89 48 44 
15 56 95 
67 95 28 
35 98 84 
86 50 21 
70 82 15 
65 86 14 
36 61 6 
3 60 91 
99 64 72 
93 64 91 
50 85 82 
65 86 40 
6 42 16 
64 40 45 
25 49 84 
52 5 76 
62 24 61 
18 31 47 
98 37 68 
40 55 45 
29 33 89 
18 88 77 
17 4 3 
74 5 45 
74 92 96 
97 38 72 
12 77 37 
86 77 3 
52 18 95 
50 9 41 
80 87 68 
46 44 31 
11 73 43 
32 80 56 
29 73 25 
11 51 86 
42 81 79 
62 91 20 
68 32 70 
96 79 22 
24 79 35 
4 81 100 
36 97 13 
37 47 29 
35 66 4 
33 25 66 
53 54 27 
79 58 60 
86 58 19 
97 63 72 
34 40 14 
82 80 3 
63 69 15 
37 78 90 
60 2 16 
29 4 31 
90 4 80 
11 23 48 
28 45 58 
74 7 42 
20 64 26 
23 73 12 
30 49 96 
82 41 81 
28 53 22 
19 74 3 
4 25 27 
99 38 72 
8 5 99 
50 45 38 
88 13 75 
38 51 32 
78 20 32 
16 12 78 
66 84 98 
87 30 96 
29 96 3 
7 22 81 
19 5 50 
43 44 38 
72 77 93 
52 89 2 
29 8 52 
67 95 65 
84 40 16 
21 100 62 
79 14 12 
69 24 86 
44 75 50 
67 87 71 
84 13 93 
11 57 47 
11 49 90 
36 59 55 
32 27 10 
72 4 59 
35 38 33 
53 51 55 
10 100 65 
32 61 12 
30 89 52 
20 26 7 
81 12 62 
14 45 1 
91 54 53 
1 51 15 
24 20 18 
23 20 18 
81 17 12 
26 38 15 
93 38 57 
69 40 60 
23 52 13 
78 7 79 
1 23 75 
70 23 7 
1 40 68 
1 11 17 
15 7 14 
17 45 74 
46 9 23 
61 27 45 
18 73 26 
65 91 21 
20 44 1 
38 68 93 
76 36 62 
19 68 97 
45 18 55 
86 2 52 
69 15 52 
10 66 24 
54 69 72 
87 84 94 
17 25 65 
52 36 72 
55 36 76 
5 20 83 
82 81 78 
7 68 8 
45 97 5 
86 55 78 
11 15 16 
91 83 46 
43 34 47 
91 78 28 
47 95 35 
71 56 94 
54 88 11 
61 3 54 
39 48 12 
38 25 58 
76 72 25 
68 16 48 
88 21 75 
2 24 57 
88 94 63 
99 51 66 
73 98 18 
84 100 67 
68 26 69 
88 11 69 
100 38 80 
49 42 12 
62 100 29 
52 13 48 
34 64 88 
93 90 47 
47 88 43 
18 67 40 
29 41 53 
11 59 53 
71 87 26 
100 11 99 
72 44 69 
31 36 56 
19 21 5 
60 21 54 
2 54 26 
66 18 51 
64 19 99 
34 69 43 
98 22 69 
80 42 39 
18 58 69 
42 62 77 
43 61 71 
45 25 77 
39 91 64 
47 27 48 
22 27 33 
28 51 52 
73 98 64 
10 64 7 
95 55 25 
76 3 27 
40 94 29 
1 90 23 
24 89 67 
30 23 50 
22 33 83 
88 93 64 
64 27 66 
44 9 35 
36 17 86 
58 13 52 
5 48 92 
79 8 21 
61 74 7 
70 19 86 
85 1 70 
31 9 33 
91 51 6 
66 14 77 
20 33 59 
49 57 45 
44 79 100 
45 100 60 
12 3 62 
70 39 34 
72 56 37 
25 79 49 
76 65 38 
43 21 65 
97 66 35 
68 48 45 
10 2 11 
67 100 5 
27 61 29 
84 31 67 
75 22 40 
4 94 88 
38 76 89 
78 35 39 
86 18 78 
72 66 81 
11 10 39 
23 68 22 
24 16 59 
40 46 37 
14 46 85 
76 78 80 
56 76 44 
68 20 77 
95 59 25 
66 45 86 
71 57 62 
93 71 36 
86 75 15 
38 1 11 
76 13 20 
33 74 73 
66 22 45 
81 18 58 
14 85 92 
50 88 46 
27 43 45 
53 2 47 
93 90 24 
87 56 36 
46 13 43 
73 45 74 
40 87 34 
8 36 94 
20 94 77 
41 21 72 
25 47 78 
48 63 10 
74 47 53 
91 50 39 
32 28 3 
89 24 34 
33 69 84 
58 100 93 
43 98 20 
67 11 61 
3 26 15 
89 75 20 
86 4 55 
11 37 12 
10 80 1 
16 10 42 
92 51 61 
53 45 76 
41 65 28 
78 59 76 
57 5 58 
1 19 95 
8 75 93 
96 17 4 
79 40 54 
60 53 28 
90 36 91 
58 99 88 
100 45 37 
26 21 77 
25 42 50 
96 10 12 
2 69 43 
16 55 57 
82 96 49 
45 98 12 
69 90 38 
89 34 71 
18 59 6 
80 51 22 
48 26 56 
21 2 50 
64 38 2 
17 50 35 
36 74 100 
10 81 74 
55 73 70 
40 98 74 
60 26 28 
1 73 25 
11 25 16 
16 31 85 
98 24 15 
60 66 3 
27 83 92 
79 81 1 
24 36 75 
12 83 50 
64 56 90 
65 55 7 
53 80 62 
80 55 27 
5 86 6 
11 87 31 
83 63 9 
51 34 47 
15 49 90 
79 23 81 
80 99 4 
2 20 18 
34 76 13 
60 49 57 
98 69 64 
44 76 27 
28 4 38 
23 22 21 
98 34 67 
73 37 91 
73 48 27 
86 85 70 
54 60 96 
96 92 62 
92 66 8 
94 74 100 
33 20 17 
70 59 5 
87 48 54 
95 79 55 
59 80 53 
15 39 50 
59 100 22 
53 97 87 
83 73 66 
12 79 89 
27 15 93 
32 79 14 
95 9 77 
75 91 41 
66 85 22 
32 11 52 
76 27 21 
16 54 53 
47 17 12 
67 73 43 
67 77 8 
47 83 33 
68 81 80 
3 77 7 
14 55 91 
84 4 56 
82 33 5 
50 47 42 
38 57 72 
72 95 63 
57 83 21 
16 37 48 
84 70 37 
33 91 7 
56 88 77 
68 14 45 
48 10 33 
84 34 32 
73 46 96 
38 28 97 
29 81 51 
24 19 74 
15 54 80 
40 65 46 
59 97 20 
81 2 13 
68 46 66 
84 37 22 
46 67 4 
72 99 80 
60 18 25 
63 54 75 
37 17 92 
21 44 45 
46 81 79 
71 20 70 
82 3 99 
4 12 28 
78 28 17 
2 55 8 
25 17 80 
23 41 78 
1 78 54 
64 66 11 
54 43 45 
19 64 77 
26 91 28 
33 92 78 
54 60 94 
80 14 54 
24 43 66 
49 89 53 
18 63 72 
58 44 11 
76 13 7 
76 22 15 
5 75 99 
39 64 88 
64 66 25 
40 67 88 
22 34 71 
75 46 17 
81 97 10 
84 41 67 
8 52 74 
74 91 7 
9 99 84 
68 40 7 
13 55 24 
7 12 1 
14 66 63 
53 78 47 
49 31 10 
35 42 25 
84 67 70 
47 4 57 
20 1 50 
40 11 12 
55 16 62 
64 40 86 
91 58 9 
15 51 30 
76 37 87 
22 87 82 
97 90 31 
26 72 18 
85 95 39 
11 20 65 
73 81 32 
19 9 26 
58 89 12 
77 79 73 
83 4 69 
94 22 27 
86 79 46 
57 64 54 
95 92 83 
47 7 4 
39 24 61 
57 8 53 
80 98 27 
27 32 55 
84 54 85 
17 9 62 
54 83 80 
32 46 74 
84 34 23 
20 68 34 
22 96 33 
20 6 70 
74 47 86 
36 47 73 
9 58 35 
88 5 71 
44 38 5 
49 15 37 
54 5 44 
4 100 34 
80 44 49 
99 42 97 
92 85 47 
53 10 94 
97 29 94 
22 41 91 
23 53 61 
43 93 23 
82 17 77 
8 4 45 
48 21 3 
16 82 91 
46 97 100 
46 40 57 
71 90 42 
69 21 23 
60 29 23 
17 79 36 
38 47 33 
87 63 68 
59 42 20 
17 20 24 
94 66 8 
82 42 41 
43 62 48 
81 11 1 
14 29 13 
25 72 46 
88 53 71 
22 13 42 
50 7 42 
37 70 76 
80 75 51 
95 63 64 
82 81 98 
48 99 32 
85 2 25 
63 8 61 
91 100 61 
80 98 56 
51 45 30 
41 95 9 
50 68 75 
62 68 46 
5 98 79 
3 24 35 
63 3 69 
58 44 53 
42 98 37 
11 82 100 
30 33 2 
95 36 80 
25 93 38 
90 73 76 
46 67 16 
59 58 78 
55 62 72 
21 25 1 
10 57 87 
61 47 28 
73 4 51 
59 18 80 
29 42 68 
9 92 80 
31 51 12 
59 80 2 
22 69 48 
55 9 44 
36 73 7 
94 78 55 
5 92 18 
89 2 51 
51 50 37 
88 29 89 
41 1 77 
60 68 23 
96 63 74 
62 85 58 
85 17 76 
64 40 11 
55 34 59 
97 2 12 
93 95 100 
54 71 99 
85 42 36 
7 20 97 
59 33 83 
47 41 93 
42 57 70 
38 57 8 
37 53 60 
79 15 59 
77 46 39 
60 21 29 
93 14 58 
64 44 41 
90 50 8 
39 60 41 
3 49 90 
74 36 27 
62 1 66 
74 54 48 
58 35 78 
88 62 51 
87 12 62 
53 44 36 
92 48 20 
64 74 93 
9 10 88 
72 16 86 
82 99 57 
65 69 61 
73 40 50 
13 49 1 
21 45 10 
66 42 35 
52 56 20 
81 24 70 
65 54 67 
43 38 95 
76 85 86 
68 70 97 
21 56 51 
59 30 13 
20 52 12 
34 37 89 
69 77 73 
78 47 5 
55 88 2 
97 92 59 
80 44 46 
18 13 1 
57 3 97 
19 33 57 
90 77 61 
70 49 61 
76 15 7 
59 8 33 
44 36 7 
16 84 20 
40 53 19 
14 36 12 
3 33 37 
97 91 8 
85 6 26 
72 45 56 
9 23 87 
43 22 26 
88 75 55 
57 89 98 
32 96 17 
84 19 70 
21 31 49 
96 79 81 
75 42 69 
13 42 37 
91 58 37 
8 43 36 
96 63 76 
54 45 36 
71 62 20 
34 58 95 
67 57 80 
25 96 41 
42 15 69 
67 27 5 
86 61 93 
29 30 59 
44 6 24 
99 46 28 
1 52 32 
16 33 59 
6 64 70 
63 50 96 
72 59 41 
77 14 98 
97 90 56 
35 43 91 
66 48 7 
77 92 11 
3 56 80 
45 38 26 
14 84 78 
68 31 49 
21 77 2 
38 92 42 
56 42 81 
96 12 61 
33 10 27 
7 84 94 
4 65 97 
65 99 82 
79 56 27 
10 34 35 
14 91 19 
30 61 32 
58 61 95 
23 66 32 
95 12 63 
34 40 44 
75 19 23 
6 2 9 
3 21 46 
66 18 46 
42 19 72 
100 16 81 
28 72 35 
35 21 14 
29 17 53 
64 65 52 
79 67 23 
9 70 46 
85 79 73 
98 2 66 
91 46 43 
76 68 46 
23 9 58 
23 69 83 
29 66 31 
60 26 61 
19 10 11 
77 48 16 
27 100 34 
38 99 39 
19 61 57 
8 56 53 
73 60 41 
10 97 49 
31 85 84 
92 64 8 
80 27 39 
85 26 76 
92 36 53 
28 22 14 
81 31 97 
24 32 19 
29 54 20 
12 99 100 
76 87 19 
1 75 7 
52 23 54 
57 38 58 
15 27 97 
89 43 14 
95 61 47 
18 59 16 
41 24 65 
65 57 12 
72 68 69 
51 58 94 
37 65 81 
76 25 70 
74 48 98 
97 72 64 
47 64 93 
7 63 49 
35 1 4 
33 34 74 
96 94 86 
81 27 23 
15 35 74 
62 68 17 
46 43 6 
50 24 87 
63 58 82 
18 53 61 
8 51 91 
3 8 95 
65 42 80 
65 62 42 
44 57 28 
82 96 39 
69 55 6 
35 6 61 
36 64 51 
42 56 40 
37 80 100 
53 76 50 
65 13 91 
77 35 62 
24 8 40 
21 57 93 
5 90 28 
48 71 78 
40 11 73 
53 48 49 
19 7 2 
50 98 30 
76 81 95 
99 73 14 
38 12 52 
26 95 43 
11 34 22 
67 17 64 
15 12 86 
100 73 45 
71 30 41 
57 6 51 
1 43 71 
69 57 5 
32 99 59 
35 56 44 
73 39 62 
14 93 82 
85 80 8 
16 63 44 
3 19 67 
53 4 17 
30 23 7 
77 32 59 
41 77 38 
48 51 65 
10 26 7 
55 21 64 
17 74 6 
7 52 84 
88 1 14 
37 92 67 
72 94 40 
73 4 50 
64 32 66 
20 38 62 
1 18 75 
12 48 8 
79 19 99 
89 29 75 
11 96 82 
75 15 77 
27 45 15 
31 65 50 
41 12 88 
39 31 19 
43 32 33 
14 90 69 
99 62 77 
83 45 64 
1 55 65 
56 64 71 
19 79 45 
8 79 96 
12 78 21 
60 18 33 
25 18 77 
78 32 8 
92 66 18 
14 3 42 
24 47 66 
24 98 84 
9 17 38 
96 81 64 
6 46 53 
34 78 51 
37 19 87 
89 75 79 
89 81 48 
23 5 14 
54 33 94 
76 70 6 
77 58 16 
9 13 53 
36 69 76 
70 45 17 
67 20 59 
32 6 79 
40 9 2 
88 95 87 
15 3 71 
52 80 60 
60 33 74 
57 28 22 
14 31 32 
29 49 51 
11 24 85 
49 81 33 
90 18 32 
66 46 24 
10 73 40 
63 12 15 
22 18 55 
57 34 4 
2 83 40 
3 44 89 
71 21 70 
85 77 3 
8 36 25 
35 68 10 
35 21 38 
13 27 9 
41 21 10 
65 25 28 
5 58 36 
21 51 15 
29 64 98 
63 53 44 
47 62 67 
18 26 95 
58 50 9 
99 93 61 
63 31 13 
48 59 11 
73 56 96 
65 32 91 
66 91 44 
38 69 12 
20 60 36 
17 36 49 
51 86 62 
98 93 22 
25 48 78 
37 27 61 
15 4 64 
48 58 86 
42 25 87 
51 83 15 
78 38 97 
50 64 92 
4 15 79 
43 40 48 
48 33 27 
82 1 98 
2 40 89 
30 29 33 
24 94 52 
72 44 77 
17 8 59 
5 14 76 
10 52 35 
46 35 59 
51 42 49 
87 96 6 
37 72 50 
97 24 15 
1 11 25 
12 17 41 
40 88 57 
76 33 84 
84 42 73 
95 5 19 
17 13 15 
47 10 83 
35 22 8 
72 46 74 
15 70 52 
91 79 23 
53 55 17 
79 93 74 
55 49 68 
65 69 19 
51 62 95 
22 88 53 
35 55 67 
100 55 80 
81 60 48 
14 30 1 
11 55 17 
90 94 4 
32 86 23 
53 62 24 
67 40 86 
87 85 73 
85 34 5 
88 11 74 
12 93 43 
34 53 38 
72 54 98 
9 95 73 
45 19 65 
98 3 71 
71 24 92 
76 36 67 
4 62 1 
2 43 34 
100 79 67 
79 11 66 
88 97 64 
8 92 97 
34 46 27 
72 53 26 
36 95 96 
37 8 96 
61 23 100 
70 38 90 
50 44 69 
70 54 72 
92 78 89 
28 42 19 
40 66 52 
92 64 3 
30 9 46 
22 15 74 
14 27 63 
99 70 53 
95 39 19 
66 96 46 
18 15 4 
22 85 81 
10 21 4 
5 55 47 
44 98 34 
15 29 16 
29 37 55 
57 2 99 
8 19 63 
34 99 100 
12 33 59 
46 70 67 
49 13 67 
64 46 20 
94 66 34 
29 12 87 
79 17 64 
39 73 11 
23 14 58 
16 75 51 
36 59 65 
22 20 13 
12 32 34 
44 56 1 
46 2 9 
30 65 92 
14 19 72 
15 74 71 
98 63 6 
56 4 37 
85 93 86 
29 77 44 
19 80 32 
39 15 24 
78 70 58 
94 81 49 
10 69 84 
96 76 25 
1 11 8 
31 17 66 
4 71 61 
32 61 7 
45 54 63 
10 29 18 
97 76 71 
42 98 27 
7 80 86 
96 76 4 
26 23 59 
83 18 73 
29 54 86 
10 42 58 
45 68 52 
88 7 93 
60 33 30 
51 94 40 
84 33 55 
68 63 96 
68 15 90 
86 39 52 
5 44 11 
20 88 87 
82 46 39 
57 28 80 
98 37 88 
1 46 78 
54 66 34 
93 36 67 
55 43 18 
53 67 6 
92 14 65 
14 8 25 
9 52 31 
65 8 23 
32 49 82 
6 5 91 
70 1 57 
1 81 45 
55 81 17 
78 97 29 
56 76 27 
16 56 69 
89 3 71 
81 61 7 
27 13 46 
10 54 27 
16 55 63 
45 65 29 
19 21 61 
67 3 35 
1 91 4 
54 43 26 
13 88 43 
59 33 9 
31 73 3 
54 11 68 
76 5 73 
27 56 91 
48 36 85 
3 34 10 
58 47 42 
88 45 96 
5 79 96 
39 16 40 
56 46 97 
97 62 66 
11 44 9 
10 81 91 
53 42 78 
30 18 90 
18 1 70 
65 67 97 
97 73 93 
68 31 40 
9 65 42 
20 9 66 
70 44 10 
77 70 87 
73 61 9 
26 53 16 
73 62 51 
54 6 38 
55 37 27 
29 36 48 
60 86 35 
11 33 43 
71 19 90 
56 45 76 
22 18 19 
27 51 1 
45 88 47 
13 24 41 
65 23 12 
13 47 43 
18 92 71 
11 73 71 
17 29 60 
79 61 16 
48 18 38 
37 78 80 
77 56 38 
49 98 45 
48 11 29 
4 95 2 
27 54 25 
98 63 45 
30 52 8 
14 72 40 
16 63 87 
88 30 36 
58 97 30 
14 28 33 
89 8 50 
43 27 17 
66 100 58 
63 93 98 
51 27 70 
100 20 11 
22 52 69 
98 69 24 
7 3 84 
84 93 46 
40 12 52 
58 50 30 
29 12 71 
4 51 69 
25 54 17 
62 38 9 
9 37 8 
60 35 99 
39 97 27 
98 96 47 
5 93 31 
48 31 97 
60 49 85 
92 56 14 
91 86 2 
46 100 94 
60 14 19 
55 26 59 
72 82 48 
37 69 6 
20 40 51 
69 74 4 
98 68 58 
51 62 1 
96 77 60 
73 95 86 
79 16 18 
83 70 72 
94 100 43 
21 33 37 
83 36 63 
35 72 19 
28 21 38 
67 64 13 
53 38 49 
30 68 19 
32 98 84 
36 76 32 
26 63 35 
24 92 23 
96 32 49 
89 45 74 
82 85 70 
82 7 96 
44 26 20 
5 46 34 
13 86 62 
72 68 86 
32 56 73 
52 1 71 
51 13 42 
36 77 34 
6 21 31 
88 11 16 
86 55 80 
15 71 21 
41 23 57 
49 85 80 
60 89 24 
65 95 49 
36 88 52 
29 88 48 
22 73 39 
42 17 60 
82 22 32 
100 17 96 
14 2 62 
19 69 64 
19 20 13 
20 18 40 
19 34 37 
9 29 22 
84 29 72 
91 78 35 
35 63 16 
53 78 51 
46 98 38 
67 86 52 
56 35 62 
93 94 61 
1 66 99 
6 21 2 
91 94 46 
71 83 92 
73 92 25 
50 88 85 
29 38 2 
99 23 45 
71 45 67 
41 40 7 
52 53 79 
4 42 68 
58 4 43 
29 93 43 
56 78 58 
21 50 14 
13 60 42 
97 23 96 
11 32 84 
48 69 46 
43 79 17 
89 10 25 
35 17 32 
61 99 60 
7 44 1 
32 15 61 
68 100 2 
18 87 72 
49 87 35 
54 47 36 
7 51 29 
22 84 21 
21 55 13 
48 53 72 
44 23 56 
83 9 26 
29 79 32 
11 71 15 
31 87 71 
66 21 48 
87 70 57 
37 66 15 
25 9 46 
95 17 20 
13 58 20 
90 78 25 
67 43 89 
27 84 14 
26 91 19 
45 47 61 
53 95 39 
49 75 42 
10 74 18 
92 43 50 
49 95 1 
40 77 93 
18 63 94 
3 7 19 
40 44 80 
72 68 66 
60 26 17 
32 87 41 
48 8 18 
18 10 44 
5 29 28 
7 98 46 
91 42 11 
19 14 16 
52 31 55 
10 50 2 
20 79 45 
100 39 1 
11 27 37 
94 80 52 
41 22 69 
66 6 77 
79 66 88 
95 47 54 
33 2 92 
33 77 70 
80 66 83 
53 14 62 
61 49 11 
98 15 72 
64 19 44 
99 69 29 
86 27 37 
20 51 22 
5 50 78 
13 55 65 
81 28 4 
1 22 41 
66 93 84 
32 90 60 
34 38 28 
45 96 97 
85 46 79 
13 86 16 
39 64 59 
11 72 28 
62 56 85 
14 45 25 
7 30 32 
56 77 68 
83 88 9 
88 24 6 
1 68 93 
79 23 5 
53 90 87 
4 7 6 
100 5 96 
62 64 58 
72 18 68 
91 45 31 
16 84 3 
50 12 65 
99 59 78 
59 22 89 
27 20 64 
65 24 6 
84 47 18 
6 81 74 
47 92 22 
53 90 65 
27 72 19 
97 9 13 
45 62 49 
10 44 53 
66 78 64 
58 29 75 
77 94 14 
90 82 45 
31 58 29 
31 46 68 
45 93 8 
17 34 56 
43 26 15 
10 67 46 
6 91 26 
48 75 39 
32 81 89 
92 51 9 
93 60 72 
10 35 71 
69 60 34 
87 95 11 
72 68 47 
54 39 25 
38 76 20 
84 68 31 
8 17 18 
13 37 85 
50 27 76 
100 95 48 
22 21 49 
58 8 10 
50 88 20 
45 31 88 
6 71 88 
60 17 99 
15 55 5 
33 47 3 
80 47 46 
3 18 100 
97 20 70 
100 16 73 
40 54 72 
83 39 64 
15 58 39 
3 1 4 
64 99 35 
17 96 63 
87 70 97 
34 46 52 
80 42 34 
3 88 56 
64 52 73 
72 13 59 
81 59 97 
96 26 5 
13 24 94 
84 6 60 
42 98 16 
69 35 23 
56 49 55 
69 10 100 
28 61 70 
63 31 3 
55 60 87 
57 27 58 
10 90 16 
27 62 58 
17 86 27 
29 65 97 
72 65 61 
18 94 43 
13 12 20 
82 59 19 
57 54 12 
20 45 29 
90 76 96 
67 8 4 
84 47 36 
21 62 15 
78 88 15 
68 24 80 
4 53 92 
60 68 99 
30 86 66 
90 53 49 
83 97 75 
86 52 88 
27 7 86 
22 81 55 
32 95 89 
60 8 89 
68 64 67 
79 21 98 
47 58 91 
66 86 74 
1 99 32 
26 10 55 
58 4 3 
65 74 33 
56 4 78 
38 81 42 
58 83 11 
15 89 62 
22 25 76 
77 81 1 
61 9 75 
25 56 42 
63 16 21 
70 97 80 
23 55 100 
87 11 66 
68 89 32 
53 2 81 
3 54 95 
53 4 42 
71 44 91 
57 58 50 
71 31 20 
47 86 65 
96 48 33 
83 73 70 
39 72 85 
12 53 93 
86 54 32 
12 14 27 
88 89 11 
82 93 88 
14 31 62 
66 61 100 
9 4 37 
33 8 92 
49 56 44 
51 3 11 
78 8 39 
72 96 98 
56 28 59 
60 2 66 
26 51 10 
63 18 99 
27 68 60 
70 42 7 
47 65 36 
61 75 54 
34 51 57 
1 12 96 
78 30 4 
33 73 97 
4 47 46 
44 1 97 
58 15 45 
89 82 12 
25 96 43 
34 81 45 
13 17 67 
1 89 59 
64 89 67 
12 99 86 
72 33 82 
48 85 28 
66 74 20 
13 51 32 
2 35 80 
41 15 16 
16 49 19 
60 45 90 
84 44 53 
48 71 3 
62 41 3 
15 22 41 
22 59 17 
42 88 48 
94 10 62 
18 3 15 
51 39 41 
92 94 14 
59 5 42 
1 31 89 
18 95 51 
46 60 24 
32 99 61 
55 66 26 
36 95 65 
73 68 82 
75 30 47 
96 11 52 
53 22 98 
38 37 93 
44 62 84 
57 10 85 
30 99 6 
25 54 6 
52 54 82 
46 71 54 
51 54 3 
23 75 50 
70 28 1 
5 25 41 
20 54 74 
40 42 84 
60 4 61 
53 75 46 
97 24 10 
89 15 72 
4 5 88 
21 36 5 
74 49 53 
23 86 73 
8 91 17 
40 15 63 
69 27 31 
16 69 63 
52 93 16 
20 81 78 
68 67 77 
33 1 50 
28 11 29 
58 13 9 
62 96 16 
99 66 58 
48 19 5 
90 77 48 
78 11 48 
88 97 36 
4 53 90 
77 64 15 
30 96 85 
20 25 32 
9 95 70 
1 21 33 
24 23 99 
98 56 11 
55 89 88 
70 58 22 
67 13 20 
65 68 84 
41 65 36 
72 84 76 
19 46 54 
87 59 90 
37 74 89 
78 84 32 
44 20 93 
78 62 83 
65 14 82 
70 38 66 
29 68 88 
90 88 95 
21 25 85 
16 84 80 
85 36 29 
66 7 43 
54 83 58 
4 59 2 
45 14 41 
40 53 9 
89 47 70 
27 23 5 
13 29 27 
15 92 22 
96 74 76 
90 79 48 
38 46 22 
82 84 12 
18 7 29 
5 75 62 
99 36 66 
8 7 50 
38 12 60 
70 72 76 
10 7 14 
86 88 83 
78 68 41 
60 50 55 
76 14 26 
41 34 28 
78 97 58 
77 97 99 
90 15 94 
96 52 35 
13 32 49 
84 38 8 
18 25 56 
78 49 3 
21 59 26 
90 11 76 
73 60 7 
90 32 39 
55 99 1 
5 83 58 
30 77 31 
9 2 55 
19 92 37 
64 35 96 
26 74 21 
33 100 18 
24 46 7 
54 44 30 
9 97 44 
54 28 39 
50 89 67 
26 57 48 
13 99 83 
7 54 61 
25 32 19 
99 93 55 
7 6 37 
97 17 24 
26 60 39 
27 79 40 
19 55 65 
97 23 76 
93 92 58 
42 76 49 
16 62 9 
84 88 5 
44 60 7 
9 8 64 
23 87 48 
77 60 12 
30 11 18 
10 21 47 
54 59 40 
81 71 35 
14 37 45 
88 7 12 
85 73 58 
68 45 80 
93 49 92 
39 73 65 
37 53 13 
12 30 89 
73 5 47 
56 36 6 
83 66 48 
51 86 94 
80 81 29 
36 57 19 
79 99 44 
32 58 65 
64 10 43 
80 59 93 
86 57 29 
74 79 75 
66 86 98 
38 60 36 
63 6 30 
8 45 9 
41 2 52 
80 22 34 
42 29 99 
58 84 76 
2 12 6 
34 93 31 
86 39 8 
69 22 82 
75 70 92 
32 16 50 
56 93 83 
57 79 91 
49 94 72 
91 1 50 
57 56 40 
78 52 69 
60 22 68 
73 98 27 
24 51 30 
41 82 63 
41 26 22 
71 43 95 
16 20 69 
86 81 4 
80 98 29 
3 8 23 
87 49 58 
97 60 62 
5 92 74 
71 63 29 
23 65 38 
21 60 81 
82 29 41 
50 34 95 
36 87 10 
85 89 38 
71 39 35 
25 89 58 
87 52 18 
86 35 80 
8 82 91 
90 41 84 
40 43 17 
90 66 84 
79 8 20 
6 13 53 
52 89 45 
93 55 47 
87 95 27 
60 93 79 
60 32 5 
97 23 32 
47 95 21 
2 51 17 
21 4 86 
56 27 29 
21 74 28 
95 5 81 
81 66 93 
43 78 62 
46 79 33 
55 7 42 
92 82 29 
53 46 37 
100 91 94 
85 94 91 
4 32 1 
2 23 35 
39 67 84 
8 66 27 
29 68 52 
89 64 81 
37 75 85 
82 53 89 
68 1 90 
20 60 77 
27 7 50 
8 68 4 
16 21 88 
50 9 79 
17 7 32 
48 14 12 
2 95 74 
56 35 53 
44 94 4 
100 95 17 
22 43 68 
91 42 85 
9 73 76 
73 20 63 
26 22 54 
99 77 40 
15 58 92 
74 87 3 
22 40 28 
17 3 66 
10 67 75 
77 84 7 
94 29 10 
78 43 81 
84 37 88 
72 6 20 
13 22 39 
31 48 73 
5 1 64 
58 3 44 
45 15 38 
43 18 16 
43 27 28 
78 12 81 
71 1 68 
72 66 14 
9 3 34 
2 13 88 
97 56 96 
31 22 91 
35 43 36 
8 85 5 
13 70 14 
90 49 30 
87 28 97 
81 23 30 
78 33 74 
65 10 64 
51 80 90 
24 25 44 
74 94 13 
100 46 39 
53 97 84 
71 61 65 
6 45 26 
99 41 93 
17 51 60 
43 10 4 
22 99 11 
97 40 98 
14 20 67 
96 59 45 
65 16 34 
4 22 11 
1 50 8 
25 24 29 
35 18 28 
45 44 23 
17 71 9 
5 95 7 
49 31 18 
96 61 57 
60 37 54 
59 80 94 
49 88 55 
88 90 10 
86 53 5 
13 48 6 
26 65 93 
26 17 46 
15 62 92 
11 93 86 
94 80 13 
79 89 86 
40 87 76 
1 43 42 
49 34 29 
56 61 81 
1 63 42 
68 3 50 
25 57 40 
63 33 86 
56 7 26 
42 24 79 
55 7 58 
99 27 46 
46 32 95 
23 46 30 
53 71 36 
32 78 58 
29 51 32 
89 19 39 
30 20 45 
72 94 17 
53 42 76 
76 87 58 
51 80 60 
44 39 8 
16 48 91 
44 74 97 
53 25 68 
34 27 54 
13 22 10 
95 52 79 
88 77 8 
93 26 64 
56 4 32 
10 13 47 
48 35 38 
71 9 65 
85 32 67 
9 80 30 
60 66 29 
2 34 55 
32 8 27 
37 79 16 
46 41 72 
48 13 17 
18 33 85 
47 5 14 
30 16 68 
42 3 73 
61 75 62 
76 3 71 
56 17 33 
33 27 5 
95 60 35 
5 36 97 
65 25 16 
21 8 52 
63 2 34 
79 87 31 
6 34 57 
99 17 78 
94 6 14 
84 32 39 
91 21 53 
53 34 46 
69 91 16 
23 74 11 
82 85 31 
14 90 4 
38 33 65 
34 45 54 
28 90 6 
24 85 63 
58 53 88 
65 80 56 
7 51 36 
39 6 87 
44 94 20 
15 33 60 
33 57 98 
50 41 49 
82 80 29 
27 42 54 
28 95 75 
17 33 59 
84 68 55 
62 25 44 
69 41 51 
39 52 12 
19 99 33 
44 11 65 
49 7 40 
89 40 45 
51 1 67 
75 35 39 
58 88 78 
65 64 18 
96 29 94 
16 6 66 
100 26 44 
97 23 66 
80 40 53 
58 43 90 
99 48 92 
74 82 94 
32 51 18 
30 84 15 
73 63 44 
100 49 33 
86 71 99 
52 48 11 
96 94 69 
83 18 15 
81 28 27 
96 19 91 
65 1 24 
46 49 33 
26 66 15 
18 68 4 
89 12 80 
75 70 14 
21 50 9 
51 84 87 
86 2 44 
46 87 81 
95 13 9 
86 76 70 
57 7 29 
13 2 77 
7 68 57 
81 16 32 
95 22 9 
7 9 4 
9 56 60 
59 35 22 
41 65 18 
24 85 60 
23 31 76 
7 73 85 
29 4 36 
34 12 51 
30 23 26 
32 13 72 
15 34 65 
22 5 59 
6 52 36 
72 46 77 
54 56 79 
97 27 62 
55 37 78 
22 57 95 
96 56 61 
15 25 96 
68 9 37 
40 74 67 
59 22 33 
19 89 14 
15 16 57 
11 82 3 
13 37 7 
42 71 84 
54 55 43 
61 89 50 
69 26 16 
83 47 72 
82 79 2 
83 2 93 
88 17 7 
36 23 46 
23 73 22 
71 26 63 
22 99 60 
49 2 75 
60 26 75 
92 88 91 
99 86 94 
5 58 56 
26 50 24 
29 34 9 
5 37 78 
99 95 43 
47 49 23 
18 25 2 
17 5 68 
23 79 28 
86 77 19 
44 93 33 
25 20 45 
22 75 96 
74 38 56 
82 76 1 
2 29 10 
80 29 84 
95 55 76 
85 19 14 
17 25 70 
27 44 46 
72 27 100 
29 26 61 
60 36 82 
65 51 7 
95 21 7 
6 48 14 
80 2 41 
6 36 50 
20 40 13 
75 91 92 
1 23 97 
100 96 25 
31 30 52 
95 29 26 
78 30 29 
45 42 30 
19 71 99 
28 38 12 
94 35 6 
72 65 69 
91 14 54 
32 21 25 
54 25 97 
9 21 81 
88 75 24 
47 56 52 
14 69 72 
10 45 34 
96 73 60 
26 51 38 
8 66 56 
71 69 4 
1 28 69 
97 17 22 
46 56 16 
26 68 87 
67 77 12 
27 62 12 
40 46 19 
10 80 57 
33 56 60 
97 57 92 
48 9 55 
39 65 29 
68 39 69 
65 58 36 
57 68 97 
89 36 19 
93 42 91 
78 49 28 
40 53 77 
20 87 32 
41 26 8 
45 96 82 
23 66 99 
97 74 10 
40 7 53 
88 26 95 
39 41 91 
3 80 25 
12 59 72 
40 23 67 
13 22 28 
38 37 91 
34 15 42 
25 29 67 
78 87 62 
40 14 46 
100 45 36 
67 92 24 
29 100 7 
81 65 21 
79 81 25 
49 35 70 
84 77 95 
71 96 31 
22 30 78 
73 65 91 
26 93 98 
82 62 76 
5 59 95 
53 8 7 
30 90 86 
95 2 60 
5 64 21 
62 69 18 
9 44 90 
89 51 49 
75 3 87 
54 97 14 
44 25 15 
37 12 30 
83 89 40 
10 50 73 
34 51 39 
99 78 18 
37 77 44 
49 30 4 
8 39 15 
8 34 67 
75 10 68 
41 69 72 
82 50 1 
91 39 33 
45 55 48 
56 28 36 
33 76 46 
12 62 92 
33 9 54 
79 30 66 
57 52 2 
45 65 41 
100 39 99 
96 91 85 
25 84 75 
48 37 76 
65 52 33 
56 39 35 
44 26 27 
33 61 31 
62 36 17 
27 32 56 
66 92 80 
17 45 82 
46 72 22 
89 34 94 
58 84 79 
51 23 70 
78 88 31 
40 57 15 
51 87 42 
19 34 74 
63 11 12 
70 58 2 
94 83 52 
39 30 53 
5 34 26 
43 85 87 
50 38 23 
95 50 82 
50 49 20 
75 41 92 
27 82 25 
90 46 26 
67 29 62 
84 99 29 
57 3 14 
49 97 14 
65 52 8 
92 51 20 
73 17 53 
8 93 97 
14 85 90 
36 68 98 
55 22 39 
4 28 63 
44 54 86 
13 43 51 
49 92 70 
75 33 48 
92 28 49 
14 2 37 
50 35 88 
30 38 70 
90 94 37 
88 64 10 
81 46 60 
48 69 44 
27 22 46 
48 72 39 
49 3 98 
54 82 95 
85 16 68 
94 31 78 
2 40 59 
7 35 97 
47 57 22 
91 43 57 
69 14 53 
64 95 68 
62 80 33 
27 21 7 
21 2 45 
92 7 62 
78 6 69 
86 31 47 
96 18 13 
65 75 55 
67 3 95 
25 80 63 
34 11 100 
89 48 25 
30 93 16 
82 80 68 
10 52 28 
57 66 55 
9 11 25 
77 81 25 
39 3 51 
40 49 66 
7 99 50 
42 96 37 
85 88 8 
3 78 96 
97 67 49 
52 67 37 
21 92 68 
91 12 78 
23 36 90 
71 98 80 
5 31 48 
34 48 89 
6 43 75 
14 92 35 
33 35 85 
47 72 39 
19 75 85 
11 68 13 
34 52 5 
85 95 86 
98 29 58 
87 84 34 
70 18 36 
99 47 13 
36 16 76 
34 63 76 
52 45 13 
26 84 77 
48 13 22 
87 1 85 
66 52 34 
13 83 100 
55 89 93 
59 68 79 
32 84 74 
11 64 87 
66 6 96 
63 26 32 
39 8 87 
90 51 38 
35 48 58 
66 40 78 
2 3 67 
1 4 51 
63 78 58 
24 81 52 
78 35 27 
26 34 65 
45 58 73 
76 3 84 
30 13 26 
29 80 27 
84 13 34 
2 86 25 
96 92 84 
36 79 39 
52 64 28 
13 72 93 
94 84 17 
50 37 3 
33 54 6 
58 26 48 
78 75 43 
94 21 13 
15 36 7 
77 64 45 
83 62 65 
68 19 92 
67 96 33 
32 99 2 
39 4 30 
9 39 55 
61 5 51 
58 46 4 
28 4 42 
79 26 64 
27 56 90 
52 78 64 
43 73 85 
73 77 71 
9 48 39 
42 47 4 
94 29 32 
83 97 56 
39 20 29 
45 69 97 
41 27 53 
57 58 33 
8 48 39 
61 64 54 
49 8 29 
40 81 30 
77 59 48 
38 76 27 
100 11 14 
32 74 93 
70 100 3 
13 74 60 
14 77 1 
20 10 34 
8 86 4 
52 8 78 
75 11 36 
28 29 26 
89 44 51 
43 54 91 
63 59 13 
35 6 38 
71 98 77 
41 69 13 
67 98 83 
55 44 29 
43 41 56 
10 64 17 
29 79 1 
90 74 26 
41 16 83 
49 75 23 
34 36 15 
82 26 83 
48 46 76 
26 91 4 
80 74 81 
98 85 65 
40 42 58 
54 85 28 
45 24 63 
97 49 68 
90 48 52 
50 67 87 
98 96 94 
57 58 70 
40 56 45 
100 67 75 
45 8 60 
29 46 91 
93 48 90 
24 76 40 
62 4 82 
44 79 94 
76 84 50 
25 78 62 
32 21 92 
23 50 10 
9 50 77 
52 50 47 
57 83 51 
44 74 71 
65 75 8 
85 20 39 
44 67 41 
17 31 29 
69 25 56 
11 6 91 
64 24 89 
5 61 40 
43 2 99 
54 37 14 
37 77 96 
6 34 84 
47 74 71 
36 62 87 
100 27 41 
35 85 58 
88 20 16 
71 81 89 
61 22 63 
33 53 15 
84 2 56 
89 94 9 
80 97 37 
40 32 43 
24 61 17 
91 50 13 
12 20 15 
66 42 86 
20 25 7 
14 53 37 
62 85 61 
76 3 17 
93 13 24 
1 26 76 
22 97 87 
83 13 23 
78 32 72 
78 88 9 
75 14 12 
27 72 29 
13 78 52 
33 17 86 
2 29 83 
49 54 86 
25 32 9 
87 62 59 
1 62 59 
87 59 54 
39 35 19 
28 50 7 
23 29 69 
98 63 39 
92 90 88 
3 25 24 
41 88 20 
14 70 72 
26 10 99 
44 13 42 
16 90 86 
82 63 87 
29 36 78 
86 96 35 
90 94 55 
89 29 46 
18 21 65 
83 29 69 
74 79 17 
77 98 76 
34 25 54 
32 57 84 
91 77 49 
52 48 36 
68 48 77 
81 36 70 
89 37 11 
59 74 33 
98 88 91 
68 36 34 
37 26 32 
9 80 12 
53 64 2 
42 19 79 
1 12 79 
27 76 100 
51 12 7 
64 49 65 
69 43 77 
47 64 48 
16 83 75 
4 43 85 
21 84 94 
73 44 58 
46 55 67 
16 11 4 
21 16 45 
37 75 65 
47 71 15 
13 40 22 
99 66 62 
36 6 10 
20 79 96 
32 94 53 
100 51 11 
35 63 27 
24 1 74 
20 95 90 
66 36 100 
37 24 65 
99 66 37 
48 31 67 
38 31 51 
36 10 46 
59 32 30 
76 72 38 
30 96 84 
12 26 4 
3 8 31 
6 22 2 
40 65 20 
50 44 27 
2 95 46 
48 37 56 
10 22 44 
57 7 24 
28 10 36 
28 72 4 
80 37 6 
43 76 80 
6 24 56 
23 17 62 
65 59 54 
20 79 49 
45 81 18 
68 91 55 
24 39 88 
15 54 33 
30 2 25 
93 18 10 
12 50 34 
67 53 80 
62 48 61 
77 97 80 
75 74 33 
28 19 64 
55 27 68 
77 43 84 
85 64 76 
5 74 19 
47 31 25 
57 5 88 
91 54 21 
83 96 12 
76 87 12 
94 16 2 
47 64 28 
66 74 43 
84 31 98 
82 32 48 
62 31 91 
81 13 3 
4 56 93 
5 54 92 
52 93 80 
31 73 27 
53 1 56 
62 66 58 
79 20 14 
9 42 45 
88 65 34 
20 24 35 
55 88 92 
42 95 86 
31 77 11 
18 24 60 
14 66 29 
49 59 98 
94 35 30 
46 66 59 
70 54 59 
69 80 94 
87 59 1 
52 20 70 
78 40 48 
44 95 31 
81 58 35 
21 37 70 
86 93 74 
89 1 71 
17 62 73 
78 76 44 
72 53 52 
16 17 18 
84 53 16 
13 54 29 
42 48 46 
33 17 92 
16 29 48 
39 18 97 
23 82 70 
6 50 31 
63 53 50 
54 44 41 
64 44 4 
70 41 79 
56 13 78 
36 68 81 
26 58 73 
61 43 36 
82 19 80 
89 77 22 
86 81 31 
24 45 12 
98 69 19 
85 74 54 
39 28 83 
78 44 97 
74 95 28 
19 80 85 
58 94 69 
62 17 38 
64 12 33 
39 57 12 
13 22 31 
81 49 66 
23 86 5 
98 19 85 
76 58 23 
66 80 65 
59 94 92 
84 43 5 
94 65 84 
13 3 22 
88 11 14 
87 88 41 
15 2 66 
10 36 25 
100 6 53 
51 95 100 
21 64 1 
11 92 8 
33 41 64 
2 79 34 
62 96 52 
74 6 95 
24 27 60 
46 99 63 
3 98 74 
89 97 5 
32 97 41 
12 9 84 
31 9 20 
9 10 17 
35 42 16 
9 72 41 
64 13 68 
11 92 18 
14 1 22 
59 70 98 
61 14 63 
84 64 66 
57 23 66 
60 27 22 
74 21 35 
85 32 37 
95 15 63 
20 86 7 
35 64 50 
88 63 24 
88 70 45 
63 18 8 
14 62 11 
74 94 22 
44 6 25 
92 85 62 
50 73 76 
20 60 63 
99 59 68 
34 47 84 
2 87 77 
87 47 63 
11 69 66 
70 28 7 
53 12 44 
95 42 78 
92 3 90 
23 35 49 
55 37 30 
100 95 49 
43 28 25 
88 10 27 
30 15 66 
24 29 56 
79 60 53 
92 58 55 
46 32 62 
83 27 2 
8 32 94 
50 33 79 
54 59 17 
94 28 18 
71 64 45 
56 69 67 
75 79 63 
45 87 25 
10 53 73 
51 1 41 
58 15 6 
61 1 5 
94 61 4 
26 100 69 
84 33 34 
52 57 93 
70 3 31 
17 77 11 
91 77 85 
52 7 83 
39 99 51 
58 36 83 
4 18 28 
41 87 35 
2 90 63 
45 72 33 
95 26 36 
39 26 12 
39 85 50 
3 23 46 
15 25 94 
29 39 64 
80 72 87 
62 5 45 
35 66 68 
2 25 57 
36 43 13 
35 2 68 
45 67 18 
26 42 82 
10 55 54 
62 24 89 
9 50 28 
48 60 67 
35 51 11 
1 68 98 
49 1 30 
25 79 9 
66 90 67 
71 95 65 
1 34 28 
58 61 32 
97 40 90 
60 30 86 
63 82 100 
87 100 28 
26 42 6 
93 3 66 
54 39 31 
70 61 60 
9 57 49 
29 18 64 
65 6 51 
86 49 8 
34 8 93 
24 92 36 
47 88 55 
85 100 94 
7 91 76 
35 8 40 
41 84 94 
73 55 23 
8 49 21 
28 42 37 
62 36 61 
95 6 38 
50 75 49 
15 66 33 
34 94 75 
84 59 95 
12 63 88 
86 64 100 
58 29 51 
69 31 23 
43 62 77 
51 44 54 
59 12 38 
52 80 71 
55 82 59 
31 16 33 
39 14 17 
66 14 40 
82 81 31 
31 40 4 
27 72 45 
68 36 32 
82 8 54 
82 56 3 
75 15 34 
85 11 27 
94 18 68 
35 16 21 
72 79 1 
26 34 2 
94 55 8 
97 14 34 
25 73 68 
11 57 93 
9 89 57 
37 73 28 
84 19 49 
33 54 19 
59 29 25 
58 82 70 
64 19 66 
76 62 56 
31 27 50 
18 39 80 
90 74 7 
49 45 95 
79 99 28 
87 39 85 
61 25 85 
42 19 38 
62 60 32 
44 19 22 
53 20 45 
4 12 43 
49 16 29 
70 39 55 
74 70 83 
51 49 10 
100 48 34 
31 11 36 
64 24 37 
11 93 81 
44 71 75 
11 5 30 
18 36 44 
13 17 39 
3 38 68 
48 21 33 
3 82 28 
10 82 7 
25 75 62 
99 69 72 
8 99 9 
2 27 33 
63 60 42 
89 45 46 
44 92 30 
23 18 32 
46 16 21 
41 73 85 
41 19 35 
8 10 16 
98 4 65 
63 12 1 
31 18 24 
95 76 42 
43 77 29 
71 91 22 
57 1 18 
81 14 61 
64 96 68 
25 76 41 
35 34 53 
1 89 21 
92 16 51 
81 83 65 
14 69 81 
50 47 27 
75 16 30 
96 46 56 
33 24 14 
92 87 21 
68 30 37 
16 85 53 
89 71 39 
70 9 23 
54 95 90 
82 59 42 
54 77 65 
24 32 78 
96 8 74 
34 64 98 
65 10 21 
12 93 85 
96 74 9 
1 38 74 
39 81 31 
33 21 53 
60 86 24 
52 10 12 
71 33 69 
41 2 32 
25 44 99 
10 66 68 
83 87 15 
26 17 51 
72 47 82 
84 41 22 
93 67 59 
7 68 51 
100 50 47 
25 57 72 
1 66 97 
63 66 35 
83 84 67 
93 15 4 
64 99 79 
85 9 47 
57 14 83 
38 50 96 
81 3 26 
84 95 58 
82 80 21 
91 87 23 
41 83 29 
2 30 16 
8 88 86 
69 80 59 
53 62 34 
49 24 38 
22 16 18 
25 91 3 
23 29 24 
23 68 83 
4 46 49 
63 51 14 
86 54 15 
83 14 7 
40 70 54 
66 40 39 
25 20 50 
40 94 1 
97 51 93 
41 14 7 
74 47 22 
5 99 80 
76 71 40 
62 43 82 
58 88 85 
82 35 77 
30 29 23 
100 22 83 
36 54 57 
58 75 44 
46 55 80 
91 90 7 
76 98 23 
10 59 94 
61 66 51 
66 78 37 
91 94 78 
97 76 14 
36 28 81 
14 26 97 
23 86 61 
16 92 12 
35 76 39 
43 11 25 
61 52 41 
80 97 59 
43 18 11 
10 20 96 
38 95 40 
49 84 81 
70 68 82 
53 66 94 
3 40 19 
83 35 3 
90 83 27 
4 48 84 
42 48 43 
22 51 8 
86 23 99 
76 35 74 
10 43 38 
57 33 24 
60 100 71 
31 45 49 
76 39 92 
63 77 85 
98 84 90 
67 1 4 
85 80 9 
28 26 79 
92 9 87 
24 64 11 
42 25 94 
85 25 73 
52 56 6 
4 42 78 
61 51 75 
71 58 63 
44 64 66 
91 81 66 
51 56 70 
33 15 28 
34 46 4 
24 4 5 
24 1 68 
56 26 23 
14 22 15 
65 37 90 
81 15 24 
33 18 81 
41 22 5 
23 95 71 
76 25 68 
15 55 14 
13 58 28 
28 4 45 
33 62 54 
36 9 57 
32 33 19 
3 63 71 
44 11 29 
91 94 86 
54 12 46 
5 29 62 
33 37 80 
98 60 86 
91 95 46 
92 91 57 
43 2 30 
49 87 44 
60 99 50 
3 100 60 
5 20 13 
31 6 86 
41 73 20 
80 32 73 
47 8 63 
55 20 37 
27 8 25 
58 78 9 
19 88 77 
76 83 69 
73 6 63 
41 42 53 
62 80 46 
88 12 16 
56 10 66 
2 38 28 
14 36 62 
37 94 50 
45 48 4 
24 17 12 
56 78 14 
57 8 31 
22 66 10 
44 40 13 
52 23 75 
96 94 90 
34 38 66 
73 81 13 
66 47 13 
46 70 97 
22 58 55 
13 60 44 
58 52 26 
55 66 79 
70 29 38 
37 19 11 
27 40 30 
78 35 20 
9 15 98 
21 55 5 
62 12 68 
93 22 59 
19 8 78 
10 43 62 
93 77 38 
37 36 7 
44 1 76 
18 50 5 
91 21 82 
53 84 77 
45 69 20 
10 52 80 
53 42 89 
98 86 42 
69 5 82 
39 24 99 
2 97 44 
22 99 63 
72 7 25 
93 1 19 
11 99 23 
14 55 6 
39 28 36 
91 95 13 
19 28 39 
20 47 91 
23 64 27 
22 77 78 
43 29 98 
59 1 44 
66 37 77 
40 32 65 
5 42 14 
33 29 1 
58 10 53 
45 95 16 
23 38 21 
36 34 91 
89 1 51 
94 84 5 
46 31 56 
27 29 11 
11 30 70 
64 100 55 
65 37 60 
75 13 28 
92 23 84 
93 90 74 
75 92 68 
75 35 2 
6 60 49 
35 91 33 
6 79 25 
68 38 31 
86 89 17 
16 96 64 
33 3 19 
56 54 14 
72 19 100 
18 86 71 
7 70 16 
38 83 14 
74 98 59 
73 91 3 
53 35 95 
53 56 77 
77 58 59 
97 9 14 
19 87 47 
63 48 53 
2 46 80 
9 55 56 
58 20 84 
27 23 80 
66 3 48 
99 68 11 
41 68 85 
15 68 25 
23 63 41 
58 88 39 
4 99 12 
87 9 16 
64 47 6 
87 5 95 
25 66 1 
98 85 9 
24 59 15 
11 19 43 
31 55 11 
80 5 74 
17 49 50 
87 96 37 
13 19 35 
31 46 34 
3 21 22 
60 4 55 
24 4 52 
27 28 12 
11 14 31 
8 81 47 
30 51 29 
20 3 73 
59 35 19 
87 37 53 
18 43 75 
23 88 59 
30 67 85 
15 84 10 
11 54 80 
96 20 25 
72 68 16 
81 32 27 
68 91 29 
34 21 73 
61 19 9 
80 77 55 
35 69 79 
87 35 95 
3 44 22 
46 28 43 
53 64 43 
22 80 24 
8 55 52 
90 86 14 
26 82 16 
19 26 49 
100 12 49 
98 63 12 
83 98 80 
87 55 54 
1 14 7 
7 17 97 
12 85 15 
87 48 70 
26 33 30 
29 63 76 
1 57 38 
43 57 26 
37 55 87 
39 43 59 
32 7 91 
30 25 51 
61 68 78 
10 64 58 
3 83 45 
54 38 41 
17 62 5 
35 56 100 
27 40 11 
9 66 7 
63 57 24 
56 70 78 
51 12 8 
83 3 73 
25 74 18 
2 74 89 
45 30 38 
15 3 21 
12 33 60 
70 25 57 
22 5 91 
98 55 23 
78 76 25 
96 64 75 
61 80 60 
22 29 18 
31 13 3 
13 91 2 
8 20 65 
69 56 21 
41 47 27 
38 79 7 
41 20 12 
56 38 55 
18 91 96 
76 17 77 
3 76 36 
100 8 25 
80 59 81 
33 36 78 
39 28 95 
33 92 12 
38 57 40 
85 1 44 
33 29 47 
95 83 73 
3 78 65 
100 21 54 
84 34 38 
38 81 82 
32 33 12 
29 36 7 
43 74 69 
24 86 10 
46 55 14 
48 5 79 
89 68 60 
50 72 8 
13 69 72 
74 5 56 
11 21 20 
23 15 90 
80 40 72 
50 57 13 
62 82 47 
25 90 4 
31 4 51 
96 24 78 
67 42 86 
75 87 51 
100 35 53 
72 57 68 
37 44 66 
16 13 68 
24 75 56 
96 9 19 
64 1 86 
9 57 82 
66 19 42 
68 90 93 
46 8 96 
66 70 58 
80 47 8 
35 54 51 
51 44 81 
49 44 26 
12 25 76 
65 56 86 
97 61 72 
7 8 3 
89 34 69 
15 92 47 
68 69 14 
62 28 85 
35 38 36 
83 77 96 
39 76 44 
66 70 62 
31 24 45 
36 97 81 
19 10 1 
12 4 49 
41 42 80 
66 43 37 
24 26 25 
7 77 78 
5 75 61 
81 39 70 
89 20 26 
27 93 42 
52 50 99 
26 25 42 
62 89 98 
21 40 54 
85 96 19 
12 82 8 
28 76 80 
56 9 62 
15 18 81 
97 60 1 
17 9 80 
76 1 73 
56 36 12 
59 95 88 
25 20 51 
84 71 8 
93 19 17 
96 23 26 
53 85 91 
29 77 68 
25 41 100 
38 48 43 
64 32 27 
65 35 63 
99 77 20 
84 48 29 
75 4 34 
19 56 63 
22 19 17 
71 39 16 
99 67 27 
35 33 50 
18 21 38 
97 18 62 
79 65 46 
34 60 84 
38 69 65 
55 42 88 
57 100 91 
34 55 86 
27 66 63 
29 16 68 
81 53 92 
28 91 63 
56 91 98 
82 89 65 
18 72 80 
74 33 29 
82 79 11 
40 31 56 
76 17 61 
91 10 56 
64 22 78 
84 12 45 
63 35 96 
82 8 32 
18 10 32 
62 53 78 
57 26 10 
20 34 4 
67 78 7 
2 6 96 
36 65 20 
34 85 92 
34 94 40 
33 29 16 
63 96 8 
19 95 49 
17 100 61 
20 61 25 
3 83 81 
29 52 11 
82 84 11 
17 77 97 
33 17 36 
71 64 53 
68 94 45 
84 57 5 
35 26 23 
43 73 19 
41 33 6 
76 81 19 
88 25 40 
19 1 29 
6 69 41 
78 4 27 
96 14 51 
98 40 65 
93 4 75 
64 96 30 
82 74 79 
69 74 55 
34 32 3 
93 77 16 
27 99 43 
17 47 46 
96 57 33 
91 19 49 
60 78 12 
42 39 77 
42 44 71 
16 70 52 
37 21 79 
68 59 74 
43 26 23 
11 32 7 
62 1 30 
81 83 71 
26 20 66 
8 93 86 
10 19 72 
100 25 38 
2 16 72 
27 31 44 
75 74 76 
90 74 68 
79 10 67 
2 34 15 
55 7 37 
44 79 75 
81 84 47 
71 80 17 
96 57 91 
20 73 10 
64 86 4 
7 36 30 
81 71 17 
12 59 21 
57 76 82 
98 63 87 
67 6 32 
21 29 88 
97 74 25 
64 41 8 
92 52 26 
50 55 2 
41 83 2 
30 94 44 
17 71 98 
30 26 15 
21 5 73 
16 32 43 
68 15 82 
55 98 2 
61 100 29 
80 38 46 
65 85 43 
74 54 4 
13 26 49 
100 4 3 
97 13 90 
87 69 58 
41 92 15 
74 33 13 
64 100 34 
85 44 2 
7 36 95 
41 33 29 
85 45 39 
11 15 95 
11 50 18 
95 27 10 
8 93 96 
92 84 48 
56 80 49 
54 2 83 
16 13 51 
99 71 1 
22 66 76 
45 22 43 
2 65 41 
49 26 4 
56 31 90 
72 9 77 
72 31 82 
84 88 50 
20 29 81 
31 95 84 
28 23 87 
12 2 48 
54 94 25 
34 60 38 
81 98 83 
54 74 73 
87 84 89 
95 38 5 
43 99 47 
40 19 92 
81 3 93 
7 64 77 
14 45 86 
67 60 29 
66 8 95 
35 61 81 
47 30 16 
18 72 84 
85 41 37 
73 56 53 
15 52 77 
42 77 33 
84 70 64 
94 33 59 
91 15 77 
90 62 74 
43 99 25 
2 13 28 
46 55 39 
36 73 26 
67 60 7 
20 53 41 
76 68 7 
35 72 85 
22 78 6 
96 89 91 
27 93 31 
46 87 17 
54 26 66 
11 20 12 
49 100 62 
12 33 85 
2 54 24 
18 81 34 
10 1 90 
13 38 31 
91 19 80 
8 84 23 
93 28 65 
73 64 12 
26 43 85 
3 67 72 
37 41 75 
7 42 5 
87 46 56 
3 62 8 
88 26 62 
67 62 20 
7 16 48 
28 43 75 
9 24 28 
3 26 85 
70 44 32 
80 51 48 
84 6 50 
58 97 26 
80 9 40 
83 27 34 
87 7 11 
18 3 7 
48 27 93 
17 88 85 
33 45 15 
96 26 24 
58 41 4 
3 81 45 
78 46 88 
12 8 86 
32 26 24 
97 67 9 
11 16 35 
46 3 14 
55 98 1 
16 80 12 
20 37 90 
84 2 44 
55 99 5 
2 65 67 
80 10 50 
14 53 91 
5 69 41 
86 46 17 
72 52 66 
90 42 20 
69 20 29 
90 56 22 
17 79 89 
19 16 44 
18 72 83 
3 76 54 
44 54 77 
25 71 81 
90 12 50 
57 9 76 
24 6 22 
70 73 27 
76 19 22 
44 7 22 
79 50 62 
4 60 40 
59 99 16 
77 62 55 
63 33 31 
72 74 50 
71 5 80 
62 60 16 
72 39 58 
41 94 77 
8 30 78 
64 22 75 
24 80 60 
65 78 2 
65 91 48 
70 95 8 
78 75 17 
41 40 98 
47 38 70 
16 8 80 
40 80 95 
63 29 99 
70 4 65 
29 74 14 
41 98 37 
70 74 42 
42 73 83 
29 100 59 
47 60 30 
37 96 97 
80 71 65 
68 17 91 
83 73 43 
10 35 57 
56 90 58 
79 41 83 
68 18 43 
61 4 8 
40 4 8 
5 32 22 
97 98 88 
99 9 44 
93 33 63 
23 99 9 
49 11 46 
89 97 34 
51 81 76 
31 72 21 
16 26 2 
19 76 85 
53 49 47 
52 64 55 
46 58 77 
22 54 2 
65 78 13 
69 81 95 
2 56 52 
85 18 43 
11 78 58 
29 20 92 
22 71 89 
69 92 44 
42 97 9 
87 55 12 
23 73 31 
6 66 61 
16 100 61 
63 30 52 
87 15 58 
87 53 99 
17 19 37 
64 3 33 
18 78 15 
45 95 53 
38 14 4 
76 46 61 
8 83 37 
22 12 26 
41 67 18 
80 22 97 
44 77 97 
82 41 34 
27 79 94 
39 27 31 
50 4 70 
59 46 71 
2 41 71 
68 81 94 
28 10 82 
1 96 43 
36 35 40 
62 11 89 
49 12 97 
85 1 68 
34 36 9 
57 16 54 
96 25 58 
43 16 60 
44 73 10 
4 76 42 
85 75 63 
56 75 21 
48 71 93 
77 94 65 
28 79 41 
61 4 12 
13 39 45 
25 32 16 
23 16 64 
84 30 35 
39 79 38 
43 89 97 
41 16 1 
10 2 44 
100 80 17 
70 90 88 
1 73 32 
41 83 34 
55 6 43 
63 41 78 
86 48 30 
96 59 33 
60 99 44 
74 35 26 
72 11 19 
88 70 96 
11 6 22 
18 82 7 
24 43 50 
28 11 25 
23 59 81 
6 89 84 
36 63 38 
6 99 88 
75 70 63 
81 5 70 
13 14 9 
24 100 71 
9 92 32 
48 25 57 
4 94 97 
8 96 66 
72 55 87 
91 5 52 
57 85 66 
74 86 3 
67 18 100 
82 79 35 
39 61 37 
43 56 87 
3 21 61 
94 57 11 
91 83 16 
36 70 53 
57 99 37 
54 34 46 
91 36 79 
1 35 48 
86 90 17 
99 45 26 
58 49 39 
57 55 99 
78 75 4 
62 89 28 
89 72 71 
78 30 87 
7 98 39 
42 83 23 
11 63 83 
95 28 33 
12 9 22 
59 100 85 
68 30 89 
56 24 78 
83 66 85 
83 8 72 
95 76 93 
15 68 61 
79 88 29 
53 70 49 
67 73 7 
53 4 88 
89 33 40 
81 8 15 
46 69 81 
97 50 77 
64 99 8 
86 5 76 
96 92 51 
47 71 58 
41 2 18 
14 43 44 
82 93 29 
26 36 100 
52 37 85 
8 62 9 
68 72 78 
98 92 72 
28 34 6 
86 97 39 
2 24 93 
88 62 6 
57 1 16 
25 68 33 
43 18 72 
62 29 37 
1 47 85 
17 22 96 
42 12 77 
2 8 54 
23 15 99 
98 62 47 
34 93 13 
83 31 98 
83 84 63 
78 98 56 
29 99 12 
33 2 22 
84 100 74 
76 12 81 
83 97 84 
29 97 84 
48 50 82 
18 58 77 
85 13 35 
96 38 56 
2 50 15 
8 15 76 
18 46 52 
98 85 36 
83 73 30 
4 9 87 
13 16 47 
17 48 39 
27 7 100 
97 25 23 
53 47 50 
71 40 87 
4 91 65 
26 99 43 
18 14 99 
47 70 30 
21 45 52 
84 69 9 
58 61 34 
70 61 96 
76 47 94 
38 34 43 
46 18 12 
7 24 43 
63 69 22 
52 8 5 
40 14 96 
28 97 36 
85 6 44 
50 80 59 
95 10 6 
9 30 16 
90 64 91 
40 2 5 
52 61 92 
62 98 81 
90 8 49 
25 64 3 
5 22 46 
52 3 1 
29 84 90 
85 18 4 
24 53 40 
19 7 40 
94 59 51 
32 88 60 
96 76 94 
81 2 26 
65 31 68 
87 66 26 
68 81 75 
45 81 36 
44 59 69 
39 76 1 
13 87 78 
91 48 80 
27 33 59 
76 25 67 
18 52 7 
72 70 92 
49 73 99 
66 93 79 
23 69 64 
78 71 74 
97 26 22 
62 12 80 
52 60 97 
71 45 20 
33 15 99 
78 19 97 
93 52 77 
39 29 98 
22 79 50 
86 95 89 
78 73 69 
71 69 86 
71 87 28 
51 31 78 
27 22 15 
35 58 2 
73 77 43 
50 95 36 
53 3 59 
67 6 73 
64 4 90 
37 40 15 
90 21 76 
78 26 84 
81 4 60 
8 15 48 
12 54 72 
43 71 55 
49 54 65 
47 4 24 
68 66 12 
74 44 4 
84 40 25 
26 5 46 
2 46 41 
41 57 6 
35 81 80 
90 99 19 
93 100 53 
97 46 66 
89 19 100 
10 18 47 
2 23 48 
52 85 42 
25 11 8 
46 59 11 
54 89 61 
53 4 9 
42 82 68 
97 14 5 
74 53 40 
66 51 78 
40 94 15 
20 7 62 
85 3 20 
8 76 45 
2 30 39 
89 72 81 
39 57 50 
59 88 9 
3 66 53 
89 87 94 
73 20 54 
50 9 97 
54 67 13 
37 92 81 
34 37 70 
15 91 68 
84 85 62 
59 1 78 
84 40 9 
81 58 17 
48 30 15 
25 14 49 
1 81 55 
62 69 42 
51 70 24 
3 63 76 
62 10 90 
24 61 91 
24 74 5 
86 85 94 
7 90 30 
78 40 21 
11 100 27 
32 3 45 
37 20 26 
93 7 18 
84 99 82 
74 32 41 
31 1 12 
18 23 100 
19 4 62 
74 4 46 
19 40 13 
18 100 30 
71 79 43 
23 17 21 
48 52 79 
84 98 4 
95 64 55 
59 38 68 
66 17 51 
56 31 55 
84 100 41 
15 85 49 
16 29 8 
10 4 78 
97 36 98 
92 53 8 
70 33 94 
86 47 41 
90 48 32 
85 1 67 
74 84 53 
5 99 1 
96 80 17 
86 76 10 
62 17 33 
36 79 96 
86 19 55 
95 14 78 
46 6 2 
32 58 38 
73 98 30 
53 9 15 
10 15 100 
82 79 30 
93 88 89 
47 96 18 
35 17 65 
65 80 70 
82 53 45 
7 21 3 
25 50 60 
93 64 92 
41 85 64 
85 68 8 
10 84 87 
99 41 95 
1 36 19 
14 9 71 
57 56 52 
29 61 97 
35 45 15 
47 44 69 
17 71 22 
13 39 42 
37 34 31 
25 74 78 
85 28 33 
12 49 13 
78 59 72 
44 23 96 
10 42 5 
86 93 35 
91 49 40 
62 17 30 
98 14 5 
64 89 20 
85 68 18 
92 100 15 
50 7 83 
57 42 51 
25 30 37 
73 92 2 
77 69 84 
17 26 31 
18 67 39 
68 44 33 
76 35 63 
44 11 94 
57 62 33 
25 69 71 
4 68 15 
3 66 14 
64 78 19 
74 56 25 
10 32 63 
70 15 100 
85 49 73 
16 3 30 
21 97 37 
29 77 40 
8 47 40 
27 97 99 
53 55 35 
59 34 16 
90 40 44 
37 22 12 
70 47 57 
67 11 27 
76 81 45 
22 56 92 
94 13 59 
53 97 34 
28 80 25 
72 86 52 
95 82 80 
49 62 67 
34 72 36 
19 10 45 
44 48 15 
38 94 90 
44 76 41 
24 54 19 
90 43 34 
96 56 17 
50 31 44 
54 75 35 
57 23 97 
32 4 52 
93 22 66 
74 19 52 
25 87 43 
86 43 10 
90 83 81 
6 90 21 
89 20 24 
18 99 11 
95 28 77 
93 94 23 
77 79 40 
71 19 37 
50 78 54 
11 77 86 
44 27 87 
56 30 38 
27 46 25 
39 11 57 
99 72 51 
77 8 65 
46 29 79 
71 70 92 
13 3 78 
10 18 95 
18 15 49 
14 66 21 
9 13 4 
50 93 51 
80 72 25 
34 58 65 
10 14 94 
51 54 74 
60 64 57 
56 45 66 
43 37 63 
61 98 75 
88 21 93 
26 23 79 
82 70 79 
16 65 40 
51 1 47 
12 37 88 
63 60 99 
39 45 73 
54 76 20 
75 45 32 
46 41 79 
19 20 24 
40 95 71 
77 92 8 
49 10 60 
24 49 63 
55 21 40 
36 11 69 
13 8 21 
52 3 59 
43 75 59 
39 20 2 
40 97 51 
5 29 83 
66 85 46 
75 30 98 
90 47 46 
37 11 92 
8 26 21 
100 39 25 
7 74 93 
61 54 46 
29 62 49 
12 46 26 
6 26 22 
21 32 85 
13 74 63 
92 56 21 
6 26 12 
72 74 100 
45 37 12 
49 67 28 
32 76 75 
61 10 80 
88 21 69 
22 86 68 
86 53 41 
64 78 20 
31 96 26 
97 76 35 
79 12 68 
6 66 97 
28 8 5 
48 29 13 
37 72 76 
2 61 25 
61 79 71 
73 19 79 
69 77 40 
18 69 68 
31 32 49 
36 46 21 
51 55 74 
24 53 32 
52 37 51 
15 55 4 
9 50 92 
86 35 59 
20 21 47 
40 97 56 
49 69 93 
31 8 100 
34 51 31 
19 7 74 
24 4 3 
2 50 36 
67 3 27 
1 51 91 
96 93 22 
27 90 57 
39 51 24 
40 79 36 
97 66 59 
30 39 78 
67 82 26 
24 13 61 
65 8 35 
84 35 59 
76 67 79 
20 98 47 
61 49 9 
93 74 33 
88 5 35 
7 19 22 
69 18 15 
30 55 74 
28 100 8 
23 13 38 
29 49 89 
44 32 7 
90 22 36 
29 85 47 
88 3 40 
75 61 94 
95 90 91 
40 94 24 
6 27 43 
14 60 39 
84 8 62 
13 7 73 
69 91 62 
94 79 75 
7 90 58 
90 12 36 
14 86 27 
31 2 40 
57 90 89 
3 65 49 
20 82 60 
44 34 18 
43 8 17 
64 21 100 
61 63 40 
71 14 41 
96 16 49 
85 38 20 
24 44 71 
76 10 71 
13 61 40 
85 93 87 
15 71 93 
3 50 78 
22 31 82 
92 83 7 
81 60 56 
59 42 89 
58 40 68 
13 57 93 
27 87 26 
14 33 69 
93 68 71 
43 25 20 
19 95 45 
29 93 6 
23 10 26 
53 42 39 
14 48 73 
42 36 39 
76 84 36 
48 64 77 
39 24 46 
83 33 88 
54 34 44 
59 39 25 
48 23 70 
74 56 77 
14 77 99 
7 93 51 
69 23 95 
18 68 21 
84 73 95 
84 98 3 
76 94 22 
3 44 11 
48 38 30 
2 74 83 
65 78 1 
65 31 5 
32 53 18 
31 87 1 
47 61 70 
72 33 62 
44 48 80 
89 40 39 
28 83 49 
26 79 90 
7 77 34 
73 58 96 
26 91 67 
50 38 9 
94 40 64 
86 39 42 
55 81 35 
27 87 51 
6 92 17 
74 39 87 
68 14 40 
80 1 73 
42 54 95 
19 55 98 
39 25 26 
58 42 51 
2 38 54 
81 14 19 
1 33 69 
28 26 42 
12 40 51 
47 24 2 
70 4 77 
20 22 95 
36 35 46 
81 75 83 
1 88 61 
90 15 53 
1 94 38 
59 89 27 
55 37 11 
57 5 17 
82 47 25 
57 25 19 
32 47 90 
93 3 70 
16 23 33 
98 7 8 
97 95 82 
89 29 14 
52 49 70 
98 70 92 
58 97 86 
56 98 100 
94 35 17 
64 99 6 
48 6 16 
45 43 56 
49 2 69 
30 17 19 
10 9 55 
29 61 7 
22 20 1 
46 87 34 
69 100 44 
79 27 67 
47 83 7 
10 90 18 
25 41 74 
87 62 9 
97 64 22 
88 22 65 
13 21 14 
42 64 92 
97 27 17 
45 50 53 
20 82 94 
52 16 64 
51 46 7 
31 17 22 
74 23 35 
11 36 17 
11 82 14 
45 90 61 
75 3 37 
4 3 34 
50 85 60 
54 70 78 
4 20 2 
47 83 17 
34 20 54 
55 10 37 
30 24 31 
6 1 20 
63 4 85 
8 15 17 
87 42 99 
90 49 35 
56 58 98 
80 56 77 
37 20 79 
35 77 1 
8 71 58 
50 26 87 
7 85 8 
85 67 35 
8 4 27 
13 40 17 
43 9 15 
46 63 48 
76 92 74 
93 30 75 
43 7 81 
50 56 19 
61 6 21 
25 64 6 
3 40 80 
98 20 13 
5 72 81 
46 42 49 
22 45 89 
23 59 49 
88 26 4 
78 63 69 
42 68 51 
66 33 51 
62 41 24 
43 22 67 
98 95 22 
41 47 5 
73 82 52 
62 32 82 
64 40 43 
2 86 24 
16 54 22 
77 52 49 
54 94 70 
13 3 68 
8 53 37 
40 19 69 
91 86 58 
75 4 32 
99 12 76 
75 5 27 
98 91 1 
36 67 35 
6 98 28 
40 21 43 
72 64 21 
1 15 79 
82 12 37 
45 59 54 
85 78 4 
19 49 7 
90 33 2 
75 41 74 
80 9 46 
37 31 14 
34 96 4 
53 17 42 
32 86 91 
98 90 93 
98 95 83 
40 17 67 
94 32 1 
22 79 80 
49 71 7 
11 34 8 
29 82 74 
47 55 72 
76 56 73 
44 21 92 
83 30 20 
50 95 51 
83 93 87 
45 96 25 
44 8 94 
37 77 31 
77 42 65 
68 14 90 
70 37 14 
15 34 3 
35 32 38 
8 78 85 
17 21 97 
52 31 64 
48 82 100 
34 70 49 
65 66 72 
57 78 25 
5 30 97 
29 97 51 
88 21 72 
30 100 14 
85 10 16 
18 25 22 
84 73 34 
19 66 15 
9 97 52 
67 61 53 
61 15 63 
85 39 26 
46 71 49 
58 13 49 
57 52 17 
93 64 20 
53 64 93 
76 65 43 
61 75 36 
23 21 66 
54 72 83 
93 41 68 
38 10 14 
24 22 32 
54 42 7 
52 2 44 
87 69 60 
89 70 29 
88 31 64 
74 9 82 
1 74 26 
12 1 59 
5 41 50 
40 76 89 
46 37 96 
14 23 85 
35 19 68 
100 96 82 
33 38 84 
11 37 54 
91 21 86 
17 51 35 
84 25 99 
13 8 89 
53 17 14 
85 71 49 
100 79 32 
87 30 60 
69 51 55 
16 36 19 
49 99 91 
1 82 23 
23 97 79 
19 18 86 
4 72 37 
44 23 30 
43 93 89 
3 57 69 
4 16 31 
36 12 73 
85 78 28 
73 100 5 
25 86 34 
2 46 26 
86 90 42 
54 53 58 
24 95 66 
8 92 44 
18 46 37 
11 2 20 
50 33 39 
7 10 96 
23 97 43 
24 32 49 
38 97 46 
54 5 71 
45 80 69 
82 88 49 
5 99 38 
30 74 2 
80 17 98 
63 57 75 
39 20 97 
95 77 33 
3 7 100 
39 30 87 
30 38 21 
3 76 50 
58 96 70 
17 32 10 
15 74 17 
48 91 96 
34 31 86 
42 77 40 
89 39 96 
64 27 35 
38 2 61 
26 3 90 
83 8 25 
39 60 6 
62 59 89 
23 32 22 
87 100 91 
81 16 5 
43 71 46 
19 23 76 
5 24 93 
71 66 55 
10 40 68 
17 87 26 
56 76 74 
8 36 31 
9 20 1 
1 77 32 
46 59 2 
48 66 71 
75 50 77 
29 10 74 
9 30 13 
56 38 17 
87 24 2 
89 42 9 
13 59 57 
62 36 4 
48 72 49 
91 58 48 
20 85 50 
16 98 29 
8 9 96 
55 31 21 
3 49 68 
3 97 80 
90 66 79 
80 31 87 
84 37 51 
35 54 31 
6 26 65 
28 79 44 
48 7 23 
61 50 21 
97 10 73 
24 17 90 
68 30 41 
95 57 62 
81 45 92 
7 48 75 
78 31 32 
63 77 97 
93 16 100 
67 55 92 
24 43 39 
65 12 90 
69 16 35 
21 82 63 
24 18 34 
33 98 26 
51 62 98 
2 36 62 
66 40 16 
40 3 73 
34 58 18 
37 89 66 
63 82 67 
76 40 64 
67 24 23 
37 40 75 
93 1 72 
53 32 99 
9 99 2 
95 33 37 
3 94 98 
87 96 66 
96 43 92 
95 60 46 
6 98 47 
47 18 5 
94 35 19 
44 98 40 
55 23 36 
31 52 10 
86 33 55 
34 100 62 
20 84 2 
26 84 74 
1 38 84 
40 6 60 
30 18 15 
57 66 26 
59 89 55 
95 62 60 
22 72 75 
13 33 32 
99 39 70 
53 13 5 
45 95 31 
63 74 33 
4 22 35 
18 77 6 
93 13 58 
10 84 21 
39 8 17 
4 83 45 
20 17 99 
91 83 50 
59 61 92 
55 94 75 
23 16 79 
32 94 42 
77 37 98 
55 75 30 
1 67 84 
35 49 73 
96 80 14 
99 16 98 
42 91 70 
31 46 91 
31 23 91 
49 34 5 
82 48 56 
83 19 73 
1 38 89 
49 39 30 
56 8 83 
17 54 12 
36 5 50 
56 57 63 
84 28 64 
55 32 20 
84 15 89 
63 70 89 
95 47 59 
61 62 93 
94 27 56 
63 90 4 
26 99 33 
47 24 8 
59 33 97 
100 76 65 
59 88 29 
24 8 92 
61 22 15 
73 59 5 
42 3 46 
50 93 80 
72 3 59 
4 83 94 
76 64 44 
67 63 61 
70 60 3 
69 28 34 
34 3 33 
28 15 100 
26 47 58 
57 27 28 
89 43 30 
65 69 31 
47 36 71 
2 41 8 
99 96 24 
75 13 67 
34 93 37 
15 78 51 
81 28 66 
88 83 100 
23 63 48 
47 63 28 
58 9 44 
10 16 43 
25 68 60 
83 63 93 
53 52 99 
64 39 74 
8 4 44 
88 12 23 
89 13 33 
14 99 60 
43 15 47 
81 84 82 
45 8 98 
49 69 68 
22 20 71 
7 20 1 
27 40 37 
53 1 93 
59 17 29 
43 28 98 
91 54 22 
65 56 36 
24 50 100 
15 38 25 
80 16 99 
69 14 73 
14 64 92 
13 60 77 
98 71 56 
32 47 66 
81 7 30 
83 71 18 
14 9 90 
10 87 39 
68 34 45 
8 82 20 
23 97 48 
91 7 88 
47 90 70 
88 70 100 
71 32 27 
31 91 25 
71 65 30 
66 74 28 
84 95 61 
72 95 87 
92 23 55 
24 91 73 
59 64 98 
84 69 21 
97 2 9 
58 68 88 
38 14 21 
49 67 14 
81 10 68 
50 55 23 
53 58 52 
89 26 28 
90 15 44 
93 92 75 
31 81 94 
30 97 47 
76 84 32 
17 13 44 
69 56 26 
28 1 50 
69 89 85 
86 48 21 
91 84 76 
74 42 13 
76 22 27 
29 9 31 
19 12 4 
9 77 34 
65 62 96 
14 62 23 
49 53 93 
15 92 42 
65 8 24 
71 96 33 
61 39 100 
42 89 83 
23 2 8 
36 66 53 
91 29 42 
76 84 29 
78 10 97 
82 88 35 
97 15 7 
15 71 19 
28 100 13 
40 90 72 
84 32 46 
89 26 79 
61 43 10 
87 48 85 
95 75 53 
67 32 27 
44 29 67 
2 14 17 
92 31 55 
18 34 22 
25 3 10 
13 21 88 
4 40 30 
51 41 40 
76 66 65 
76 77 28 
89 72 14 
9 63 42 
20 52 26 
13 33 76 
87 75 99 
6 94 46 
88 72 28 
85 76 79 
42 92 30 
89 80 41 
91 78 64 
15 30 13 
65 75 26 
84 96 37 
92 82 66 
43 96 7 
71 11 45 
39 49 68 
22 50 25 
84 19 40 
15 96 100 
62 75 65 
91 6 89 
28 2 64 
45 98 30 
46 45 76 
88 19 68 
91 80 47 
89 36 20 
57 69 75 
76 36 71 
5 54 56 
6 17 43 
65 72 75 
100 2 20 
24 48 90 
88 75 23 
37 46 16 
42 2 48 
53 67 71 
48 35 8 
20 23 27 
81 67 28 
96 12 15 
62 75 13 
40 80 94 
89 75 71 
74 42 3 
28 8 24 
51 47 54 
39 43 13 
10 14 24 
80 45 79 
57 51 44 
3 17 39 
6 78 7 
8 14 47 
6 26 33 
84 44 68 
59 27 30 
2 4 100 
4 57 51 
54 42 18 
21 14 62 
80 55 36 
51 64 73 
5 26 20 
5 100 34 
59 85 56 
30 22 55 
59 14 41 
24 8 42 
86 35 83 
51 62 49 
100 33 39 
81 68 47 
51 21 41 
10 72 36 
93 63 62 
53 100 92 
67 27 61 
69 22 2 
8 23 63 
97 92 40 
93 74 91 
19 86 92 
85 29 70 
54 44 15 
80 62 76 
35 47 4 
88 53 93 
40 7 46 
96 62 73 
86 15 41 
94 59 38 
63 90 39 
91 94 93 
19 29 22 
92 95 100 
79 18 83 
16 58 28 
87 99 80 
44 81 32 
80 75 27 
3 74 68 
35 34 72 
36 83 12 
41 29 93 
91 95 19 
1 42 64 
55 70 13 
53 95 14 
56 21 8 
43 30 23 
72 52 54 
8 41 50 
1 89 8 
92 89 85 
93 97 99 
40 90 66 
45 51 91 
18 2 14 
49 5 72 
26 9 50 
99 17 75 
57 78 82 
14 89 22 
39 35 52 
43 88 87 
11 16 95 
20 58 67 
20 46 24 
79 52 97 
52 59 7 
63 80 22 
65 61 20 
15 22 28 
63 68 61 
72 16 1 
37 9 19 
11 79 91 
29 73 65 
24 12 66 
53 56 92 
19 88 86 
36 92 16 
88 89 61 
29 95 74 
98 14 18 
23 3 45 
93 44 70 
81 19 92 
10 34 22 
94 5 19 
88 93 37 
58 49 22 
69 60 48 
54 48 26 
30 31 25 
48 71 97 
91 25 50 
70 73 62 
30 59 82 
18 60 62 
14 91 97 
97 52 64 
13 6 55 
49 60 41 
35 99 86 
3 44 50 
63 22 51 
24 39 41 
74 76 54 
17 44 14 
37 87 10 
100 3 37 
6 54 92 
23 49 74 
13 27 8 
25 90 91 
57 97 84 
69 6 26 
22 30 94 
30 76 54 
78 93 38 
63 25 2 
95 60 82 
54 76 78 
21 83 76 
22 28 37 
88 72 65 
16 94 40 
67 80 30 
16 89 22 
59 19 34 
45 70 29 
9 48 41 
96 5 49 
68 49 4 
33 75 90 
58 49 80 
71 79 44 
14 49 2 
84 85 56 
84 48 70 
66 7 82 
30 96 70 
95 30 21 
61 82 71 
52 55 20 
29 56 98 
18 33 44 
10 99 57 
23 82 68 
8 50 74 
42 45 54 
20 74 73 
85 68 2 
10 99 85 
99 39 64 
83 44 87 
68 38 66 
73 3 55 
4 25 15 
68 58 67 
64 86 41 
37 30 96 
84 37 33 
83 65 1 
28 12 11 
45 56 28 
78 36 34 
46 87 80 
77 27 58 
58 52 49 
8 91 27 
43 32 6 
21 36 67 
36 43 19 
52 44 33 
68 88 82 
53 21 49 
96 48 8 
85 3 19 
2 30 94 
4 66 10 
80 41 45 
17 42 25 
36 93 22 
29 50 63 
1 98 34 
43 6 1 
63 5 23 
57 52 42 
23 38 7 
56 18 29 
85 51 74 
31 3 10 
3 33 94 
81 55 60 
31 61 37 
28 25 91 
4 40 17 
17 66 22 
43 100 65 
33 59 67 
27 62 23 
50 93 83 
94 57 79 
56 91 73 
20 28 27 
1 16 33 
53 68 23 
19 57 44 
26 63 38 
54 88 82 
10 60 45 
12 52 92 
15 61 97 
82 87 15 
50 44 39 
8 53 23 
87 97 15 
9 97 51 
65 62 78 
99 76 33 
7 12 60 
100 60 83 
31 22 12 
27 2 87 
11 73 44 
82 36 40 
40 27 65 
95 42 80 
88 8 97 
75 44 24 
39 33 22 
18 14 36 
70 28 27 
42 93 84 
74 16 34 
75 68 42 
76 71 5 
53 28 44 
38 68 75 
2 95 49 
27 40 35 
2 39 6 
51 99 33 
44 3 93 
78 43 87 
78 72 81 
23 36 95 
10 90 11 
37 24 63 
77 79 86 
75 3 39 
21 82 71 
42 38 18 
57 3 10 
71 37 90 
4 19 67 
21 40 37 
37 32 19 
70 67 90 
81 18 87 
37 42 64 
75 79 100 
61 99 54 
12 66 93 
18 7 53 
65 26 4 
65 35 100 
47 18 23 
65 90 15 
60 25 17 
6 37 84 
58 74 42 
20 57 96 
76 83 11 
13 1 20 
94 57 61 
16 80 30 
84 93 49 
17 37 54 
76 12 18 
46 13 56 
2 78 21 
77 30 51 
72 66 8 
67 11 64 
8 42 90 
24 8 51 
77 28 56 
39 41 59 
88 72 23 
11 68 63 
77 49 14 
26 81 41 
3 76 80 
29 82 70 
79 58 98 
9 43 40 
59 27 32 
51 56 35 
78 73 46 
54 68 35 
1 12 87 
99 17 73 
23 9 92 
65 53 49 
98 35 70 
89 32 6 
43 93 97 
67 62 30 
61 78 51 
40 43 71 
62 8 89 
14 1 15 
47 43 97 
60 77 99 
89 44 90 
33 10 18 
64 42 91 
8 24 89 
15 26 20 
70 32 24 
39 16 20 
49 46 65 
7 27 65 
3 90 4 
34 50 90 
6 37 62 
65 60 91 
8 71 6 
30 17 73 
72 17 3 
72 60 73 
8 5 92 
11 51 60 
39 82 91 
50 87 22 
31 45 21 
19 77 74 
75 34 5 
22 32 70 
3 63 47 
48 88 30 
72 60 96 
15 73 18 
99 23 94 
90 51 10 
91 42 100 
33 11 86 
78 45 92 
54 89 49 
75 39 70 
22 53 38 
63 25 50 
58 47 35 
87 1 17 
48 55 91 
14 8 45 
73 10 62 
32 42 90 
88 11 22 
97 91 32 
49 70 26 
71 86 8 
48 40 81 
75 80 89 
8 10 4 
69 48 100 
88 89 63 
66 77 61 
33 60 62 
31 16 100 
67 74 25 
84 49 95 
70 26 24 
82 77 59 
89 30 23 
39 91 1 
49 60 92 
22 13 92 
49 32 8 
76 45 84 
40 31 63 
8 14 96 
87 70 18 
41 95 19 
27 52 31 
15 31 35 
48 67 44 
9 28 26 
58 75 55 
54 91 73 
85 45 34 
56 54 30 
85 30 95 
42 36 97 
36 31 79 
46 29 87 
100 23 56 
48 85 4 
75 8 95 
6 15 63 
61 53 10 
85 9 100 
23 26 13 
3 91 6 
83 27 33 
90 76 61 
94 23 12 
8 30 37 
25 58 27 
76 25 13 
17 62 3 
70 16 73 
86 2 81 
70 16 66 
6 20 48 
7 20 6 
59 32 38 
85 65 78 
3 78 99 
30 33 37 
100 43 24 
76 94 39 
34 50 78 
98 90 3 
96 49 45 
70 1 37 
82 80 72 
7 9 24 
61 48 56 
46 65 64 
41 24 48 
54 79 76 
18 16 4 
48 28 81 
57 76 49 
72 2 68 
87 24 57 
26 37 41 
28 68 58 
48 12 99 
100 11 79 
47 33 62 
38 3 16 
33 6 52 
33 93 47 
24 15 54 
31 18 54 
58 17 7 
45 35 38 
79 64 53 
22 46 40 
84 66 15 
9 28 60 
24 46 53 
30 6 87 
10 3 44 
4 77 95 
40 11 57 
17 100 68 
79 100 84 
90 16 47 
11 6 80 
52 35 44 
10 13 57 
6 47 68 
19 71 46 
6 26 47 
53 64 62 
25 97 36 
60 31 2 
9 83 38 
24 79 48 
57 2 20 
75 26 83 
15 22 16 
75 98 15 
90 96 11 
4 50 80 
65 27 20 
28 38 8 
6 86 3 
94 10 2 
19 26 11 
78 77 71 
26 100 63 
64 31 91 
42 53 86 
40 97 99 
86 4 79 
39 44 61 
50 22 97 
41 78 85 
40 94 10 
36 87 91 
88 70 39 
42 55 65 
48 83 4 
89 90 26 
84 33 50 
89 75 49 
72 74 21 
43 94 68 
53 33 42 
22 51 31 
4 18 35 
23 39 56 
61 81 78 
61 63 54 
78 87 35 
49 2 72 
63 77 66 
60 73 64 
7 85 4 
30 47 73 
94 32 61 
59 28 8 
73 67 84 
5 55 69 
39 34 93 
29 68 65 
25 31 59 
62 99 83 
11 33 56 
20 78 25 
96 60 5 
6 62 97 
70 94 22 
64 100 10 
98 73 90 
64 96 34 
52 16 43 
34 4 54 
68 66 33 
74 92 20 
49 37 10 
69 73 30 
28 66 76 
33 32 36 
3 99 9 
72 17 6 
8 14 5 
60 74 46 
83 5 69 
87 22 100 
20 67 71 
56 38 1 
39 53 65 
86 93 47 
6 8 60 
3 15 88 
21 66 93 
65 52 10 
29 83 48 
54 41 32 
57 56 36 
47 6 17 
2 94 73 
39 81 14 
3 68 19 
29 25 31 
74 95 96 
52 83 53 
49 4 33 
58 99 17 
13 32 5 
5 42 44 
89 74 60 
27 47 32 
50 38 47 
62 17 69 
20 29 4 
9 51 57 
44 73 76 
49 75 21 
91 20 94 
96 78 53 
3 21 39 
37 87 16 
21 6 45 
68 66 96 
66 22 95 
94 79 20 
6 100 85 
13 49 22 
49 2 88 
67 58 26 
83 42 69 
16 5 99 
50 14 45 
35 31 47 
17 25 39 
32 54 57 
86 44 3 
65 40 89 
65 30 12 
44 32 83 
19 16 29 
88 8 30 
2 82 72 
52 59 56 
88 15 90 
40 1 67 
81 84 66 
97 62 22 
64 19 80 
75 43 44 
18 3 59 
75 9 98 
5 45 54 
66 93 97 
12 17 19 
50 60 3 
14 39 12 
85 14 35 
78 72 34 
14 17 98 
65 24 27 
3 47 39 
99 76 35 
62 100 18 
15 99 100 
40 61 18 
37 81 56 
4 62 5 
64 75 37 
21 91 31 
89 11 44 
82 96 24 
67 51 55 
67 39 56 
45 78 89 
93 56 9 
52 79 91 
62 12 64 
11 97 78 
37 87 35 
53 59 36 
28 46 24 
23 86 66 
28 70 54 
23 14 99 
81 96 88 
95 1 26 
17 90 16 
84 12 68 
27 46 14 
18 23 31 
81 60 53 
81 85 80 
28 16 79 
52 29 70 
42 93 41 
75 26 40 
87 62 23 
12 2 34 
3 38 84 
79 93 50 
26 28 88 
28 8 34 
69 15 17 
50 28 85 
84 9 46 
34 91 8 
52 85 17 
54 38 66 
71 9 44 
6 52 25 
2 19 98 
90 3 41 
32 11 92 
56 59 20 
65 30 69 
34 20 79 
73 86 1 
91 51 5 
4 29 8 
44 33 69 
35 19 77 
90 34 31 
40 64 52 
20 91 36 
78 69 19 
9 36 44 
38 67 13 
75 9 69 
49 73 89 
24 76 51 
84 64 49 
32 1 61 
46 22 92 
26 97 42 
52 59 60 
4 55 29 
59 52 99 
71 37 63 
3 49 1 
17 92 30 
61 75 56 
92 21 58 
59 57 61 
38 81 7 
80 93 37 
40 81 77 
21 83 95 
63 38 66 
94 25 6 
36 68 23 
97 17 29 
48 64 71 
65 14 95 
54 46 66 
50 81 56 
29 61 22 
17 15 14 
18 49 8 
12 85 84 
98 36 61 
24 20 1 
86 6 42 
29 97 38 
83 6 93 
48 15 24 
10 59 26 
28 44 43 
27 2 20 
33 69 75 
6 50 32 
69 3 95 
85 21 16 
88 89 86 
92 48 49 
26 73 21 
100 54 33 
13 43 54 
21 87 38 
20 2 40 
71 18 67 
72 73 64 
36 76 38 
84 42 17 
57 56 99 
54 1 81 
38 21 60 
6 13 47 
86 44 99 
58 64 25 
18 53 6 
20 42 45 
51 33 56 
60 81 82 
11 82 15 
38 73 67 
21 81 49 
24 17 77 
12 32 15 
35 10 6 
72 61 20 
5 37 14 
18 15 71 
62 91 97 
75 77 48 
97 35 61 
46 83 47 
50 97 79 
50 26 47 
20 80 22 
59 75 50 
50 90 60 
51 59 9 
25 34 17 
91 41 36 
38 11 43 
38 100 92 
62 82 48 
2 38 85 
1 2 38 
75 7 67 
97 94 77 
30 31 64 
59 3 44 
66 39 77 
96 81 37 
22 72 78 
69 3 100 
43 62 52 
56 71 34 
24 41 66 
1 81 37 
69 27 59 
93 74 20 
11 15 41 
82 40 2 
71 63 43 
72 66 77 
69 96 45 
87 84 85 
40 57 34 
65 60 48 
6 42 66 
6 83 80 
1 17 96 
41 25 52 
63 17 57 
65 25 75 
4 69 78 
70 53 64 
41 96 98 
62 74 23 
18 45 8 
36 40 33 
6 58 59 
48 24 19 
14 9 84 
58 72 90 
62 52 66 
26 61 36 
78 8 74 
80 36 76 
97 11 14 
27 33 67 
75 12 43 
95 77 44 
50 93 38 
43 64 47 
6 7 23 
30 80 23 
12 4 90 
85 27 67 
76 69 40 
42 93 13 
26 93 52 
23 71 15 
5 36 75 
62 74 96 
27 73 5 
56 89 64 
2 96 71 
85 70 33 
57 83 76 
24 55 8 
33 65 77 
64 34 25 
31 56 45 
81 31 28 
38 8 79 
12 100 27 
95 75 91 
81 18 23 
100 4 50 
32 12 98 
55 81 15 
16 28 62 
9 6 44 
96 24 75 
15 80 6 
99 74 14 
38 13 76 
36 31 51 
30 36 1 
64 65 72 
91 53 87 
66 85 13 
19 93 89 
20 85 64 
62 63 49 
64 31 36 
15 6 25 
1 14 12 
6 64 19 
41 63 15 
15 32 21 
15 38 22 
78 83 75 
15 91 6 
10 20 24 
1 78 97 
60 68 31 
1 79 41 
37 97 52 
41 71 81 
31 77 100 
93 70 69 
28 30 88 
26 4 93 
60 61 3 
67 62 37 
75 69 70 
2 21 65 
87 46 54 
53 60 98 
13 56 90 
93 4 92 
45 22 60 
27 29 49 
89 96 41 
15 39 71 
36 21 60 
66 61 78 
72 77 50 
100 14 81 
24 93 43 
90 35 14 
56 51 68 
48 14 16 
22 51 39 
43 3 79 
95 41 60 
69 7 25 
28 51 7 
93 66 36 
6 59 22 
15 86 72 
97 95 72 
55 60 73 
58 17 1 
67 82 35 
81 36 67 
75 74 70 
89 37 99 
22 61 27 
75 54 81 
72 13 55 
95 56 13 
54 71 12 
10 30 14 
7 46 53 
57 98 82 
83 84 22 
5 91 23 
55 15 39 
6 99 100 
33 11 93 
67 50 63 
28 1 54 
78 27 25 
61 25 100 
38 39 89 
82 83 28 
16 22 6 
75 61 87 
80 84 91 
82 20 52 
83 69 84 
52 2 17 
66 37 45 
81 63 85 
1 54 15 
84 35 26 
2 51 100 
89 41 71 
96 19 55 
11 56 50 
37 58 27 
87 66 52 
64 36 91 
94 84 71 
50 41 38 
69 49 94 
39 92 31 
85 53 96 
80 85 65 
81 73 85 
25 27 31 
99 65 1 
29 11 71 
43 52 58 
97 55 76 
89 46 80 
66 65 22 
68 67 63 
7 26 83 
18 97 40 
70 60 43 
11 42 10 
21 40 16 
33 70 45 
9 39 86 
92 56 49 
7 46 25 
39 94 29 
79 83 36 
17 32 1 
71 66 43 
29 86 14 
77 9 63 
5 65 71 
18 73 80 
72 65 9 
4 37 11 
64 3 100 
60 59 51 
75 26 20 
27 24 55 
69 84 82 
34 50 29 
91 44 25 
2 14 4 
75 94 87 
87 94 34 
52 28 49 
5 91 98 
81 70 40 
65 57 39 
68 94 55 
52 49 39 
18 5 19 
38 65 28 
17 4 12 
72 80 86 
57 28 99 
47 53 72 
33 46 66 
89 46 33 
73 7 92 
34 55 56 
64 16 46 
87 59 36 
89 72 44 
8 58 65 
94 9 20 
40 73 21 
10 62 84 
3 42 55 
71 80 19 
41 33 76 
59 20 66 
38 58 72 
65 13 51 
60 91 64 
26 54 34 
46 88 30 
93 7 64 
15 1 21 
1 35 39 
69 13 80 
58 67 83 
83 1 70 
6 56 16 
83 87 91 
1 21 7 
91 51 99 
74 28 79 
52 49 95 
72 5 19 
59 10 83 
75 29 20 
62 37 33 
33 10 47 
29 61 72 
80 52 14 
53 3 71 
100 43 56 
57 97 86 
17 83 46 
15 52 22 
3 13 18 
33 24 51 
69 32 8 
91 88 28 
49 33 27 
74 95 31 
42 65 79 
66 12 95 
19 100 85 
41 93 24 
24 47 50 
7 64 95 
80 10 76 
57 84 34 
88 69 50 
97 15 2 
63 24 3 
6 38 85 
17 7 9 
43 65 83 
53 66 61 
66 95 64 
11 1 32 
98 57 43 
55 59 81 
96 7 8 
17 84 82 
61 10 49 
28 94 46 
94 32 34 
93 73 8 
88 93 13 
33 45 100 
52 49 54 
76 9 94 
50 3 59 
87 9 70 
44 42 14 
63 60 5 
33 30 45 
48 6 28 
74 4 55 
48 42 64 
26 45 50 
60 13 66 
65 61 19 
17 49 52 
38 99 24 
97 50 71 
32 94 73 
77 98 43 
94 22 84 
45 59 67 
62 35 27 
47 93 51 
100 97 14 
84 55 49 
44 14 29 
86 79 21 
97 89 91 
98 3 85 
60 68 40 
64 65 93 
2 40 22 
47 54 82 
72 74 54 
19 16 21 
49 70 16 
26 31 64 
35 92 22 
68 35 48 
39 53 79 
2 87 80 
41 43 20 
40 60 63 
39 72 9 
15 98 43 
30 10 33 
41 6 65 
26 74 96 
15 3 92 
23 89 64 
90 80 18 
61 63 62 
31 8 66 
81 71 52 
78 12 77 
40 89 98 
52 31 72 
59 4 58 
74 94 67 
83 37 64 
85 36 69 
55 9 70 
9 70 85 
21 25 35 
92 63 18 
38 50 82 
14 31 49 
29 69 84 
20 40 49 
15 70 78 
71 79 59 
13 36 34 
41 43 39 
12 33 63 
18 66 97 
52 51 17 
100 37 43 
88 94 28 
65 80 58 
17 23 96 
86 55 93 
20 59 3 
47 87 44 
99 5 98 
93 55 59 
21 97 99 
60 23 12 
79 11 1 
42 99 23 
76 10 64 
60 51 48 
48 5 34 
29 2 73 
89 9 95 
72 95 70 
19 61 67 
69 27 94 
80 92 67 
56 25 81 
33 10 29 
73 61 16 
29 24 46 
31 36 49 
40 69 33 
81 59 27 
79 65 20 
49 98 24 
49 36 99 
18 80 67 
74 40 47 
24 26 15 
77 22 98 
59 46 61 
10 77 25 
83 41 96 
45 40 94 
66 67 63 
39 30 34 
65 57 89 
43 30 14 
86 32 80 
100 82 19 
32 84 79 
6 98 77 
6 82 68 
91 77 34 
79 68 41 
20 64 2 
28 54 4 
34 56 93 
9 59 6 
89 38 20 
72 48 86 
75 32 43 
26 86 31 
25 61 29 
68 81 74 
47 18 30 
29 98 42 
63 89 34 
94 28 16 
29 92 74 
73 74 29 
36 43 1 
28 1 9 
51 9 72 
26 30 32 
49 42 36 
56 79 82 
24 52 13 
47 13 30 
59 6 68 
70 28 34 
89 77 2 
90 74 65 
38 73 72 
13 32 25 
7 20 9 
71 8 31 
85 53 97 
27 15 23 
14 45 11 
31 43 40 
6 11 76 
77 51 48 
70 57 50 
80 92 4 
63 85 19 
18 77 32 
40 79 85 
34 99 89 
85 46 30 
52 84 81 
87 88 9 
38 58 54 
3 96 66 
13 45 73 
90 3 46 
17 97 78 
69 8 74 
54 58 100 
69 27 57 
96 56 39 
31 48 53 
4 50 86 
4 90 97 
87 67 97 
32 67 71 
41 19 87 
57 22 78 
53 85 4 
30 95 45 
39 32 63 
28 17 72 
11 25 89 
13 69 62 
79 6 60 
78 41 25 
15 76 89 
89 51 31 
23 87 31 
49 63 95 
64 53 73 
80 40 88 
4 88 56 
82 47 58 
52 78 43 
88 75 61 
53 96 69 
69 82 31 
1 55 46 
45 31 57 
45 70 30 
15 65 83 
33 19 16 
98 34 57 
47 42 88 
73 33 77 
87 55 25 
37 89 63 
39 93 85 
70 41 23 
25 99 82 
27 47 45 
88 70 1 
16 87 38 
13 41 59 
33 61 84 
23 72 42 
87 100 75 
54 10 97 
35 18 73 
47 92 12 
34 17 53 
46 11 16 
33 11 77 
27 9 54 
39 69 72 
83 93 80 
35 77 86 
3 46 85 
56 49 62 
80 43 2 
21 38 39 
41 63 9 
30 81 39 
48 19 28 
93 92 81 
26 53 100 
73 70 82 
29 52 66 
53 14 56 
19 8 64 
98 65 28 
1 99 88 
60 71 31 
57 81 89 
1 4 60 
47 4 88 
37 21 72 
40 35 69 
86 67 80 
6 9 69 
50 58 77 
88 69 20 
88 66 70 
31 86 24 
38 60 76 
57 13 53 
86 84 74 
4 74 25 
24 56 52 
50 74 73 
61 4 10 
70 31 24 
64 38 65 
35 98 51 
8 40 44 
21 26 24 
32 77 8 
80 46 27 
38 21 81 
59 41 9 
70 68 72 
68 5 90 
46 21 60 
42 51 100 
96 29 61 
68 46 49 
26 58 94 
33 94 46 
33 29 99 
39 53 32 
59 11 37 
5 11 57 
42 79 29 
63 90 37 
53 99 44 
93 58 90 
40 93 13 
60 17 52 
80 60 87 
12 87 27 
27 44 89 
87 31 57 
49 35 8 
68 67 37 
44 39 36 
39 54 95 
74 28 53 
46 92 6 
64 79 69 
45 21 40 
18 16 12 
75 48 72 
7 34 28 
41 11 95 
23 46 22 
29 40 50 
95 15 10 
68 41 26 
97 63 17 
21 84 92 
40 28 60 
37 48 43 
35 7 45 
43 10 56 
89 4 35 
3 20 7 
20 52 30 
2 100 30 
91 53 77 
76 53 70 
82 45 79 
16 62 93 
30 38 80 
97 57 89 
94 67 79 
90 100 68 
57 71 37 
86 24 53 
32 42 51 
29 23 73 
97 93 96 
89 51 47 
68 51 4 
67 13 55 
17 23 76 
87 47 90 
17 58 37 
8 69 50 
31 3 54 
48 95 17 
21 99 24 
93 54 46 
45 69 27 
35 93 33 
5 92 98 
31 90 67 
55 88 52 
31 24 98 
93 5 100 
56 7 55 
57 71 9 
88 35 94 
53 27 98 
57 20 80 
30 99 79 
48 79 21 
38 89 86 
20 61 79 
86 92 93 
50 58 55 
68 27 43 
15 90 7 
39 24 53 
58 80 45 
28 13 54 
89 35 22 
71 34 80 
39 8 81 
38 42 52 
42 38 25 
37 32 27 
41 11 96 
50 55 100 
57 69 63 
91 86 23 
29 26 51 
48 14 85 
64 23 31 
48 88 36 
33 49 50 
88 93 9 
48 79 22 
63 51 49 
98 58 45 
24 79 15 
21 74 25 
11 43 64 
4 78 66 
23 26 76 
14 21 33 
87 25 6 
20 79 72 
38 95 47 
81 87 24 
24 18 15 
72 24 86 
23 97 89 
27 13 54 
80 35 27 
22 40 6 
39 91 90 
40 98 45 
25 37 85 
67 86 24 
72 15 90 
21 25 94 
15 94 99 
22 89 10 
82 83 71 
22 83 81 
95 14 25 
71 24 72 
7 9 6 
34 72 3 
51 30 44 
58 16 17 
83 24 66 
83 62 53 
90 54 81 
59 12 71 
6 19 75 
58 44 2 
33 12 16 
87 2 90 
35 59 47 
38 45 51 
90 38 100 
65 17 19 
18 53 33 
11 79 46 
25 68 55 
13 27 81 
100 80 14 
85 11 38 
55 56 61 
1 25 67 
62 90 55 
87 95 76 
67 2 23 
97 94 75 
88 76 25 
97 48 92 
56 88 19 
13 39 4 
91 16 86 
36 63 87 
47 13 98 
28 45 8 
15 14 86 
90 51 40 
28 83 86 
97 95 98 
75 91 27 
74 82 54 
83 15 28 
7 32 75 
12 74 60 
53 11 51 
72 87 41 
14 76 41 
1 80 26 
31 2 53 
26 84 13 
8 45 64 
7 85 51 
77 82 92 
1 6 88 
21 70 76 
35 67 39 
82 32 12 
16 50 2 
89 93 10 
74 5 35 
70 1 62 
70 29 64 
27 38 39 
67 11 91 
1 59 65 
65 11 54 
35 34 8 
15 50 53 
76 83 25 
1 82 65 
42 65 10 
24 87 42 
64 83 92 
95 63 38 
93 77 17 
20 36 26 
54 85 30 
25 58 73 
49 85 23 
56 29 71 
92 100 89 
1 62 23 
23 39 71 
23 65 36 
38 85 55 
49 85 8 
84 23 99 
39 54 100 
5 10 47 
45 75 60 
51 39 56 
88 20 12 
47 85 63 
100 19 17 
49 87 74 
72 68 40 
4 93 46 
95 8 19 
64 26 46 
13 70 81 
83 21 60 
36 63 12 
78 84 71 
16 8 89 
74 70 95 
9 13 16 
76 94 57 
24 75 57 
97 2 66 
14 40 88 
27 1 87 
57 23 83 
82 80 20 
48 38 28 
49 77 95 
89 80 1 
59 29 41 
16 11 56 
8 32 14 
10 23 44 
75 48 83 
36 22 63 
92 49 61 
48 46 87 
10 25 21 
22 100 30 
90 13 76 
57 26 22 
22 8 19 
74 40 55 
15 92 1 
95 98 100 
73 90 97 
52 23 81 
59 13 84 
31 60 96 
94 96 99 
39 36 11 
1 49 48 
31 62 72 
48 65 36 
2 66 17 
80 98 64 
1 7 2 
56 77 86 
36 16 100 
19 21 85 
44 63 5 
81 10 58 
69 19 70 
16 93 89 
5 55 53 
17 19 47 
49 72 9 
50 85 17 
12 35 67 
63 24 14 
10 77 91 
66 41 74 
47 31 15 
10 43 58 
97 83 98 
35 43 53 
12 74 6 
30 8 34 
48 22 99 
17 94 37 
67 77 47 
26 77 43 
63 57 51 
5 45 19 
33 63 44 
87 38 60 
87 84 8 
86 99 8 
59 66 81 
43 71 58 
8 61 42 
74 79 48 
16 75 88 
76 71 17 
65 24 85 
91 81 23 
30 39 45 
72 57 100 
60 16 24 
19 10 56 
46 29 81 
17 2 22 
100 88 95 
63 2 75 
96 35 78 
85 66 73 
33 71 83 
69 82 7 
73 53 95 
62 80 26 
96 15 95 
12 53 22 
57 20 16 
3 26 12 
34 80 68 
6 58 54 
2 19 28 
22 26 14 
36 12 79 
20 68 16 
46 24 79 
77 17 56 
6 23 88 
56 3 26 
37 45 84 
36 59 45 
53 5 11 
25 42 13 
69 99 88 
18 65 93 
97 60 39 
52 56 1 
78 24 40 
38 17 65 
17 14 16 
32 77 99 
67 26 60 
80 87 74 
100 14 52 
47 96 97 
82 37 87 
10 49 84 
77 28 79 
8 97 87 
21 55 25 
27 76 49 
17 55 65 
19 10 3 
16 5 71 
29 22 72 
71 35 6 
42 41 15 
96 77 40 
31 99 55 
37 96 4 
91 33 45 
41 3 14 
65 38 50 
74 4 40 
45 57 6 
89 68 94 
25 64 76 
88 73 28 
45 72 97 
91 69 87 
58 24 78 
68 38 82 
15 71 54 
39 25 94 
20 51 6 
21 2 26 
93 24 72 
58 4 2 
5 52 32 
90 53 85 
74 53 10 
21 96 68 
99 44 75 
75 67 33 
56 30 71 
73 92 63 
8 66 37 
77 8 63 
80 60 83 
5 87 52 
68 21 91 
49 76 32 
7 26 6 
91 51 52 
85 75 53 
25 49 12 
62 68 99 
71 48 79 
49 95 43 
85 76 52 
93 49 89 
50 19 46 
66 48 23 
32 73 14 
87 19 55 
4 11 93 
60 4 58 
2 90 65 
70 86 25 
95 5 83 
5 92 78 
67 82 59 
19 51 9 
13 77 26 
4 25 65 
52 3 55 
52 41 55 
100 23 42 
45 14 36 
56 11 89 
100 81 70 
28 69 85 
82 41 97 
78 38 43 
81 93 44 
29 34 24 
99 73 22 
19 6 7 
25 13 34 
68 86 14 
20 36 34 
51 48 30 
32 38 37 
78 40 72 
88 21 33 
95 93 40 
14 55 16 
38 63 17 
74 56 34 
9 10 65 
11 99 80 
98 87 44 
91 50 42 
31 66 9 
64 46 36 
4 9 94 
4 37 82 
27 15 6 
59 22 58 
44 94 32 
43 98 18 
37 38 89 
13 43 41 
18 23 28 
16 12 15 
38 35 83 
89 51 3 
86 47 84 
99 97 5 
31 41 84 
12 42 27 
62 9 35 
67 64 47 
44 3 63 
17 53 96 
65 9 6 
85 7 24 
11 92 97 
58 100 67 
63 82 36 
24 94 91 
53 59 87 
19 68 18 
19 71 49 
71 69 94 
17 78 96 
15 3 20 
4 98 31 
54 38 76 
1 35 90 
23 1 66 
27 58 24 
5 64 76 
25 60 81 
43 93 6 
35 16 4 
44 37 73 
85 23 4 
5 11 97 
69 87 76 
2 49 18 
29 7 34 
56 82 62 
28 24 74 
41 60 67 
79 94 97 
74 41 36 
49 51 86 
52 87 79 
33 40 100 
39 43 66 
21 99 52 
13 29 5 
33 55 82 
33 24 27 
81 70 25 
43 20 94 
67 11 19 
38 63 3 
68 90 66 
94 60 34 
24 10 71 
26 64 18 
47 37 85 
2 76 80 
5 21 88 
84 44 51 
55 91 66 
6 54 79 
58 100 70 
11 100 32 
82 89 66 
46 62 4 
48 86 98 
58 15 53 
48 16 62 
62 78 39 
17 59 16 
1 50 35 
1 76 35 
72 96 90 
5 1 27 
27 20 16 
51 14 6 
51 27 50 
25 87 74 
70 66 3 
24 9 19 
96 53 24 
23 36 22 
64 94 86 
18 11 16 
64 12 36 
18 93 97 
96 31 52 
46 37 65 
85 3 33 
66 37 69 
98 8 5 
3 9 52 
17 50 30 
71 7 74 
30 41 74 
80 98 47 
100 62 97 
46 24 55 
62 66 46 
7 61 67 
83 24 87 
30 38 14 
6 9 46 
59 90 60 
74 42 82 
38 93 47 
60 62 83 
4 74 29 
25 73 33 
56 40 26 
78 46 15 
86 78 68 
79 88 3 
28 43 51 
77 49 83 
84 46 26 
67 25 63 
41 26 28 
4 33 94 
66 29 50 
20 58 27 
70 62 10 
45 77 30 
47 87 9 
84 52 3 
15 53 84 
65 28 53 
15 72 45 
63 10 14 
93 56 14 
51 24 71 
35 6 66 
80 71 85 
87 95 41 
39 47 77 
22 77 2 
69 62 86 
95 47 62 
25 38 31 
48 54 90 
5 42 4 
53 86 71 
97 62 45 
94 12 80 
8 77 12 
98 88 73 
33 53 11 
53 28 51 
78 76 42 
10 23 60 
45 49 54 
77 47 62 
62 39 100 
8 23 97 
21 40 9 
63 91 2 
2 50 73 
15 86 33 
21 29 28 
45 12 67 
98 22 57 
51 25 43 
3 70 98 
78 66 76 
48 57 11 
94 66 47 
27 68 4 
3 12 16 
49 1 70 
67 12 20 
43 56 46 
1 99 18 
84 46 67 
69 63 94 
67 74 42 
20 89 63 
80 1 97 
35 18 45 
23 71 5 
93 2 23 
63 12 50 
34 81 21 
84 95 76 
74 77 6 
80 11 50 
9 96 44 
50 81 32 
47 98 97 
16 71 15 
76 87 91 
36 29 81 
33 69 66 
44 31 22 
48 77 74 
71 36 74 
8 46 24 
35 6 53 
65 10 74 
90 34 39 
2 37 85 
23 79 27 
74 89 85 
79 12 3 
24 61 7 
58 13 18 
27 60 87 
28 92 25 
57 31 75 
100 22 95 
63 85 9 
17 42 16 
51 18 56 
66 90 36 
22 50 23 
82 25 80 
56 28 12 
39 43 99 
33 22 58 
83 98 2 
42 39 27 
18 63 83 
80 88 68 
12 55 16 
12 10 13 
22 19 90 
44 28 59 
82 49 84 
99 7 70 
72 13 19 
47 99 56 
12 75 52 
39 71 50 
83 70 46 
33 19 51 
25 31 34 
15 31 69 
29 22 86 
100 29 77 
15 57 86 
67 89 97 
96 61 58 
47 60 97 
26 82 60 
8 57 39 
50 98 76 
55 57 86 
32 50 84 
52 41 27 
76 77 5 
74 99 85 
70 6 28 
69 75 78 
62 75 55 
33 64 60 
54 40 30 
71 96 67 
62 14 45 
3 57 77 
85 44 96 
4 99 55 
7 54 27 
16 5 15 
66 75 82 
65 11 14 
86 81 65 
42 24 40 
64 65 97 
17 14 19 
4 96 39 
1 27 56 
60 32 100 
10 49 24 
27 99 2 
46 57 44 
10 76 95 
16 31 75 
90 9 54 
32 52 39 
90 16 85 
14 92 29 
51 55 32 
18 92 2 
52 17 3 
86 26 75 
94 10 27 
53 35 62 
49 29 87 
35 72 12 
86 59 83 
43 80 66 
86 96 18 
21 61 29 
54 78 18 
86 25 56 
84 39 69 
40 79 1 
53 78 21 
61 41 55 
29 73 38 
30 38 36 
70 100 53 
11 78 99 
31 33 13 
37 74 97 
17 66 7 
16 43 37 
73 3 59 
45 95 13 
36 29 87 
72 96 44 
44 43 97 
7 5 39 
52 94 2 
64 78 45 
96 46 75 
62 33 8 
78 14 87 
41 36 43 
63 86 98 
59 74 83 
44 38 88 
5 58 30 
85 100 87 
67 41 61 
26 25 80 
100 12 39 
43 83 17 
2 21 93 
50 39 22 
38 14 94 
17 92 68 
52 94 28 
57 47 53 
44 93 82 
29 61 87 
23 5 38 
25 91 69 
51 95 13 
44 17 97 
3 73 69 
28 45 34 
85 91 98 
62 100 26 
44 1 42 
67 95 59 
63 85 29 
25 82 26 
43 5 81 
25 93 87 
50 45 15 
18 23 67 
76 36 60 
72 66 79 
32 60 70 
65 47 90 
64 73 71 
38 75 65 
13 14 53 
60 34 75 
92 85 21 
92 60 39 
67 34 13 
74 55 77 
16 62 81 
47 23 59 
34 41 86 
84 52 43 
41 87 27 
72 61 52 
46 70 49 
95 47 64 
2 79 41 
35 30 38 
44 16 77 
100 35 97 
24 74 22 
49 22 36 
72 12 77 
38 5 9 
77 71 87 
95 72 76 
34 1 100 
68 97 79 
33 48 43 
58 19 10 
15 19 75 
78 81 96 
66 41 34 
38 70 88 
25 29 21 
62 16 90 
47 58 67 
57 54 26 
83 38 97 
27 68 31 
44 11 48 
53 7 95 
43 51 96 
89 20 45 
18 63 39 
2 1 82 
40 31 95 
49 73 100 
9 54 25 
18 60 92 
99 45 76 
40 28 83 
2 37 68 
37 1 79 
6 38 56 
10 75 97 
31 18 45 
9 82 18 
10 25 19 
49 96 83 
43 77 32 
10 44 82 
6 89 7 
74 24 77 
32 7 87 
65 80 13 
1 12 58 
75 71 18 
46 9 45 
48 49 6 
35 4 51 
47 53 73 
38 49 92 
39 52 25 
29 74 16 
85 11 34 
57 76 1 
57 12 52 
65 8 80 
16 49 4 
20 93 97 
15 54 21 
75 29 83 
34 19 66 
74 81 52 
53 48 28 
15 36 16 
30 88 57 
73 50 43 
52 48 29 
66 14 78 
38 50 53 
75 43 34 
80 64 84 
72 41 58 
71 91 16 
93 71 25 
45 41 27 
12 99 1 
27 86 32 
47 24 72 
12 56 94 
86 50 55 
66 76 89 
97 7 16 
47 83 11 
31 57 46 
26 71 53 
98 35 88 
99 79 97 
3 80 13 
70 24 86 
42 46 100 
98 69 13 
94 62 81 
88 76 41 
47 60 41 
67 85 84 
34 72 41 
36 46 78 
41 61 69 
86 93 56 
1 40 54 
58 78 95 
64 45 9 
97 35 27 
95 34 94 
87 8 66 
82 88 56 
85 41 7 
36 18 69 
81 1 8 
39 30 97 
63 58 12 
47 17 95 
44 80 69 
33 46 50 
98 88 38 
39 31 60 
60 90 3 
80 84 67 
95 4 57 
49 62 25 
98 85 8 
47 85 56 
44 79 3 
19 54 80 
38 67 43 
11 33 39 
44 46 51 
31 5 16 
71 21 32 
24 74 58 
9 64 97 
88 94 41 
44 5 56 
82 77 98 
32 61 88 
79 51 48 
4 24 39 
41 13 20 
5 82 96 
84 7 68 
83 64 63 
5 7 38 
63 93 80 
54 50 16 
87 67 44 
26 2 28 
67 95 30 
23 2 22 
54 84 80 
48 3 31 
41 10 48 
78 44 47 
2 17 79 
6 63 70 
18 64 88 
80 92 1 
24 61 73 
29 94 48 
54 68 20 
23 64 26 
55 88 45 
24 59 86 
29 77 22 
24 28 75 
71 55 77 
12 97 57 
57 21 12 
100 6 19 
45 95 8 
72 6 86 
34 96 9 
84 65 1 
31 53 26 
66 59 70 
8 32 75 
61 38 53 
95 28 17 
22 24 48 
11 99 34 
65 1 18 
28 1 29 
69 90 86 
45 35 41 
17 9 1 
35 54 92 
54 6 2 
96 76 64 
58 47 89 
21 38 88 
43 13 18 
35 21 42 
45 94 20 
26 40 16 
90 61 95 
11 13 100 
79 93 18 
29 20 73 
87 8 94 
24 1 15 
37 25 92 
31 57 96 
38 61 98 
63 70 99 
35 73 1 
20 95 39 
74 48 41 
14 75 88 
14 77 33 
1 22 97 
30 65 40 
86 80 5 
34 69 83 
38 89 61 
30 47 36 
98 9 65 
85 66 69 
78 36 14 
95 16 79 
6 9 52 
63 57 36 
81 8 83 
49 27 93 
73 32 46 
92 43 64 
95 17 64 
93 75 46 
41 23 25 
56 51 75 
10 64 19 
17 64 2 
94 6 29 
72 39 94 
97 44 66 
75 13 79 
14 64 52 
75 31 82 
90 53 26 
18 32 34 
59 55 74 
37 44 64 
29 27 45 
25 32 63 
40 95 91 
85 43 1 
73 47 39 
33 52 17 
17 2 55 
72 46 69 
59 55 62 
66 28 47 
71 100 40 
73 54 49 
27 15 13 
92 61 9 
67 30 31 
26 56 45 
27 17 42 
57 31 56 
45 23 38 
71 1 91 
87 5 88 
88 68 75 
68 37 91 
39 19 99 
67 95 19 
31 58 20 
50 97 42 
88 49 95 
13 31 28 
6 72 76 
85 96 70 
62 11 37 
34 69 79 
37 69 20 
41 22 93 
68 24 48 
74 30 47 
94 6 3 
45 80 59 
54 66 43 
48 88 21 
85 44 18 
61 89 25 
9 48 80 
8 76 55 
47 10 4 
16 23 87 
85 43 89 
48 81 35 
95 75 65 
58 52 41 
47 88 29 
17 38 25 
42 33 96 
16 19 79 
31 24 21 
63 11 24 
45 39 12 
11 61 37 
87 58 38 
20 35 59 
5 42 18 
9 39 56 
7 43 78 
15 80 61 
24 91 11 
66 91 3 
39 60 94 
18 1 54 
35 32 10 
47 42 67 
17 42 7 
50 64 97 
77 21 88 
93 44 90 
82 27 57 
66 48 35 
94 17 26 
4 86 7 
63 16 99 
6 35 82 
52 7 14 
16 20 23 
30 9 54 
30 45 32 
70 32 19 
42 38 94 
2 34 57 
19 76 90 
49 62 53 
63 82 16 
45 48 96 
79 17 52 
24 44 90 
19 61 96 
75 47 9 
20 93 38 
83 100 79 
25 39 84 
52 16 99 
83 97 37 
63 74 5 
95 63 23 
47 45 70 
84 53 64 
8 42 30 
9 34 49 
17 92 3 
3 91 71 
13 90 11 
90 71 72 
62 9 100 
34 59 60 
80 54 33 
15 68 83 
80 48 49 
22 58 32 
10 67 85 
75 43 84 
13 11 26 
25 62 27 
41 88 3 
54 98 24 
50 26 97 
