10000
100000
17 39 13 
97 57 3 
34 5 18 
12 62 92 
6 14 94 
50 88 85 
36 17 68 
80 55 100 
84 66 90 
56 71 18 
49 35 8 
67 3 27 
22 3 44 
36 48 88 
39 2 60 
11 33 53 
11 54 80 
66 9 31 
47 39 13 
39 60 94 
11 100 13 
66 60 3 
39 69 72 
14 12 36 
57 38 1 
30 87 78 
12 98 63 
96 98 72 
20 38 47 
83 93 80 
8 19 63 
75 34 94 
62 47 70 
2 57 24 
6 93 43 
27 48 16 
56 36 57 
19 21 61 
90 21 84 
57 31 45 
99 55 57 
50 53 21 
68 89 32 
81 77 40 
82 93 14 
97 81 59 
49 50 58 
49 35 87 
23 89 30 
11 10 2 
13 9 58 
75 99 5 
35 67 36 
100 19 72 
41 29 59 
77 20 99 
52 30 20 
81 56 50 
14 6 48 
26 55 10 
74 24 16 
91 76 42 
81 50 32 
57 51 4 
31 16 5 
39 82 13 
33 83 58 
91 6 57 
42 45 54 
53 56 73 
53 42 39 
56 26 40 
84 13 93 
57 86 97 
43 71 58 
1 16 41 
44 95 9 
61 78 72 
95 82 80 
82 19 59 
40 38 95 
90 73 69 
87 16 25 
15 72 90 
50 63 96 
26 69 19 
88 89 11 
14 54 91 
26 25 82 
32 73 81 
92 97 11 
17 86 27 
69 19 70 
46 100 39 
67 25 74 
68 98 58 
96 63 8 
24 6 56 
37 83 97 
38 78 43 
82 3 60 
5 83 58 
31 81 39 
74 25 2 
77 72 50 
95 4 2 
93 18 97 
44 94 79 
82 69 31 
51 71 24 
35 67 12 
66 12 24 
33 69 71 
13 69 67 
65 69 39 
84 50 88 
51 28 53 
41 2 80 
36 48 51 
45 80 59 
25 87 93 
65 29 39 
25 50 20 
32 76 84 
21 23 22 
4 9 82 
51 56 95 
41 24 13 
1 65 78 
9 53 4 
37 95 33 
97 23 48 
91 34 36 
86 42 53 
39 81 70 
27 8 91 
91 23 86 
26 84 11 
66 99 51 
13 19 35 
35 85 67 
49 73 100 
90 7 74 
71 40 43 
40 76 24 
49 1 30 
17 65 79 
55 56 84 
66 3 70 
92 48 84 
70 36 99 
53 85 96 
89 25 98 
43 24 7 
34 15 36 
75 94 79 
36 3 76 
15 47 56 
5 8 99 
39 79 83 
18 51 25 
28 60 24 
11 49 46 
52 28 64 
90 76 61 
15 37 49 
35 58 78 
8 85 5 
19 1 8 
57 100 44 
75 33 67 
61 25 89 
89 33 40 
87 16 9 
29 39 32 
7 36 15 
47 74 53 
69 89 88 
33 76 13 
61 33 84 
93 70 69 
85 89 38 
87 23 9 
28 41 45 
93 58 90 
10 49 51 
35 42 16 
46 4 67 
9 80 3 
37 7 55 
40 94 1 
43 51 28 
4 47 7 
2 52 57 
53 62 14 
19 73 83 
14 86 45 
69 64 92 
74 78 36 
30 14 10 
70 55 13 
51 78 68 
23 14 85 
17 64 41 
93 51 97 
49 52 17 
86 60 24 
30 23 81 
74 66 100 
37 89 99 
83 52 94 
84 50 33 
16 12 80 
38 11 9 
49 9 72 
83 70 71 
96 39 89 
48 26 65 
11 92 77 
8 48 18 
18 7 3 
82 3 56 
34 46 31 
19 58 39 
84 93 66 
20 58 12 
75 25 65 
88 38 21 
53 44 40 
2 88 13 
36 61 62 
99 18 1 
18 27 16 
12 58 1 
8 51 24 
74 33 78 
99 50 60 
54 44 77 
99 63 60 
62 57 71 
47 64 6 
11 13 26 
27 4 12 
85 90 14 
99 2 43 
2 36 62 
32 62 82 
13 37 7 
23 87 95 
33 69 14 
43 84 5 
54 19 44 
1 51 91 
54 48 26 
100 96 51 
31 3 8 
46 83 91 
62 100 26 
44 63 33 
55 74 51 
13 94 80 
17 97 63 
14 55 91 
19 58 86 
22 98 95 
56 23 100 
61 15 32 
77 24 74 
56 77 17 
54 43 45 
43 82 83 
27 24 55 
85 86 93 
65 71 61 
24 100 50 
25 8 83 
80 38 46 
91 53 54 
41 60 73 
34 3 9 
60 37 53 
42 95 27 
79 19 4 
3 14 66 
48 60 51 
7 79 78 
74 38 1 
65 64 10 
86 48 58 
74 54 85 
4 69 74 
21 70 17 
3 38 99 
32 44 83 
30 23 50 
38 21 28 
25 73 29 
24 63 49 
37 84 45 
87 71 67 
21 82 91 
29 34 50 
85 17 50 
85 57 10 
74 13 94 
13 33 31 
82 87 59 
43 83 67 
64 80 14 
93 13 58 
90 91 64 
4 91 1 
6 10 95 
26 43 57 
59 64 12 
35 87 41 
51 75 80 
8 7 96 
3 59 44 
37 64 44 
6 13 48 
29 51 58 
1 25 66 
33 3 95 
65 48 91 
29 49 89 
84 100 41 
98 30 73 
82 8 12 
36 35 42 
29 75 51 
3 69 13 
3 19 68 
35 7 97 
62 97 91 
43 20 66 
88 35 82 
23 97 66 
5 57 11 
99 52 50 
54 64 57 
83 72 70 
9 8 96 
71 19 46 
30 3 16 
70 53 49 
65 97 27 
35 68 42 
17 96 100 
94 8 66 
41 47 74 
6 52 97 
93 27 48 
50 4 100 
72 27 86 
9 33 31 
75 23 28 
6 86 72 
51 33 66 
45 95 13 
22 32 15 
41 6 69 
45 82 79 
27 81 28 
2 65 67 
68 76 7 
53 43 35 
80 8 47 
90 91 39 
31 3 73 
40 4 30 
13 80 91 
84 22 94 
34 2 55 
54 73 74 
68 90 100 
91 88 92 
64 26 25 
52 77 6 
15 71 21 
10 50 21 
17 27 3 
60 49 57 
80 51 22 
10 97 24 
12 20 64 
17 55 81 
2 98 24 
24 22 32 
68 29 92 
85 63 75 
9 37 4 
91 79 57 
13 53 59 
68 80 45 
92 54 5 
68 81 10 
37 8 96 
78 50 5 
20 27 64 
99 49 90 
83 41 34 
73 47 30 
21 84 92 
41 48 9 
86 61 23 
31 32 49 
58 41 52 
71 5 42 
24 15 59 
12 99 92 
45 22 43 
21 86 4 
51 1 67 
65 73 29 
18 17 53 
19 79 45 
3 18 99 
88 90 37 
34 13 25 
67 94 79 
94 91 93 
68 21 96 
8 20 65 
94 20 91 
33 10 35 
24 10 12 
83 36 12 
14 80 96 
14 54 80 
23 55 20 
55 30 74 
72 85 29 
90 45 82 
22 46 5 
86 98 84 
99 27 2 
36 55 59 
56 8 36 
88 76 41 
37 59 81 
33 45 91 
19 40 7 
20 10 96 
62 5 17 
53 75 46 
72 96 17 
70 52 20 
10 12 52 
29 78 89 
91 81 66 
3 66 48 
81 95 31 
26 9 50 
80 20 82 
20 55 32 
20 39 16 
63 38 17 
92 52 26 
35 75 20 
97 42 9 
77 87 83 
72 61 29 
12 85 33 
80 76 3 
59 78 72 
28 78 17 
68 89 60 
35 1 39 
66 6 61 
10 89 25 
19 43 73 
22 84 37 
65 51 88 
20 78 35 
5 53 11 
87 72 55 
3 66 93 
23 28 35 
30 89 12 
24 43 50 
93 97 73 
68 4 80 
54 12 71 
20 68 77 
42 17 60 
15 86 33 
30 56 50 
10 70 8 
39 75 3 
88 21 75 
50 81 90 
27 13 8 
54 100 33 
14 72 40 
86 28 83 
26 53 90 
44 51 73 
71 12 43 
33 57 24 
62 80 46 
24 39 33 
22 100 83 
38 87 58 
87 30 6 
29 23 73 
57 19 53 
85 30 46 
91 1 39 
1 78 74 
88 38 98 
90 50 72 
69 56 16 
87 27 26 
51 48 30 
56 25 30 
60 87 99 
10 95 76 
86 98 63 
64 34 98 
61 88 1 
17 36 62 
23 76 1 
42 77 65 
56 62 65 
50 86 21 
76 45 46 
86 52 88 
56 42 98 
14 83 7 
63 3 76 
72 59 12 
29 97 38 
37 5 78 
64 70 6 
66 82 92 
71 37 19 
25 60 68 
74 35 26 
24 11 91 
78 55 86 
35 39 71 
92 60 39 
69 34 83 
98 99 8 
77 20 94 
100 69 36 
89 98 40 
63 31 90 
44 87 83 
27 22 33 
48 84 29 
9 41 50 
75 94 55 
35 86 80 
30 27 44 
20 74 66 
48 66 7 
77 71 87 
45 29 20 
75 56 61 
88 74 11 
21 42 35 
28 42 4 
74 70 42 
8 84 21 
31 51 34 
21 84 22 
16 77 58 
95 73 86 
48 42 64 
72 21 31 
55 88 92 
64 33 3 
27 49 76 
18 10 44 
21 97 4 
34 32 70 
57 90 94 
14 85 19 
15 43 99 
91 69 98 
27 55 68 
64 98 29 
93 61 90 
9 90 14 
41 57 97 
94 66 34 
88 15 78 
92 78 89 
22 17 59 
66 38 63 
97 85 87 
36 99 66 
71 20 22 
93 21 66 
79 22 96 
83 52 3 
82 84 49 
35 75 2 
7 57 24 
21 62 40 
53 33 42 
67 36 93 
41 60 9 
43 68 94 
39 7 75 
19 98 69 
26 7 97 
1 7 14 
91 54 22 
69 24 98 
91 37 38 
26 14 97 
39 74 84 
62 27 70 
85 100 87 
44 69 33 
80 59 93 
23 60 68 
19 25 53 
42 63 60 
38 68 74 
98 60 80 
15 78 71 
94 29 97 
11 63 68 
77 17 97 
53 21 33 
24 55 46 
43 25 46 
52 17 60 
22 36 49 
20 36 18 
71 52 81 
38 30 14 
40 34 14 
80 69 72 
18 13 96 
91 77 53 
16 20 68 
27 5 73 
11 8 1 
36 64 46 
37 97 77 
91 50 83 
20 57 80 
43 16 10 
32 51 33 
79 13 68 
45 81 3 
15 7 90 
14 73 69 
9 98 85 
1 4 67 
11 55 17 
84 76 33 
18 21 38 
96 51 18 
97 10 54 
85 50 39 
28 79 99 
78 11 97 
27 93 20 
87 12 27 
50 65 12 
90 76 19 
52 62 66 
43 80 66 
42 40 84 
18 72 87 
99 88 69 
86 65 14 
18 42 54 
54 75 55 
46 11 59 
9 13 30 
4 49 46 
71 30 9 
61 4 28 
75 19 23 
20 69 88 
36 11 69 
53 7 29 
63 34 2 
77 99 40 
36 7 51 
83 91 87 
20 69 16 
92 10 86 
59 67 95 
9 99 66 
88 44 47 
46 71 59 
52 47 56 
92 47 15 
61 70 47 
75 70 14 
20 36 89 
45 13 39 
69 92 66 
14 87 78 
80 10 57 
65 69 30 
39 52 35 
61 84 95 
31 72 82 
30 41 71 
74 24 28 
14 85 28 
4 92 93 
37 3 75 
34 85 62 
15 5 37 
28 58 17 
36 26 95 
45 68 34 
88 33 47 
95 63 64 
78 16 12 
22 99 73 
77 40 96 
68 58 28 
42 67 47 
70 44 10 
49 34 39 
44 94 32 
63 76 35 
99 30 81 
52 68 94 
9 64 45 
100 24 67 
17 9 37 
43 10 61 
24 15 48 
89 30 52 
23 5 91 
19 1 93 
100 34 5 
97 56 40 
97 38 44 
15 90 23 
77 55 74 
37 41 11 
59 92 94 
39 24 61 
7 11 62 
82 94 20 
57 53 13 
28 26 91 
57 77 3 
66 48 83 
7 84 32 
56 8 49 
14 45 50 
23 66 48 
41 12 17 
64 73 72 
43 22 52 
2 72 57 
33 12 32 
29 33 41 
70 38 29 
53 19 28 
31 14 4 
46 38 94 
3 39 8 
25 31 47 
69 25 91 
85 28 78 
33 73 84 
64 31 30 
8 97 93 
98 3 74 
52 4 24 
18 11 92 
91 76 84 
55 72 21 
7 69 25 
50 16 55 
14 11 45 
40 51 80 
76 95 81 
55 7 65 
66 64 32 
49 63 7 
76 24 47 
36 48 85 
72 68 69 
48 60 65 
59 23 49 
49 8 32 
68 91 15 
26 85 6 
100 17 65 
58 85 62 
99 38 24 
75 38 68 
3 63 44 
65 40 98 
64 38 18 
52 2 86 
42 39 86 
11 29 24 
92 53 8 
98 56 80 
69 95 81 
49 56 80 
86 48 83 
65 14 89 
25 58 27 
11 56 50 
18 11 5 
50 44 75 
67 31 90 
92 6 46 
3 50 68 
9 80 17 
60 89 24 
75 92 70 
59 79 45 
12 90 62 
97 83 38 
96 82 45 
45 44 21 
9 96 34 
55 59 81 
38 23 21 
6 41 65 
31 12 1 
40 61 45 
17 78 65 
54 49 45 
29 28 48 
70 30 45 
58 36 83 
75 61 94 
37 26 41 
46 47 83 
33 8 59 
91 88 98 
93 14 58 
11 65 54 
67 61 63 
72 25 76 
33 97 73 
30 33 29 
92 56 49 
76 51 24 
47 17 61 
22 56 92 
100 91 94 
94 86 85 
63 74 33 
29 93 82 
67 39 56 
21 44 92 
96 17 53 
68 35 86 
80 87 2 
19 65 55 
76 56 45 
97 54 15 
20 97 93 
70 82 73 
95 56 13 
78 35 87 
85 59 56 
12 21 78 
54 41 24 
14 36 45 
56 26 7 
32 11 1 
29 84 90 
77 32 8 
1 61 52 
10 37 87 
55 24 65 
78 61 2 
93 85 87 
60 80 61 
2 32 41 
53 71 36 
74 32 46 
75 67 100 
39 80 27 
79 40 36 
88 11 69 
37 16 46 
22 30 100 
15 91 6 
74 25 21 
51 21 62 
85 28 50 
21 60 38 
28 64 47 
94 2 16 
29 80 27 
39 55 15 
68 11 13 
79 93 60 
11 28 25 
24 39 43 
11 44 58 
36 89 66 
95 62 47 
73 40 50 
100 95 51 
87 8 39 
16 42 6 
46 86 79 
97 46 38 
56 76 73 
41 23 25 
55 9 56 
25 73 33 
9 72 82 
97 22 80 
17 75 35 
86 62 13 
22 27 94 
61 35 6 
44 99 35 
56 90 63 
38 17 9 
87 88 95 
50 33 46 
58 63 41 
43 61 36 
29 81 69 
54 40 72 
54 87 48 
77 49 95 
57 46 100 
70 17 86 
63 3 31 
33 19 32 
93 55 89 
36 11 75 
2 44 97 
5 60 32 
30 54 76 
81 86 3 
42 21 95 
23 68 82 
5 96 18 
95 53 35 
47 4 42 
47 53 50 
24 51 19 
7 30 65 
8 45 76 
70 74 91 
1 23 64 
13 32 49 
51 100 11 
74 6 78 
10 53 73 
78 42 53 
38 85 6 
38 39 89 
24 63 53 
32 86 23 
63 1 32 
18 57 85 
1 13 49 
53 71 88 
88 28 26 
98 43 20 
43 89 61 
45 24 37 
45 27 15 
29 69 23 
61 96 70 
12 76 18 
21 92 68 
45 40 55 
91 77 34 
60 91 27 
21 15 54 
40 64 94 
82 11 84 
98 37 42 
35 10 68 
63 13 92 
85 78 8 
72 78 68 
21 31 49 
95 90 61 
78 6 7 
43 94 38 
48 52 11 
10 60 45 
22 28 37 
14 71 9 
21 86 91 
64 96 76 
63 97 37 
28 35 72 
40 3 94 
17 42 27 
89 80 41 
43 5 35 
14 73 81 
48 55 45 
66 12 71 
83 39 93 
64 60 91 
5 21 19 
57 72 26 
30 51 44 
63 70 75 
94 7 14 
96 41 89 
8 48 35 
92 5 98 
97 82 41 
25 95 14 
8 96 93 
47 29 26 
76 94 39 
34 23 84 
28 8 100 
20 54 68 
15 99 92 
33 59 27 
26 6 42 
16 50 2 
70 78 15 
10 36 8 
34 93 17 
13 57 93 
4 54 34 
71 46 49 
78 10 4 
85 8 49 
6 35 38 
28 50 9 
53 24 32 
81 57 38 
83 100 99 
25 96 76 
40 27 37 
82 7 66 
90 76 39 
38 31 13 
31 84 67 
75 68 92 
59 77 58 
7 100 27 
17 15 20 
66 73 83 
24 42 40 
19 82 24 
76 8 55 
59 65 31 
58 78 70 
81 87 57 
95 56 39 
94 70 19 
78 11 57 
37 30 25 
60 87 96 
46 63 99 
15 39 29 
61 71 82 
58 63 78 
67 38 73 
90 3 60 
100 91 51 
65 11 20 
11 98 56 
65 24 5 
39 36 42 
12 33 2 
37 98 68 
16 71 5 
60 90 50 
6 71 88 
69 49 2 
42 6 86 
75 4 93 
36 96 75 
16 15 36 
9 20 1 
1 14 77 
52 17 2 
40 58 24 
68 90 14 
81 76 51 
42 78 34 
71 72 90 
58 65 8 
84 100 82 
24 73 30 
35 6 82 
84 67 70 
30 31 67 
10 90 87 
43 17 81 
85 3 77 
93 55 59 
29 75 56 
9 28 24 
31 77 50 
26 46 12 
24 6 44 
30 94 22 
77 31 100 
78 79 60 
25 50 22 
85 54 80 
91 10 81 
95 83 21 
72 70 54 
67 85 1 
77 32 99 
4 2 20 
37 97 74 
45 43 27 
17 14 53 
56 31 36 
4 54 16 
48 10 63 
70 46 49 
48 45 68 
10 24 67 
29 55 44 
18 25 77 
14 61 81 
64 5 76 
18 80 39 
46 76 68 
83 15 28 
1 49 70 
21 50 2 
48 61 37 
34 67 13 
12 39 14 
17 39 14 
4 90 3 
2 100 4 
16 62 93 
44 41 46 
23 17 76 
52 9 3 
68 66 10 
56 23 39 
7 27 21 
83 78 47 
35 88 94 
23 83 57 
21 48 33 
47 21 12 
78 53 51 
24 20 18 
85 87 48 
65 30 12 
62 97 61 
33 19 51 
91 39 2 
73 10 16 
98 6 47 
55 68 88 
18 42 5 
36 58 28 
26 7 6 
25 41 76 
9 40 45 
13 51 32 
20 86 73 
25 3 10 
12 23 88 
70 98 92 
45 65 14 
88 31 78 
47 49 23 
78 64 22 
63 90 4 
76 97 55 
44 71 74 
47 80 98 
5 35 74 
81 4 60 
85 67 89 
63 47 85 
59 17 16 
74 33 75 
59 81 66 
6 92 24 
31 86 26 
23 62 87 
37 68 38 
29 66 67 
72 95 70 
14 10 7 
37 25 85 
55 60 75 
6 73 63 
16 58 27 
96 61 57 
23 93 44 
16 12 92 
83 52 21 
93 37 88 
54 45 34 
17 68 100 
19 69 40 
69 47 44 
63 15 41 
33 46 6 
92 90 88 
53 47 2 
13 16 51 
57 36 9 
16 48 29 
10 68 40 
76 66 78 
39 86 9 
1 37 79 
58 34 49 
68 90 5 
88 39 24 
7 29 18 
94 66 63 
82 63 16 
69 89 85 
4 94 33 
36 53 92 
54 53 16 
82 60 20 
72 68 18 
36 54 9 
23 75 88 
26 55 59 
45 12 84 
95 63 38 
78 13 56 
70 52 49 
1 44 42 
19 8 9 
96 30 85 
77 47 24 
86 33 63 
9 85 70 
4 53 85 
68 22 60 
31 73 27 
32 15 78 
49 62 45 
53 14 72 
43 83 65 
14 72 45 
52 41 61 
77 4 36 
77 30 45 
95 36 65 
79 20 14 
91 58 27 
45 94 20 
54 52 49 
36 60 38 
34 67 55 
12 1 96 
66 15 84 
4 64 66 
83 73 30 
59 80 81 
90 44 9 
47 46 17 
98 31 4 
65 21 18 
53 77 27 
75 86 38 
9 51 59 
31 26 96 
35 33 85 
16 42 17 
69 80 59 
75 37 85 
33 66 68 
67 62 20 
55 42 88 
1 44 97 
39 52 25 
33 48 10 
42 99 97 
57 83 51 
40 3 30 
71 17 81 
94 45 68 
90 42 71 
97 59 20 
88 21 5 
60 24 16 
19 91 26 
81 17 12 
53 76 70 
43 95 26 
86 91 94 
97 25 54 
67 62 35 
43 34 38 
72 40 68 
76 5 86 
25 54 27 
49 25 79 
63 68 87 
90 83 27 
8 93 86 
33 88 85 
58 45 98 
46 79 29 
13 89 8 
4 39 30 
16 36 100 
42 64 96 
6 25 94 
22 72 46 
53 45 82 
50 87 24 
30 96 70 
56 79 27 
39 29 94 
15 54 86 
77 15 29 
22 28 14 
37 93 38 
34 20 54 
4 14 15 
64 37 24 
73 63 85 
45 24 66 
59 74 98 
93 63 33 
44 95 81 
42 93 41 
6 80 83 
43 58 10 
29 26 95 
3 80 40 
97 26 58 
88 16 75 
96 85 91 
94 28 18 
20 59 42 
49 93 84 
48 100 34 
43 35 48 
37 58 27 
44 17 13 
100 93 17 
83 54 72 
18 5 50 
64 8 16 
30 36 88 
90 48 24 
3 40 88 
36 26 61 
30 51 25 
29 63 78 
91 45 98 
63 5 91 
44 2 52 
43 89 97 
16 23 64 
31 27 50 
77 20 82 
26 3 5 
89 46 13 
51 21 15 
23 78 41 
41 60 49 
2 91 60 
6 39 2 
71 14 41 
26 3 90 
89 76 72 
11 15 95 
62 4 34 
10 65 43 
41 1 51 
19 17 22 
73 95 77 
40 48 78 
19 100 97 
22 76 15 
17 54 12 
21 55 25 
34 88 65 
68 8 7 
85 100 9 
68 51 4 
51 15 1 
89 19 39 
68 16 85 
49 16 29 
4 7 9 
20 77 53 
37 4 96 
20 63 60 
28 73 37 
22 89 10 
10 80 4 
46 3 72 
32 90 18 
100 3 37 
11 36 17 
98 97 88 
27 84 6 
83 73 18 
69 96 94 
75 58 67 
37 61 31 
52 60 97 
52 40 64 
7 10 82 
27 79 62 
99 15 33 
54 75 81 
85 98 3 
27 35 64 
45 28 4 
56 59 61 
45 59 8 
52 79 48 
66 64 84 
56 62 35 
70 19 86 
8 92 77 
51 35 56 
72 37 64 
56 93 83 
49 33 81 
41 94 84 
2 28 64 
94 45 65 
56 83 97 
86 74 98 
18 83 59 
19 17 100 
43 21 65 
42 59 5 
65 54 77 
53 29 39 
22 19 76 
95 56 37 
37 14 31 
27 32 8 
46 100 97 
80 55 31 
93 1 53 
51 50 27 
16 95 45 
22 97 17 
54 89 65 
12 27 19 
9 13 95 
73 91 24 
93 92 64 
54 8 64 
66 60 2 
54 14 56 
64 26 31 
34 32 84 
4 32 75 
97 100 14 
49 33 27 
46 84 67 
45 23 38 
94 70 22 
14 84 60 
43 79 31 
23 82 99 
97 51 40 
95 5 83 
96 54 60 
28 61 57 
82 56 62 
42 69 15 
66 16 30 
72 61 52 
83 67 71 
100 96 82 
41 70 79 
12 35 72 
45 51 91 
79 66 9 
1 41 77 
39 86 8 
25 8 14 
58 72 39 
37 70 34 
51 53 4 
97 37 46 
35 76 74 
6 50 31 
31 25 29 
46 27 99 
93 91 42 
23 10 50 
11 22 6 
67 85 32 
39 52 7 
18 44 85 
77 43 26 
62 89 15 
12 72 44 
6 61 36 
73 39 60 
4 91 26 
3 33 34 
36 68 23 
79 28 23 
18 40 20 
77 78 22 
13 15 30 
25 51 43 
43 7 96 
92 49 60 
77 9 45 
59 62 87 
39 34 93 
26 12 6 
49 55 84 
37 73 16 
30 33 37 
64 25 34 
43 45 56 
91 50 13 
80 10 76 
88 23 6 
30 20 1 
7 44 36 
21 97 37 
68 74 3 
45 63 86 
80 9 46 
20 13 22 
19 59 27 
58 53 44 
77 66 71 
33 59 94 
40 35 69 
12 84 68 
31 67 48 
83 47 17 
97 61 15 
8 60 45 
92 8 97 
76 58 87 
85 87 56 
12 83 96 
84 69 33 
33 69 40 
90 10 51 
6 1 20 
81 53 61 
37 68 2 
21 2 45 
32 82 8 
1 31 87 
38 18 48 
55 67 25 
11 93 33 
83 81 75 
42 92 65 
62 36 4 
3 12 79 
77 47 67 
60 77 20 
39 53 95 
22 80 63 
66 62 21 
6 12 44 
47 55 5 
7 67 40 
94 3 98 
62 8 89 
35 16 11 
43 37 16 
32 44 70 
75 68 26 
23 13 83 
15 6 4 
75 37 65 
58 87 49 
73 46 78 
33 59 67 
44 42 78 
38 80 14 
86 54 29 
3 9 99 
93 90 44 
85 98 8 
66 29 14 
4 11 16 
31 23 69 
46 16 67 
71 77 78 
94 25 15 
77 92 6 
9 28 1 
43 78 7 
96 94 98 
58 62 8 
94 86 51 
53 13 33 
20 34 79 
49 39 30 
38 28 4 
49 63 95 
65 27 28 
12 26 38 
7 11 87 
35 52 48 
15 29 17 
1 81 64 
14 47 8 
62 100 76 
21 37 79 
62 5 100 
79 63 20 
16 5 15 
68 61 65 
84 80 16 
27 42 12 
20 93 38 
34 35 53 
54 12 72 
45 30 32 
59 52 7 
75 95 28 
70 25 76 
17 8 39 
25 91 28 
2 6 63 
30 35 38 
19 28 2 
57 54 32 
84 43 77 
50 45 38 
67 81 60 
69 51 55 
4 90 14 
84 20 58 
76 53 45 
71 41 81 
68 40 60 
35 6 10 
96 49 45 
93 41 47 
3 53 59 
57 16 55 
76 78 54 
2 4 14 
31 3 21 
57 67 77 
83 18 72 
26 48 4 
69 42 62 
58 47 42 
27 78 25 
64 92 42 
31 3 54 
37 44 22 
84 93 46 
43 6 46 
69 62 91 
25 6 73 
6 25 52 
53 70 100 
49 57 82 
24 12 97 
79 77 28 
9 33 18 
6 53 13 
19 5 45 
57 38 40 
68 87 80 
72 54 69 
39 99 70 
2 98 66 
64 92 21 
38 90 70 
64 21 1 
35 21 25 
27 20 28 
93 89 19 
59 87 1 
78 92 5 
67 98 28 
5 32 22 
7 69 82 
70 27 73 
5 70 19 
62 73 38 
88 50 69 
34 27 54 
70 93 44 
94 92 14 
91 85 53 
42 86 95 
42 14 59 
69 78 29 
62 33 60 
72 78 24 
98 2 77 
47 12 81 
62 85 28 
12 59 39 
89 57 9 
4 78 27 
71 50 68 
73 46 32 
12 51 31 
46 96 73 
25 70 17 
30 2 16 
59 54 40 
65 41 71 
48 80 97 
25 46 35 
19 91 96 
5 4 88 
9 44 35 
88 47 46 
41 22 5 
99 9 59 
28 89 26 
38 8 84 
23 57 67 
56 35 44 
18 80 67 
26 73 21 
22 38 53 
15 7 14 
14 78 36 
26 15 20 
39 29 64 
60 7 12 
2 90 99 
99 33 19 
31 49 43 
29 98 58 
54 11 87 
91 46 29 
27 72 45 
64 10 23 
84 32 74 
61 91 24 
12 4 28 
62 60 18 
55 66 26 
1 5 64 
39 41 91 
17 8 91 
91 97 89 
63 37 71 
64 88 97 
63 71 26 
54 63 45 
85 91 94 
70 96 23 
86 54 32 
83 87 15 
58 99 98 
76 60 35 
57 72 32 
34 42 15 
12 48 39 
47 33 10 
33 64 60 
68 96 64 
90 22 56 
36 46 3 
60 30 87 
42 85 91 
62 38 18 
49 28 52 
45 48 4 
18 94 43 
67 91 26 
68 98 17 
61 14 33 
67 84 13 
59 41 52 
97 14 54 
28 74 79 
24 68 48 
74 13 42 
1 70 28 
29 7 51 
31 3 13 
47 17 33 
27 67 32 
25 43 99 
77 42 33 
77 31 30 
98 16 99 
59 89 27 
85 87 1 
25 20 32 
66 35 4 
46 93 1 
65 74 10 
64 10 19 
45 24 69 
92 12 88 
71 90 19 
9 51 92 
6 93 83 
41 29 93 
22 63 69 
20 82 52 
40 66 52 
2 26 34 
95 84 31 
69 55 6 
98 82 1 
35 2 23 
62 27 97 
46 32 95 
35 90 14 
92 61 51 
38 32 60 
98 97 47 
13 9 50 
48 4 84 
19 35 41 
34 27 46 
90 26 46 
17 95 100 
37 55 29 
38 59 12 
66 82 75 
31 62 72 
67 23 18 
80 28 57 
22 5 59 
38 90 100 
46 96 43 
15 71 74 
93 74 20 
74 42 7 
3 100 60 
25 10 21 
16 76 36 
52 63 30 
78 64 19 
94 86 96 
24 45 71 
7 14 41 
43 45 88 
33 14 93 
87 74 49 
37 12 30 
81 21 25 
31 7 22 
100 69 44 
62 34 100 
16 51 92 
11 45 15 
76 94 67 
81 60 56 
95 35 87 
60 3 70 
87 21 38 
66 51 78 
43 60 16 
7 50 8 
39 62 11 
65 15 10 
77 11 75 
61 100 55 
55 16 65 
58 63 82 
88 47 89 
48 71 66 
95 97 98 
40 94 29 
43 63 82 
8 76 16 
34 20 4 
99 59 78 
33 45 70 
67 27 5 
26 3 57 
72 59 4 
22 80 34 
95 9 89 
34 86 41 
72 16 68 
74 69 55 
49 22 21 
28 60 40 
89 51 44 
93 19 62 
35 36 43 
2 48 23 
99 23 11 
52 10 16 
100 58 93 
92 18 60 
2 46 80 
26 6 91 
51 39 56 
63 26 32 
33 65 52 
100 18 67 
77 7 78 
17 52 47 
82 28 72 
30 66 86 
58 85 73 
14 5 42 
97 50 9 
25 57 89 
73 43 14 
68 69 14 
6 59 68 
43 44 38 
37 89 63 
28 70 61 
41 85 73 
65 1 99 
52 33 6 
63 42 9 
86 89 79 
24 89 34 
99 21 43 
93 55 99 
37 76 81 
76 27 56 
67 89 64 
100 64 3 
48 55 91 
22 48 69 
77 69 65 
75 76 17 
88 13 75 
100 29 20 
75 82 49 
49 70 61 
54 30 40 
97 35 100 
29 43 77 
74 3 86 
64 29 31 
47 3 63 
92 15 42 
100 91 46 
63 13 31 
95 54 39 
68 23 22 
79 40 1 
3 25 45 
17 19 65 
96 70 85 
72 63 95 
3 86 77 
3 15 19 
26 64 79 
45 18 67 
11 7 56 
67 93 38 
13 73 81 
64 48 77 
61 73 24 
67 29 60 
52 75 23 
78 97 19 
70 83 1 
32 18 51 
42 89 70 
93 60 72 
75 1 33 
37 85 13 
14 78 66 
42 63 17 
66 46 97 
89 2 40 
35 47 59 
63 14 24 
51 99 91 
100 26 69 
90 54 81 
15 84 30 
44 94 4 
87 2 90 
95 30 85 
1 4 60 
95 100 98 
96 60 5 
46 79 85 
38 12 35 
85 75 69 
49 29 27 
71 70 43 
49 21 8 
9 36 34 
71 99 1 
8 88 86 
29 97 65 
78 57 22 
21 57 12 
86 93 56 
100 57 91 
61 79 20 
18 20 2 
41 25 13 
45 59 36 
97 51 9 
25 32 18 
58 5 56 
67 37 69 
95 3 67 
11 20 2 
31 16 33 
17 98 71 
12 19 17 
2 83 98 
53 70 64 
70 16 40 
68 4 8 
5 48 34 
24 80 69 
86 4 64 
11 30 100 
43 37 100 
58 60 69 
90 59 29 
88 4 20 
100 43 24 
2 72 49 
65 69 72 
10 44 35 
85 19 98 
30 51 15 
53 16 26 
36 52 48 
68 54 35 
9 57 82 
3 46 90 
69 73 30 
5 71 65 
84 32 79 
50 26 45 
97 88 8 
97 42 50 
67 4 19 
97 62 100 
64 33 12 
78 94 31 
12 6 74 
38 21 39 
41 93 68 
84 81 42 
53 29 17 
90 30 79 
58 69 87 
81 3 93 
63 80 25 
30 17 50 
88 19 77 
84 10 69 
87 55 60 
31 30 96 
54 20 74 
21 27 31 
71 47 15 
2 84 20 
67 84 41 
99 24 21 
5 83 20 
58 44 3 
76 53 38 
87 11 31 
50 39 15 
72 11 2 
56 16 71 
63 81 18 
26 71 53 
66 62 50 
8 48 28 
15 88 5 
74 25 44 
43 66 19 
46 61 35 
3 55 73 
5 61 51 
43 28 27 
56 21 75 
89 30 43 
84 16 3 
12 36 63 
12 11 28 
6 8 60 
91 43 54 
54 82 95 
53 56 92 
95 65 67 
57 36 21 
98 61 75 
22 69 33 
70 49 15 
95 25 55 
85 49 80 
87 26 68 
56 87 43 
17 9 1 
48 18 64 
90 42 20 
17 31 83 
64 39 16 
9 88 83 
15 18 49 
47 77 39 
25 80 28 
22 60 99 
34 6 84 
20 70 71 
16 59 33 
81 84 82 
27 39 13 
100 39 12 
74 30 41 
51 28 52 
99 74 85 
86 57 15 
81 94 62 
37 78 90 
5 37 14 
38 100 80 
49 56 16 
91 48 80 
18 5 70 
39 14 81 
96 6 87 
92 57 16 
61 23 100 
45 28 8 
92 85 34 
12 85 15 
42 13 51 
96 51 92 
14 62 50 
36 2 78 
28 35 40 
12 60 33 
18 16 22 
30 89 68 
66 98 84 
26 7 1 
100 66 58 
51 31 46 
75 12 14 
79 25 9 
66 11 64 
29 85 36 
7 3 20 
53 65 28 
20 62 38 
100 94 74 
65 64 97 
14 9 97 
94 76 91 
18 28 23 
43 29 93 
27 60 47 
32 51 38 
46 40 86 
3 11 17 
8 78 30 
83 29 41 
31 22 13 
62 88 51 
15 31 47 
24 89 67 
85 50 20 
82 26 61 
94 69 58 
38 95 5 
14 51 96 
17 96 78 
40 44 90 
23 48 20 
44 6 9 
93 7 64 
47 21 95 
43 81 10 
52 94 80 
45 30 38 
37 6 69 
34 69 43 
22 15 27 
8 96 14 
56 8 83 
81 94 65 
66 55 91 
89 33 57 
14 20 67 
43 41 20 
63 18 73 
38 6 95 
38 70 88 
36 45 54 
31 23 73 
95 98 32 
21 14 50 
9 58 91 
27 9 13 
53 7 40 
13 9 97 
77 11 31 
82 22 69 
16 32 24 
14 97 24 
62 74 90 
50 5 36 
43 18 55 
5 59 73 
95 62 51 
19 26 49 
90 58 73 
72 95 76 
10 19 25 
99 26 37 
18 7 89 
85 76 26 
99 48 55 
79 7 38 
76 55 95 
80 68 82 
35 1 90 
38 25 93 
75 26 86 
83 63 93 
38 76 65 
82 84 99 
71 98 3 
73 91 54 
43 98 57 
56 36 87 
78 47 53 
71 76 84 
25 54 9 
40 94 80 
59 73 68 
39 13 42 
38 35 48 
12 23 60 
70 85 29 
44 96 72 
28 91 88 
31 70 1 
80 72 86 
41 24 51 
97 60 39 
59 3 50 
77 19 86 
27 33 83 
20 15 33 
42 5 44 
34 96 4 
18 8 69 
87 74 25 
26 10 7 
97 29 78 
39 57 92 
10 19 72 
86 30 98 
93 96 22 
71 44 9 
35 75 22 
66 46 62 
54 37 11 
99 23 84 
59 77 32 
62 24 89 
5 72 49 
77 42 39 
28 78 91 
4 21 10 
37 46 53 
17 74 6 
40 4 60 
71 68 35 
81 19 76 
47 66 11 
28 57 24 
30 60 1 
87 75 13 
97 86 31 
40 94 10 
25 64 66 
100 57 72 
35 76 39 
7 21 3 
9 54 33 
14 3 6 
97 80 70 
9 18 82 
27 62 58 
22 89 16 
51 49 47 
34 23 22 
1 77 62 
21 17 23 
94 97 4 
73 55 60 
20 25 45 
45 14 25 
89 56 11 
53 50 63 
32 29 94 
50 100 14 
72 75 22 
11 61 37 
35 61 95 
9 48 39 
46 49 16 
12 61 96 
88 14 17 
43 26 23 
75 6 14 
6 59 22 
56 76 74 
38 2 96 
53 41 42 
79 15 4 
44 76 64 
72 99 64 
56 60 82 
37 41 85 
19 85 3 
27 89 97 
37 69 20 
47 32 66 
83 84 20 
25 39 100 
35 65 100 
9 47 58 
84 42 71 
50 60 3 
36 75 53 
77 39 46 
33 96 42 
16 44 19 
50 82 48 
68 51 56 
87 75 61 
11 14 62 
67 43 89 
24 29 23 
25 91 22 
23 66 86 
28 9 60 
86 3 6 
32 12 15 
33 91 35 
97 6 40 
79 52 87 
91 7 76 
21 3 48 
68 50 17 
5 29 62 
23 95 36 
38 7 81 
35 36 40 
79 31 36 
68 90 57 
1 70 18 
74 73 8 
68 6 64 
23 19 76 
77 25 10 
4 50 70 
51 76 68 
86 9 84 
7 95 81 
82 50 95 
22 67 43 
5 95 35 
95 99 91 
9 56 60 
43 16 32 
43 25 87 
8 53 57 
60 5 57 
47 3 33 
22 11 33 
11 88 14 
46 25 72 
46 81 69 
46 91 95 
15 44 90 
68 85 50 
68 31 84 
67 64 11 
52 7 61 
67 61 27 
20 78 81 
5 45 54 
63 37 24 
80 76 28 
89 91 96 
14 48 12 
31 46 56 
45 41 55 
44 76 73 
61 36 98 
74 11 23 
33 91 7 
52 12 75 
95 83 16 
9 13 14 
40 41 4 
95 79 82 
45 44 23 
42 48 43 
63 22 37 
53 95 73 
75 9 26 
43 34 27 
25 56 81 
99 56 10 
38 16 28 
64 66 95 
17 20 99 
24 55 13 
16 15 12 
89 12 79 
57 90 89 
25 97 36 
17 28 31 
78 25 57 
96 16 64 
39 86 97 
7 100 97 
9 50 21 
77 28 76 
40 94 45 
88 29 12 
45 17 38 
15 96 100 
43 36 19 
90 97 37 
79 64 38 
93 88 82 
66 57 85 
65 68 84 
20 25 43 
29 40 50 
33 46 76 
89 40 83 
28 73 63 
56 8 79 
4 60 37 
82 15 87 
5 4 42 
28 65 41 
80 95 40 
29 66 52 
5 48 20 
59 48 77 
48 35 66 
77 6 18 
65 31 5 
42 78 76 
61 17 98 
27 54 78 
34 21 13 
19 67 95 
19 3 7 
79 16 95 
27 87 41 
96 61 58 
57 51 17 
73 7 92 
22 6 40 
25 20 93 
51 29 49 
25 16 32 
26 98 93 
99 2 9 
1 94 38 
21 22 3 
72 17 6 
46 72 41 
79 36 12 
71 96 31 
2 29 10 
36 85 69 
94 90 4 
51 1 62 
2 6 16 
47 21 20 
53 7 42 
88 16 20 
51 95 18 
5 76 14 
64 25 6 
5 89 11 
29 48 36 
80 46 55 
66 29 19 
16 93 77 
58 100 82 
74 4 46 
39 81 11 
19 10 1 
19 14 6 
47 3 39 
32 82 48 
100 30 2 
81 82 83 
57 61 19 
43 7 81 
42 17 72 
82 70 15 
21 99 45 
54 61 99 
33 72 45 
45 35 7 
40 73 21 
4 48 83 
70 51 23 
70 47 57 
1 11 81 
17 70 65 
71 14 78 
75 22 2 
68 57 7 
48 47 64 
17 63 96 
53 10 61 
62 9 38 
42 23 72 
85 8 55 
24 9 19 
46 14 55 
92 83 84 
4 26 49 
77 93 27 
81 68 75 
16 49 70 
3 72 43 
95 21 7 
82 67 35 
15 71 72 
57 92 62 
41 24 62 
86 7 4 
53 90 85 
32 50 84 
48 8 12 
50 63 29 
99 18 11 
96 57 90 
27 78 45 
72 69 14 
13 2 83 
67 6 73 
81 61 40 
29 21 28 
8 31 53 
97 57 84 
59 28 56 
44 48 11 
4 17 86 
16 78 39 
18 86 96 
25 62 75 
99 4 55 
26 84 42 
47 81 8 
4 85 18 
22 39 50 
51 4 1 
67 42 74 
57 98 34 
58 57 27 
8 50 1 
79 17 2 
34 73 4 
71 32 18 
10 51 26 
6 39 87 
6 89 7 
46 100 42 
14 29 13 
82 70 68 
67 64 17 
6 19 34 
62 1 4 
22 13 48 
5 38 99 
50 42 7 
87 91 53 
75 33 15 
78 50 3 
13 80 70 
66 63 27 
44 59 1 
26 71 87 
16 7 70 
71 25 81 
100 11 32 
17 30 67 
95 40 93 
65 82 74 
19 80 64 
73 86 1 
99 25 51 
81 77 1 
86 98 42 
5 56 54 
85 63 81 
31 86 81 
99 6 30 
47 78 44 
72 32 13 
14 36 62 
58 5 46 
72 21 37 
8 9 87 
13 33 8 
1 2 82 
84 3 12 
72 92 70 
33 38 77 
90 79 26 
68 84 7 
33 100 45 
67 88 61 
80 82 21 
41 42 15 
36 32 68 
65 16 40 
52 14 100 
16 56 11 
61 17 100 
32 59 27 
99 86 44 
89 79 26 
56 87 40 
99 19 90 
86 35 60 
37 30 55 
80 82 48 
43 97 93 
81 26 2 
44 2 86 
61 78 68 
39 78 8 
94 46 91 
33 96 67 
35 97 19 
66 26 15 
42 2 48 
10 65 100 
39 66 2 
76 44 27 
2 89 25 
6 32 43 
12 42 83 
84 21 69 
15 51 78 
68 66 96 
16 19 79 
89 57 98 
8 18 63 
70 86 24 
47 98 96 
71 75 18 
69 96 53 
71 1 91 
78 54 18 
94 57 61 
66 17 3 
76 94 9 
43 34 75 
55 5 83 
57 87 31 
54 39 31 
32 33 43 
10 48 41 
20 2 40 
33 49 50 
18 24 34 
79 54 76 
52 53 83 
82 100 48 
92 41 28 
63 25 2 
72 31 12 
89 9 81 
89 75 2 
3 21 15 
40 28 72 
33 32 36 
24 36 22 
57 47 4 
64 36 9 
71 97 76 
47 61 45 
26 48 57 
15 38 45 
44 60 99 
41 59 14 
48 62 20 
20 21 11 
27 6 33 
49 53 48 
88 75 68 
24 48 19 
84 69 20 
83 37 50 
24 72 47 
93 47 90 
38 59 32 
95 45 53 
99 71 86 
91 30 48 
83 84 22 
24 70 26 
87 62 5 
88 43 13 
43 36 13 
7 9 24 
9 50 19 
31 86 24 
75 39 70 
27 97 70 
94 8 87 
24 61 62 
82 22 70 
37 35 94 
39 78 30 
56 88 4 
26 33 30 
20 69 44 
13 35 31 
9 98 15 
92 97 48 
90 13 76 
4 29 74 
36 100 45 
5 29 13 
71 94 76 
44 61 39 
3 55 92 
2 22 17 
71 80 5 
37 41 33 
65 36 20 
80 41 45 
29 52 70 
38 82 81 
100 90 14 
89 15 51 
27 59 30 
99 48 100 
88 47 43 
31 48 97 
17 98 14 
46 87 80 
8 21 99 
60 98 53 
27 13 54 
51 64 52 
94 90 37 
37 30 95 
51 11 86 
37 55 11 
72 97 95 
36 92 16 
1 85 70 
77 2 87 
71 83 92 
49 61 9 
28 4 54 
18 89 60 
63 33 12 
29 96 94 
69 8 50 
3 39 17 
32 75 40 
7 97 20 
12 71 11 
44 11 9 
27 29 61 
59 13 63 
69 41 61 
73 51 36 
12 75 43 
41 60 47 
30 26 32 
22 96 33 
24 19 32 
27 41 100 
11 52 45 
100 96 53 
10 44 73 
99 5 16 
72 9 65 
50 60 25 
69 5 55 
84 76 3 
13 21 88 
47 33 62 
69 52 22 
66 79 88 
84 12 9 
92 20 51 
69 5 57 
48 95 17 
12 16 88 
8 58 95 
31 25 30 
70 92 24 
44 51 84 
32 73 14 
80 93 50 
56 17 98 
82 93 44 
23 87 83 
23 60 29 
18 97 39 
34 58 61 
25 10 36 
38 82 11 
35 93 22 
12 39 26 
67 84 83 
81 80 74 
58 27 72 
87 72 27 
68 7 90 
34 8 11 
14 37 53 
18 22 25 
6 3 91 
81 51 29 
79 24 15 
28 72 80 
35 94 100 
20 36 34 
70 29 89 
28 1 54 
26 52 93 
15 53 90 
67 1 84 
48 99 92 
84 89 87 
85 19 80 
74 39 5 
4 56 84 
88 61 75 
91 53 14 
4 57 96 
12 46 54 
52 9 25 
19 3 33 
73 51 4 
14 13 4 
11 89 70 
97 35 61 
1 30 100 
38 51 31 
44 50 54 
70 91 20 
6 74 77 
39 88 64 
99 1 32 
74 35 31 
72 76 84 
28 15 33 
72 82 47 
32 51 42 
77 29 100 
44 33 68 
18 32 53 
49 59 95 
24 1 15 
40 97 92 
74 42 22 
47 51 89 
98 54 72 
83 3 35 
87 36 62 
29 68 88 
70 54 40 
77 67 68 
69 7 48 
88 78 25 
53 6 46 
95 65 14 
83 84 60 
4 68 42 
58 72 38 
19 17 37 
64 83 26 
7 41 40 
36 49 42 
47 65 86 
43 15 26 
94 99 86 
78 43 52 
98 45 20 
52 61 49 
22 97 64 
48 75 7 
52 35 10 
26 49 70 
30 29 32 
19 74 5 
18 86 71 
64 19 8 
78 95 14 
21 37 40 
3 46 23 
8 91 34 
70 47 45 
79 46 65 
24 91 94 
72 86 52 
36 98 68 
13 11 23 
72 5 19 
45 64 78 
46 33 55 
16 13 9 
44 60 7 
62 100 21 
92 87 27 
6 80 35 
12 82 32 
99 59 52 
4 14 38 
18 24 60 
35 54 25 
5 82 96 
70 34 49 
74 67 94 
62 25 29 
74 47 86 
14 84 27 
76 97 23 
6 36 56 
32 90 60 
79 100 11 
36 9 44 
6 43 74 
89 59 75 
41 63 82 
21 5 73 
22 5 91 
35 69 23 
23 92 32 
35 46 59 
8 44 40 
72 22 78 
73 76 50 
80 59 94 
54 26 79 
81 25 77 
98 80 17 
96 21 57 
63 12 88 
54 72 52 
87 12 1 
64 83 63 
39 12 52 
79 44 71 
84 59 76 
23 11 48 
90 24 47 
34 92 64 
52 79 17 
47 12 44 
58 68 88 
72 38 2 
34 57 84 
75 87 94 
50 65 38 
19 90 15 
14 45 80 
66 18 92 
78 82 81 
71 86 8 
52 82 73 
14 89 29 
49 7 19 
34 88 52 
14 77 49 
49 53 93 
89 29 75 
69 6 78 
71 1 68 
24 68 16 
69 60 48 
67 15 89 
7 46 53 
8 20 82 
84 16 2 
26 74 84 
2 49 88 
11 64 40 
17 87 46 
65 6 9 
98 35 51 
92 3 90 
8 72 83 
10 66 56 
34 44 54 
82 5 69 
7 88 93 
14 5 8 
7 83 92 
51 46 65 
68 92 19 
12 55 16 
38 76 13 
92 80 4 
20 50 1 
94 96 90 
85 70 79 
23 22 46 
77 29 68 
85 43 4 
81 51 45 
76 4 96 
5 88 57 
27 39 31 
31 4 29 
67 78 58 
63 89 6 
23 44 56 
27 39 91 
84 88 37 
7 34 77 
52 11 32 
98 84 4 
80 48 44 
59 16 3 
35 16 36 
95 54 90 
70 9 46 
33 48 80 
50 46 19 
18 67 39 
70 84 83 
34 32 94 
43 66 39 
17 42 12 
49 4 33 
54 100 58 
66 22 10 
65 27 7 
98 18 29 
69 14 81 
65 20 27 
51 12 50 
85 78 74 
44 75 43 
12 57 97 
43 46 93 
34 29 24 
12 27 66 
13 15 17 
6 51 85 
20 47 53 
85 20 90 
75 4 34 
44 80 67 
30 2 33 
46 59 66 
35 90 5 
76 44 23 
65 78 13 
77 2 21 
66 92 45 
72 11 19 
18 29 99 
91 42 29 
23 27 15 
82 18 7 
53 46 34 
62 10 90 
97 18 40 
50 56 49 
99 91 49 
34 30 39 
45 23 3 
67 90 70 
94 90 31 
38 20 42 
89 77 17 
92 35 54 
16 93 30 
85 82 31 
17 33 20 
7 50 27 
8 58 10 
24 92 36 
55 89 88 
52 5 77 
12 23 94 
70 29 45 
19 42 38 
35 24 20 
7 71 74 
70 76 37 
3 20 15 
57 53 47 
70 97 67 
11 26 31 
39 60 6 
15 29 27 
87 22 34 
1 35 77 
25 45 77 
18 11 16 
96 45 97 
90 83 46 
22 88 65 
96 11 90 
45 38 51 
91 36 41 
84 44 53 
8 2 54 
53 61 55 
4 93 46 
82 42 59 
62 78 65 
38 32 35 
59 79 15 
54 15 44 
93 22 98 
31 89 1 
6 21 31 
13 74 60 
68 90 15 
69 14 95 
42 82 26 
94 67 30 
42 10 58 
8 63 47 
22 71 17 
11 90 8 
4 98 65 
65 36 12 
34 60 94 
38 81 85 
98 42 16 
88 3 41 
51 14 63 
6 48 28 
55 100 36 
1 80 26 
66 2 15 
12 7 3 
84 77 26 
82 70 29 
70 41 56 
25 42 13 
16 49 69 
42 62 3 
78 87 20 
78 64 52 
95 64 68 
24 25 26 
87 100 28 
39 80 15 
54 66 46 
64 92 43 
63 69 94 
2 50 91 
73 4 47 
60 24 27 
57 54 16 
62 11 89 
16 82 83 
27 42 98 
5 61 40 
18 83 61 
83 38 10 
83 33 88 
29 100 62 
53 24 46 
73 7 85 
78 51 31 
47 72 39 
9 2 40 
43 87 85 
56 46 16 
50 75 23 
66 44 64 
97 80 37 
23 27 71 
84 53 15 
21 32 72 
27 12 2 
81 42 56 
79 13 25 
95 47 61 
83 79 41 
33 52 44 
79 20 65 
31 70 24 
85 86 95 
53 52 87 
25 74 56 
81 6 74 
66 59 70 
27 15 93 
19 20 24 
35 97 76 
80 10 52 
91 1 98 
93 81 92 
32 21 85 
75 5 12 
68 59 38 
50 62 52 
65 70 4 
47 53 26 
34 31 12 
45 12 39 
3 46 85 
13 27 15 
38 48 28 
8 22 19 
91 19 87 
58 71 63 
43 64 11 
32 16 81 
99 18 9 
32 55 51 
89 83 42 
13 59 84 
66 81 49 
76 49 32 
70 42 91 
2 14 17 
38 27 36 
98 39 29 
42 65 79 
93 23 64 
22 51 20 
10 12 13 
16 33 1 
87 22 100 
90 56 13 
13 96 29 
49 29 34 
64 12 73 
43 11 33 
26 23 10 
56 5 74 
83 79 36 
49 75 89 
74 8 78 
51 52 37 
44 91 71 
84 67 73 
34 47 51 
44 29 67 
21 28 10 
43 20 94 
77 40 42 
44 52 35 
79 39 36 
89 67 83 
56 39 57 
6 46 24 
14 66 72 
68 90 1 
19 100 85 
32 94 73 
51 13 95 
14 63 61 
5 16 81 
50 66 29 
1 16 84 
65 12 90 
96 56 61 
71 38 8 
80 41 75 
90 25 91 
41 93 22 
11 61 49 
52 1 32 
65 10 9 
26 33 99 
6 2 21 
79 19 42 
86 58 23 
77 48 74 
16 68 48 
44 18 51 
34 35 8 
87 37 19 
25 68 33 
69 90 14 
37 92 11 
36 85 89 
100 73 45 
36 58 5 
6 17 34 
24 62 45 
77 80 97 
52 20 56 
26 54 19 
91 98 56 
35 52 69 
53 34 38 
53 61 18 
40 61 13 
81 59 27 
62 6 97 
95 7 54 
52 7 14 
88 40 14 
34 9 29 
15 75 98 
51 18 56 
18 77 88 
63 40 31 
66 7 17 
99 83 53 
34 8 67 
72 76 70 
19 11 69 
45 24 31 
69 90 86 
84 75 43 
62 91 20 
49 99 73 
45 33 49 
25 27 4 
86 55 50 
19 11 37 
85 16 53 
90 32 42 
97 42 36 
41 21 48 
37 86 30 
100 4 39 
92 9 50 
26 76 1 
71 45 20 
8 45 14 
96 50 32 
85 7 41 
15 69 45 
52 27 31 
99 47 56 
41 82 81 
62 49 80 
46 64 26 
44 33 93 
63 74 13 
30 79 99 
67 61 53 
9 41 63 
41 65 24 
63 61 43 
45 59 67 
74 26 21 
1 45 14 
90 80 69 
46 2 95 
28 22 57 
71 45 11 
95 63 15 
9 96 70 
76 46 48 
14 21 13 
2 27 71 
64 51 73 
70 22 42 
1 9 62 
11 40 57 
35 58 81 
78 1 97 
95 93 10 
73 43 17 
62 99 77 
7 58 17 
95 72 99 
21 71 60 
26 87 50 
8 9 64 
30 21 55 
41 14 3 
24 18 15 
35 88 50 
53 65 49 
74 15 35 
53 39 66 
9 20 31 
68 15 83 
18 20 3 
29 14 44 
45 49 30 
87 68 12 
25 7 46 
1 100 85 
8 65 52 
17 3 4 
40 11 73 
45 75 32 
98 24 31 
66 78 61 
12 16 49 
46 70 67 
66 83 24 
48 18 68 
37 16 48 
86 65 40 
30 15 27 
89 1 52 
64 60 73 
81 79 51 
90 49 11 
36 73 7 
23 28 87 
72 62 33 
93 55 47 
30 80 23 
99 30 36 
10 85 67 
70 23 41 
51 12 8 
18 58 13 
43 4 12 
24 93 43 
95 92 83 
34 56 69 
20 56 59 
13 64 68 
41 51 39 
12 66 68 
60 70 43 
93 58 92 
18 100 62 
83 2 41 
69 63 34 
60 4 58 
46 32 62 
69 63 3 
92 53 81 
60 96 73 
40 16 94 
51 74 54 
29 51 30 
16 29 87 
29 60 17 
29 7 57 
95 66 22 
95 60 35 
59 63 94 
66 60 29 
58 76 66 
7 61 67 
46 39 55 
84 69 70 
51 52 17 
98 48 8 
9 94 47 
92 98 13 
56 37 72 
68 91 29 
57 98 33 
54 79 56 
9 59 41 
37 1 70 
48 63 23 
89 66 76 
61 38 73 
43 18 75 
75 56 51 
30 31 47 
67 76 16 
46 56 97 
4 42 76 
80 74 5 
67 59 40 
87 57 70 
10 7 37 
57 80 67 
41 32 87 
8 23 63 
58 89 25 
69 48 44 
80 79 22 
38 95 47 
29 54 13 
72 86 24 
24 8 92 
91 79 36 
64 99 57 
75 15 19 
87 2 27 
41 25 78 
25 15 4 
20 84 90 
33 72 82 
29 83 90 
29 3 85 
87 27 8 
17 24 61 
30 77 51 
58 25 79 
16 83 91 
30 82 79 
16 30 43 
49 23 74 
42 53 76 
54 4 74 
25 8 11 
67 61 89 
8 68 26 
33 54 94 
26 21 24 
27 84 17 
47 63 28 
66 80 83 
6 77 89 
97 34 52 
34 78 89 
52 11 28 
63 12 11 
91 5 37 
85 80 81 
9 87 92 
19 99 64 
21 51 73 
18 53 7 
50 25 63 
18 10 29 
18 23 47 
49 21 53 
48 52 29 
79 55 95 
34 48 89 
21 18 23 
82 84 80 
98 82 22 
66 13 83 
4 12 26 
100 91 16 
41 21 19 
96 37 87 
35 55 53 
59 61 92 
82 2 72 
78 96 14 
50 37 72 
22 77 89 
13 9 53 
54 27 42 
27 70 28 
92 42 38 
46 48 69 
63 100 82 
15 19 66 
73 87 85 
68 99 62 
95 1 19 
1 20 13 
21 86 79 
16 93 22 
11 37 12 
6 36 50 
30 36 1 
22 61 63 
7 11 32 
60 63 40 
41 21 72 
14 1 12 
26 90 89 
77 85 91 
89 29 46 
30 9 42 
4 12 99 
65 100 76 
75 67 10 
44 87 27 
61 62 93 
38 45 57 
98 29 42 
35 49 70 
35 14 92 
86 84 47 
67 41 61 
18 88 64 
38 14 10 
35 100 56 
45 46 89 
25 80 17 
95 55 47 
43 25 28 
79 61 71 
70 51 38 
31 22 12 
2 52 89 
55 64 95 
69 19 55 
62 81 16 
73 81 85 
6 42 45 
40 52 19 
33 48 27 
58 50 77 
24 48 41 
31 29 9 
15 58 92 
96 97 37 
62 8 33 
56 33 45 
69 34 89 
96 11 52 
18 63 72 
98 36 31 
52 90 65 
97 50 79 
60 63 5 
39 42 89 
18 3 100 
54 79 40 
44 89 72 
94 87 84 
59 55 74 
14 42 3 
25 96 15 
36 31 51 
56 71 34 
89 80 1 
38 81 42 
5 19 18 
8 24 65 
100 67 5 
65 30 40 
18 6 53 
52 2 88 
13 90 11 
70 81 5 
24 63 57 
80 53 40 
99 39 24 
93 97 66 
35 75 54 
71 2 96 
32 58 3 
83 38 9 
56 34 16 
40 7 68 
83 28 20 
8 71 84 
15 76 8 
30 7 90 
62 4 19 
2 46 41 
84 58 14 
97 85 13 
49 94 29 
15 46 24 
57 83 21 
56 28 12 
56 46 87 
89 45 78 
26 76 81 
53 17 25 
93 46 20 
100 71 40 
78 96 24 
45 8 64 
6 54 92 
9 32 25 
10 33 18 
25 76 12 
37 79 49 
24 17 90 
92 56 21 
34 97 14 
76 83 90 
1 55 46 
17 86 33 
53 26 31 
80 55 36 
32 56 73 
37 52 85 
64 80 84 
97 52 9 
57 89 97 
38 22 46 
57 65 22 
12 80 89 
100 16 73 
22 54 26 
39 26 60 
45 66 56 
54 84 85 
91 19 49 
1 24 65 
71 68 10 
71 91 45 
29 3 96 
74 85 96 
62 9 8 
28 81 31 
69 94 71 
21 31 45 
45 46 9 
84 56 2 
83 87 93 
96 35 64 
68 11 99 
64 73 53 
38 85 11 
97 40 98 
35 30 92 
56 65 36 
34 5 26 
2 77 50 
3 78 45 
18 28 35 
54 28 39 
94 9 4 
36 46 23 
32 94 1 
96 33 57 
1 55 99 
52 64 14 
42 17 84 
34 29 7 
14 44 17 
14 76 36 
66 65 22 
7 37 74 
63 31 33 
39 81 24 
5 36 21 
16 3 12 
77 56 68 
99 34 100 
61 46 59 
51 74 27 
20 3 85 
65 35 17 
33 40 100 
49 2 17 
27 4 8 
36 81 28 
36 69 18 
43 38 67 
42 93 13 
62 60 97 
93 17 99 
12 39 57 
39 86 27 
7 48 23 
1 59 78 
38 83 91 
6 35 56 
13 50 57 
57 76 83 
64 91 93 
98 30 75 
47 31 86 
89 49 54 
77 36 34 
12 72 87 
29 7 36 
32 30 59 
72 11 28 
1 81 45 
38 2 85 
58 88 40 
38 47 93 
27 96 94 
70 47 44 
53 31 2 
10 26 99 
4 24 3 
15 51 54 
5 89 97 
40 66 2 
66 44 91 
76 14 41 
55 34 56 
66 99 23 
89 38 76 
68 18 21 
44 46 31 
55 56 49 
98 32 6 
74 62 72 
18 22 34 
66 97 44 
82 40 67 
25 19 8 
44 30 94 
41 68 30 
59 55 34 
25 76 68 
28 88 83 
77 95 9 
56 24 29 
32 86 91 
72 76 38 
46 33 66 
87 3 75 
31 51 89 
90 47 32 
44 1 7 
34 13 36 
49 40 7 
67 85 16 
51 61 75 
2 7 1 
67 97 9 
16 15 29 
94 5 19 
1 44 85 
82 56 94 
87 12 76 
86 85 76 
80 86 67 
2 94 30 
44 28 59 
43 16 81 
32 4 1 
43 73 83 
47 25 78 
50 93 83 
75 54 63 
53 33 18 
40 94 15 
80 29 82 
17 97 5 
45 15 72 
34 32 3 
71 81 83 
42 64 1 
84 87 34 
12 61 52 
40 31 4 
25 49 78 
53 77 56 
69 48 20 
12 66 93 
62 80 53 
85 46 16 
3 91 25 
42 82 74 
5 86 80 
56 28 77 
52 95 18 
90 66 79 
45 14 68 
59 23 88 
94 92 37 
80 74 87 
95 52 49 
47 30 75 
18 100 23 
68 55 84 
67 25 63 
68 62 46 
19 2 7 
14 33 28 
45 73 87 
74 47 40 
32 58 38 
43 42 1 
15 56 95 
65 91 73 
76 3 50 
25 17 42 
78 40 50 
84 51 87 
25 97 74 
33 70 94 
54 72 31 
4 47 10 
43 78 75 
85 81 37 
90 34 43 
87 1 17 
65 64 49 
15 11 74 
13 67 75 
15 77 64 
16 7 97 
11 51 35 
13 64 75 
42 25 82 
60 53 40 
13 81 70 
22 100 59 
57 89 65 
81 52 84 
75 37 92 
81 3 17 
23 32 22 
66 6 97 
79 66 72 
8 21 13 
43 40 32 
26 2 46 
68 80 24 
71 96 67 
96 51 11 
25 81 67 
44 18 93 
31 91 22 
57 12 53 
80 36 95 
76 57 49 
23 7 27 
87 47 73 
97 80 13 
20 70 6 
72 97 45 
100 92 15 
60 27 87 
79 53 77 
36 71 84 
71 52 95 
87 66 8 
96 81 88 
75 78 4 
33 71 88 
52 28 10 
63 10 32 
96 46 56 
67 66 90 
63 10 14 
8 52 86 
89 38 43 
58 10 53 
90 53 4 
9 39 5 
6 58 15 
76 94 47 
96 13 65 
99 75 87 
36 81 45 
1 95 26 
65 23 12 
43 67 13 
7 51 93 
81 74 15 
63 4 85 
26 25 80 
39 48 8 
8 35 40 
8 73 29 
37 71 80 
66 90 68 
36 93 68 
65 32 40 
67 19 61 
6 95 36 
96 59 45 
93 9 97 
59 90 60 
17 99 73 
21 6 45 
18 73 35 
37 92 19 
90 58 72 
54 76 65 
72 16 86 
62 91 38 
31 60 68 
8 23 2 
13 60 41 
29 41 53 
10 65 42 
40 82 91 
23 41 63 
5 42 24 
44 11 65 
8 77 65 
60 23 70 
66 78 40 
75 78 69 
31 83 98 
4 68 86 
56 46 43 
13 40 19 
16 86 91 
37 48 56 
92 1 80 
29 58 75 
95 87 41 
84 94 65 
29 62 67 
21 52 45 
77 46 72 
50 38 41 
51 53 11 
30 38 70 
91 44 25 
36 44 53 
55 82 33 
52 80 60 
52 53 99 
54 11 88 
19 28 10 
51 56 70 
7 22 19 
22 18 55 
61 7 32 
81 74 68 
15 18 30 
36 79 58 
67 26 58 
13 62 69 
44 46 27 
19 55 41 
17 68 79 
30 4 78 
56 35 4 
36 67 21 
33 3 94 
29 94 15 
74 73 33 
39 65 57 
84 14 9 
54 61 7 
79 87 47 
89 50 8 
64 36 31 
58 42 74 
45 31 18 
93 72 54 
2 28 38 
9 48 80 
58 5 57 
67 84 39 
2 37 14 
31 58 20 
94 54 60 
11 44 29 
95 98 83 
88 43 35 
71 15 23 
13 20 5 
84 87 10 
89 73 58 
90 19 73 
100 15 70 
52 93 77 
86 56 65 
21 33 14 
83 60 80 
36 33 78 
29 2 73 
2 49 85 
5 42 6 
44 25 86 
95 86 4 
80 73 32 
98 41 37 
80 93 37 
66 80 65 
87 89 94 
66 22 76 
70 47 30 
99 80 16 
45 72 56 
93 39 62 
38 41 54 
2 68 35 
38 84 33 
63 6 30 
41 26 28 
6 100 99 
9 65 42 
59 24 79 
81 2 53 
8 37 66 
87 75 51 
37 33 21 
80 45 79 
50 34 95 
82 43 62 
81 46 87 
57 28 44 
53 67 71 
61 15 63 
70 90 88 
85 4 78 
13 41 43 
57 36 63 
82 27 57 
64 3 25 
60 32 100 
98 84 31 
39 52 49 
59 54 87 
23 95 71 
53 71 77 
54 26 43 
46 63 48 
24 20 17 
41 15 16 
41 25 35 
3 99 67 
55 22 66 
15 44 25 
72 21 29 
67 64 47 
10 96 7 
15 53 21 
22 8 51 
23 86 5 
89 15 84 
84 3 7 
52 3 55 
99 25 84 
38 25 31 
41 15 11 
83 11 47 
10 46 36 
92 20 55 
31 27 18 
6 55 49 
7 23 6 
96 16 49 
30 17 19 
84 30 53 
36 64 51 
31 97 90 
95 58 84 
68 15 61 
26 54 57 
49 44 63 
75 83 97 
89 79 57 
56 38 1 
93 88 53 
47 19 87 
34 57 2 
90 7 91 
31 25 22 
100 38 25 
30 80 16 
74 92 29 
74 29 82 
71 94 84 
31 18 78 
82 4 62 
23 26 30 
64 31 35 
14 11 97 
16 10 42 
63 12 15 
40 36 33 
47 33 29 
48 28 61 
52 29 8 
25 5 89 
81 66 93 
83 27 2 
13 22 3 
45 30 33 
23 9 46 
45 30 1 
10 32 27 
3 17 72 
8 61 45 
17 53 73 
57 35 63 
45 60 7 
68 70 72 
38 25 15 
14 33 77 
99 32 61 
18 38 87 
37 93 34 
50 56 19 
56 42 40 
47 44 1 
93 65 26 
90 83 81 
87 65 25 
49 56 44 
77 29 40 
42 72 19 
49 94 34 
37 32 26 
66 99 5 
21 87 78 
76 38 54 
21 25 94 
36 76 84 
23 31 87 
83 9 26 
18 41 65 
91 5 52 
19 73 79 
12 25 49 
40 2 31 
41 66 2 
90 11 76 
56 79 53 
98 53 22 
34 4 3 
74 32 41 
58 39 88 
72 73 60 
64 7 98 
10 69 100 
96 44 99 
89 43 14 
24 46 29 
99 17 43 
53 99 70 
30 11 18 
9 19 26 
72 61 97 
18 74 10 
11 17 77 
59 88 9 
19 39 31 
26 23 13 
56 33 11 
41 74 66 
88 23 46 
68 51 83 
84 73 29 
13 93 40 
84 5 94 
15 9 53 
2 82 79 
90 77 48 
15 71 16 
37 6 80 
34 39 90 
12 37 52 
73 86 23 
17 61 69 
65 61 69 
68 31 65 
22 53 4 
14 41 99 
84 29 80 
84 69 77 
71 36 76 
11 48 59 
86 11 93 
20 16 27 
42 11 63 
81 67 82 
78 70 86 
48 94 29 
31 14 11 
52 56 6 
7 9 66 
18 13 1 
20 71 62 
68 7 12 
38 24 94 
41 20 12 
87 29 12 
41 60 29 
26 29 61 
24 49 99 
58 39 49 
29 13 48 
10 35 32 
67 11 91 
61 22 15 
10 2 9 
63 67 82 
93 24 72 
24 17 97 
91 57 43 
77 59 82 
70 82 79 
98 54 51 
68 55 91 
58 85 64 
38 99 72 
28 79 44 
1 44 56 
77 96 60 
72 95 21 
96 20 57 
10 1 33 
55 1 65 
77 75 48 
86 61 12 
25 54 94 
70 2 58 
44 55 10 
17 96 4 
72 19 35 
55 50 87 
25 19 57 
58 10 74 
47 66 24 
37 78 80 
51 48 79 
40 67 86 
70 55 39 
15 89 72 
37 86 5 
44 24 75 
6 65 51 
3 32 45 
98 99 7 
32 100 75 
30 54 9 
89 54 81 
70 88 100 
27 14 86 
92 88 16 
39 75 35 
88 48 29 
40 31 95 
67 23 2 
41 65 36 
20 77 85 
50 12 42 
87 59 90 
14 75 88 
70 35 80 
51 88 2 
26 57 66 
27 37 87 
16 79 61 
41 28 34 
44 23 96 
33 71 93 
2 33 98 
18 44 34 
40 21 78 
91 5 51 
74 14 99 
10 91 71 
60 6 79 
64 37 83 
74 33 13 
43 93 23 
40 17 67 
32 86 25 
65 64 38 
73 50 10 
92 89 85 
40 84 16 
46 36 78 
100 36 66 
65 82 89 
81 23 79 
70 99 66 
67 41 60 
99 18 63 
22 49 58 
21 35 74 
24 78 40 
68 17 5 
36 90 24 
40 46 14 
19 77 98 
6 91 5 
21 53 91 
59 64 44 
58 28 55 
58 53 52 
72 75 65 
57 22 98 
64 77 19 
31 46 91 
11 29 52 
14 70 72 
91 84 66 
54 29 50 
31 95 12 
41 92 75 
35 78 91 
14 22 26 
56 69 67 
81 32 56 
1 21 25 
35 98 88 
87 63 16 
70 39 85 
88 70 1 
89 81 71 
56 3 26 
66 20 59 
35 51 4 
60 21 83 
24 16 59 
1 29 19 
25 16 11 
90 27 81 
88 6 24 
22 41 91 
30 39 2 
85 35 58 
98 2 55 
24 59 22 
74 19 24 
64 36 91 
68 43 78 
30 90 86 
64 80 98 
85 94 100 
71 43 13 
20 70 11 
31 57 96 
62 70 1 
37 44 73 
31 30 24 
58 1 45 
26 20 7 
8 82 54 
22 57 89 
27 29 45 
73 58 96 
9 58 23 
84 69 79 
12 15 64 
25 79 97 
36 41 43 
21 26 77 
45 37 12 
37 44 77 
73 2 92 
72 16 1 
47 78 5 
1 18 65 
62 98 88 
45 12 67 
33 34 74 
71 43 95 
92 33 78 
95 5 7 
39 44 8 
95 19 92 
96 45 88 
50 95 36 
34 15 93 
18 97 66 
75 92 91 
62 56 85 
43 80 2 
63 66 67 
38 9 5 
29 90 4 
45 9 42 
88 37 12 
18 29 56 
59 35 70 
67 31 15 
71 22 34 
79 6 25 
70 48 23 
100 15 64 
17 40 13 
94 91 51 
72 76 37 
50 87 22 
100 40 96 
41 13 59 
31 4 51 
44 81 32 
100 7 29 
35 55 81 
62 33 80 
48 35 68 
87 69 60 
61 93 94 
75 3 57 
34 29 90 
90 38 51 
58 67 100 
21 24 31 
67 28 81 
2 82 40 
63 85 29 
40 3 73 
53 11 25 
94 3 93 
60 17 91 
8 29 16 
67 12 20 
3 44 50 
10 13 26 
22 81 85 
50 72 8 
89 85 10 
67 27 99 
53 28 22 
93 51 47 
64 12 62 
26 51 29 
9 6 7 
75 43 59 
71 31 8 
82 100 68 
48 49 6 
46 6 9 
49 100 33 
34 84 33 
13 16 86 
85 52 17 
63 84 83 
55 2 88 
62 76 80 
69 60 70 
1 34 98 
24 28 8 
4 47 2 
18 4 16 
28 99 46 
48 65 51 
52 3 17 
30 9 80 
49 18 64 
27 3 76 
84 87 8 
97 32 41 
6 99 77 
38 93 77 
86 83 59 
19 42 28 
71 12 29 
1 57 70 
93 21 62 
94 24 58 
32 97 91 
31 91 21 
63 3 24 
67 80 30 
9 95 73 
31 48 73 
92 80 68 
27 29 56 
40 19 92 
25 6 54 
99 32 59 
79 14 4 
81 3 26 
64 88 10 
54 17 37 
82 71 21 
64 49 84 
81 53 60 
21 57 93 
83 10 47 
32 6 67 
32 88 57 
40 80 88 
16 70 66 
9 35 62 
18 8 17 
27 87 51 
96 84 37 
56 27 1 
43 46 28 
82 68 6 
94 53 32 
89 37 34 
20 49 50 
29 33 16 
65 35 16 
36 81 67 
48 74 54 
100 18 33 
70 56 78 
62 6 88 
64 2 24 
11 89 25 
37 55 89 
57 56 63 
8 14 32 
26 17 51 
89 82 12 
14 31 62 
79 1 29 
38 42 30 
95 90 20 
18 25 60 
39 95 28 
52 61 92 
21 77 88 
54 47 51 
65 69 31 
3 91 60 
76 25 48 
53 66 3 
23 8 84 
61 70 60 
27 53 54 
86 19 88 
86 24 59 
65 16 34 
63 88 24 
14 21 66 
29 100 59 
98 15 43 
96 11 82 
12 11 40 
46 68 20 
96 23 92 
20 36 91 
69 41 51 
45 96 25 
20 97 39 
75 57 24 
43 86 10 
100 64 55 
87 91 68 
4 83 69 
41 22 69 
34 62 94 
48 47 61 
10 35 62 
96 56 97 
93 64 88 
81 78 12 
1 26 74 
9 78 88 
85 87 39 
29 73 38 
22 88 53 
25 2 85 
32 11 84 
47 30 60 
41 74 48 
43 22 68 
2 93 24 
9 82 74 
70 47 89 
30 86 99 
52 72 53 
42 71 58 
58 55 50 
47 8 99 
6 64 99 
13 59 72 
38 90 69 
87 36 63 
91 49 76 
53 73 84 
44 2 9 
89 90 85 
58 70 82 
27 78 35 
66 1 62 
49 4 30 
50 54 78 
86 56 25 
38 1 84 
85 52 76 
83 40 78 
45 37 43 
15 7 2 
8 90 6 
43 88 87 
63 5 74 
16 100 61 
24 66 46 
83 81 65 
49 95 2 
45 41 14 
31 91 62 
73 47 53 
39 4 96 
15 67 53 
70 42 57 
52 54 84 
50 47 24 
28 74 53 
65 25 4 
83 69 84 
12 63 95 
67 78 7 
75 58 44 
40 56 50 
32 65 58 
62 2 14 
84 18 72 
14 21 35 
17 44 97 
12 58 85 
45 60 18 
12 16 18 
49 77 91 
81 67 73 
33 59 17 
19 53 52 
86 5 53 
48 3 94 
28 33 25 
60 23 10 
80 32 54 
99 60 35 
40 80 44 
1 49 48 
73 10 97 
94 13 21 
13 60 66 
54 66 38 
14 59 75 
82 21 63 
8 94 36 
33 51 24 
79 27 23 
66 10 24 
72 40 94 
28 35 56 
31 36 8 
69 19 78 
69 78 9 
74 82 6 
98 49 3 
59 12 71 
64 8 92 
70 2 92 
34 6 57 
73 29 53 
56 5 44 
27 53 98 
16 72 100 
5 83 69 
8 25 87 
40 99 97 
32 50 6 
92 29 82 
36 22 90 
4 34 100 
32 78 35 
57 50 39 
15 52 69 
22 12 37 
81 42 79 
57 41 6 
37 76 87 
8 95 45 
77 42 12 
17 10 32 
42 41 82 
47 85 92 
46 23 81 
5 62 75 
56 28 36 
53 74 40 
93 88 21 
25 32 19 
8 21 52 
100 91 61 
69 98 11 
79 74 17 
24 8 7 
66 55 57 
24 94 52 
33 60 18 
20 95 39 
48 87 23 
86 60 30 
61 33 31 
20 41 53 
20 79 49 
69 52 14 
97 21 50 
67 11 61 
99 3 23 
34 22 11 
37 34 19 
21 51 41 
45 2 93 
6 35 71 
88 53 78 
15 33 45 
36 97 5 
99 21 55 
84 78 7 
21 17 51 
22 60 45 
35 86 99 
80 87 31 
79 67 10 
55 45 88 
63 54 61 
32 85 34 
98 42 80 
85 26 39 
30 77 98 
26 69 16 
51 47 48 
88 63 89 
50 8 74 
54 41 32 
18 26 72 
4 12 19 
53 92 100 
14 38 83 
17 49 69 
10 43 56 
5 96 26 
49 31 18 
76 93 25 
34 5 39 
54 1 40 
86 1 64 
50 20 88 
71 56 94 
34 33 44 
34 10 3 
15 71 93 
39 98 62 
23 44 53 
6 35 30 
56 26 32 
94 62 10 
55 67 35 
4 100 3 
99 78 17 
50 43 4 
26 6 28 
41 83 96 
12 56 94 
16 100 81 
88 21 69 
99 68 79 
6 93 29 
91 50 1 
83 40 28 
98 77 22 
51 17 94 
90 56 27 
27 82 11 
63 92 18 
3 23 8 
29 17 59 
69 95 3 
11 66 87 
17 26 31 
86 14 15 
97 80 1 
57 4 40 
77 72 93 
29 68 42 
57 24 87 
65 64 18 
23 74 62 
16 6 48 
95 10 18 
34 44 40 
64 80 13 
46 86 17 
52 72 36 
39 100 62 
71 76 10 
99 88 9 
24 75 36 
18 73 26 
11 36 31 
58 99 66 
94 24 13 
92 77 99 
86 52 39 
41 67 44 
61 98 38 
13 46 43 
7 53 8 
3 92 15 
29 62 49 
63 20 73 
80 34 57 
69 95 23 
16 55 10 
40 84 25 
55 14 67 
51 79 43 
79 66 29 
52 13 24 
89 40 76 
72 58 48 
96 97 68 
28 67 95 
14 52 80 
72 25 2 
76 70 82 
15 80 61 
81 2 86 
27 24 58 
72 40 9 
40 44 18 
61 39 100 
51 2 17 
2 100 25 
62 8 84 
33 80 30 
49 77 21 
94 88 63 
58 51 42 
91 14 97 
54 49 8 
3 59 72 
59 6 18 
59 26 80 
16 21 35 
33 74 84 
85 42 36 
21 43 89 
16 85 10 
19 79 99 
79 29 93 
74 30 47 
77 35 86 
13 42 22 
12 20 24 
5 19 95 
53 56 35 
35 78 39 
50 79 33 
77 33 11 
5 2 40 
14 100 80 
62 77 47 
56 45 31 
74 54 82 
45 20 69 
98 47 13 
69 91 87 
41 19 48 
52 4 32 
67 34 98 
56 97 90 
13 57 10 
46 69 72 
77 74 56 
89 64 81 
11 20 12 
53 34 17 
2 3 67 
37 92 67 
13 17 67 
26 38 45 
15 76 7 
97 5 45 
57 19 36 
55 58 75 
19 20 13 
37 65 46 
42 80 34 
65 10 22 
38 81 21 
83 75 16 
48 44 67 
78 17 97 
61 78 81 
67 20 71 
43 8 17 
7 46 47 
26 97 22 
56 66 1 
6 48 20 
75 30 93 
43 38 95 
33 47 93 
22 29 61 
41 59 39 
20 36 26 
46 1 78 
96 63 35 
36 83 63 
27 57 90 
66 61 83 
48 52 39 
77 12 78 
26 22 57 
4 69 71 
4 29 66 
87 5 88 
51 65 7 
100 34 27 
30 40 74 
28 29 11 
52 76 69 
20 39 2 
27 58 86 
78 55 94 
38 23 5 
15 21 1 
17 97 21 
43 87 78 
31 81 97 
34 51 12 
22 46 27 
100 76 92 
3 40 19 
12 56 10 
76 33 41 
26 42 97 
50 59 75 
24 98 15 
61 70 14 
99 100 78 
18 15 4 
39 35 67 
17 92 30 
54 19 46 
65 78 3 
8 49 90 
14 15 17 
75 68 50 
93 64 65 
31 65 45 
81 23 59 
71 91 3 
6 91 89 
86 19 55 
71 91 22 
24 49 98 
34 18 32 
99 38 39 
32 28 96 
92 80 9 
66 85 73 
26 84 46 
53 61 38 
97 98 36 
85 1 43 
85 8 46 
19 11 10 
83 26 75 
29 79 88 
15 54 80 
40 9 80 
92 42 26 
95 6 19 
56 71 64 
10 100 15 
12 56 21 
73 94 2 
47 13 43 
43 66 7 
91 93 95 
95 93 44 
90 98 3 
97 78 38 
40 27 14 
32 48 99 
37 9 68 
22 89 71 
13 84 85 
28 82 3 
17 10 9 
95 87 76 
97 50 26 
38 20 76 
24 54 15 
21 30 65 
94 61 4 
70 24 51 
37 56 81 
75 55 65 
40 75 26 
77 14 94 
95 7 64 
50 92 64 
25 84 1 
46 33 79 
58 73 69 
31 56 90 
64 76 10 
62 76 88 
81 61 7 
30 64 96 
34 87 40 
90 56 76 
47 18 31 
5 36 4 
65 40 27 
54 21 100 
55 65 42 
13 71 21 
75 79 89 
77 99 31 
4 12 61 
99 80 4 
4 53 70 
56 45 28 
24 20 46 
90 41 84 
7 67 75 
47 98 61 
91 2 75 
56 27 32 
71 39 15 
47 34 84 
90 25 78 
20 26 64 
51 50 95 
39 75 50 
14 59 61 
48 46 87 
12 49 80 
93 25 73 
99 22 63 
37 19 32 
28 85 64 
93 36 66 
99 100 11 
2 97 66 
70 92 49 
53 74 10 
71 69 92 
55 85 94 
88 78 58 
65 37 90 
53 39 24 
27 41 45 
44 49 80 
92 90 31 
15 74 22 
99 57 2 
50 9 77 
91 84 80 
74 95 70 
57 40 46 
56 36 12 
50 16 41 
58 48 91 
75 69 9 
56 26 48 
40 76 87 
14 11 100 
73 76 9 
57 87 10 
97 7 85 
46 80 89 
53 52 79 
58 8 71 
16 64 52 
65 42 62 
32 76 36 
75 1 86 
16 28 62 
46 16 11 
18 2 92 
16 50 54 
59 80 97 
87 7 32 
53 86 71 
75 95 8 
99 42 87 
99 20 3 
87 10 11 
53 40 24 
41 68 25 
96 35 86 
12 52 40 
12 59 21 
78 86 18 
26 99 45 
64 19 28 
97 53 87 
99 9 23 
18 58 34 
50 64 33 
31 2 11 
23 69 21 
37 68 30 
49 24 10 
33 85 28 
46 64 65 
95 46 92 
86 40 58 
7 48 27 
35 81 12 
29 90 33 
94 27 56 
16 44 77 
49 31 36 
49 41 2 
25 24 82 
71 54 99 
42 68 82 
14 37 54 
91 78 97 
77 66 61 
1 90 10 
75 61 9 
78 21 53 
40 95 71 
87 90 53 
39 73 11 
69 9 61 
23 16 83 
32 38 37 
97 27 39 
20 13 40 
59 33 74 
48 78 11 
86 42 66 
33 56 51 
66 26 91 
72 66 8 
22 51 39 
93 99 41 
15 69 18 
15 87 46 
14 89 22 
30 85 67 
37 10 55 
51 59 94 
61 20 88 
26 96 24 
57 47 22 
79 76 75 
22 46 92 
11 95 45 
99 12 86 
37 99 66 
99 51 33 
4 55 86 
83 2 54 
60 59 51 
18 5 12 
50 64 35 
40 68 31 
45 78 92 
53 86 73 
22 71 15 
12 21 64 
36 7 95 
75 96 24 
3 54 95 
58 83 11 
52 62 43 
45 70 88 
22 29 79 
64 11 15 
8 7 85 
52 66 87 
47 59 95 
19 66 42 
28 13 58 
72 71 24 
11 35 61 
88 56 77 
92 12 52 
38 26 51 
97 23 43 
50 46 88 
98 29 16 
79 5 96 
37 66 44 
33 32 94 
5 49 96 
3 6 27 
68 71 93 
61 98 29 
16 9 23 
23 68 27 
64 91 31 
4 44 74 
16 39 71 
47 26 6 
8 66 96 
76 59 78 
94 69 27 
90 49 35 
26 51 35 
91 2 81 
64 83 96 
89 44 90 
60 88 52 
78 18 15 
17 23 45 
51 90 84 
62 24 31 
59 58 57 
41 44 91 
99 1 12 
60 6 84 
24 52 42 
76 25 78 
28 38 70 
80 56 3 
44 11 5 
25 40 88 
44 3 11 
51 37 50 
64 1 30 
22 79 48 
15 54 1 
21 49 54 
3 12 41 
74 27 18 
49 75 37 
52 67 37 
10 15 84 
5 35 88 
57 51 6 
69 59 44 
94 59 13 
34 68 2 
25 96 41 
99 82 57 
77 72 44 
53 37 8 
79 86 4 
3 84 38 
84 7 77 
59 18 80 
84 50 6 
22 46 40 
27 1 5 
9 32 47 
10 27 88 
27 52 44 
85 48 4 
30 41 63 
34 2 12 
63 71 3 
97 33 59 
23 52 54 
67 74 1 
48 55 9 
47 18 5 
65 19 69 
77 22 29 
72 69 44 
69 73 77 
87 24 6 
17 34 56 
6 5 96 
28 41 79 
43 22 26 
13 39 43 
16 38 87 
73 55 23 
40 32 20 
49 85 71 
100 73 5 
97 87 67 
84 98 90 
75 1 18 
53 44 63 
74 89 85 
8 54 22 
100 16 93 
27 61 57 
72 99 51 
25 28 41 
99 48 22 
49 42 12 
17 24 77 
82 23 70 
91 45 31 
75 62 97 
85 60 49 
65 3 71 
17 35 50 
60 89 8 
86 17 89 
10 33 27 
97 14 49 
16 39 83 
57 42 52 
81 7 22 
41 2 8 
55 13 72 
42 64 37 
15 69 17 
98 100 37 
36 89 93 
24 8 37 
91 58 86 
72 16 2 
57 89 92 
15 24 81 
86 4 56 
8 22 35 
21 76 27 
72 99 23 
83 81 8 
24 85 7 
56 76 62 
65 80 58 
58 53 14 
34 21 73 
37 85 32 
32 96 17 
13 91 2 
12 41 88 
76 57 9 
47 67 46 
36 63 51 
27 39 64 
38 14 21 
19 3 10 
66 22 85 
82 63 36 
78 50 34 
65 89 55 
15 71 54 
5 44 26 
26 3 15 
10 39 11 
66 31 29 
12 49 97 
21 23 66 
44 87 47 
72 29 27 
4 7 6 
16 87 50 
40 60 69 
72 6 76 
63 1 7 
59 22 89 
93 75 92 
45 25 87 
30 48 11 
2 14 49 
26 17 46 
57 53 18 
14 96 68 
71 85 92 
92 85 62 
60 33 56 
66 35 97 
43 63 37 
77 40 69 
15 80 33 
76 84 95 
18 35 45 
90 80 4 
20 13 58 
79 72 20 
13 91 65 
5 76 73 
7 53 13 
17 4 12 
23 70 9 
2 38 54 
52 95 79 
83 4 94 
27 93 78 
23 81 91 
17 1 58 
3 52 59 
68 59 78 
38 35 36 
32 12 60 
63 28 91 
63 35 27 
22 90 19 
9 49 57 
45 92 68 
79 13 75 
10 22 13 
49 100 62 
73 91 56 
11 73 34 
83 79 100 
62 10 84 
10 36 87 
96 41 97 
75 8 93 
85 42 52 
50 43 37 
77 38 41 
2 65 78 
24 2 54 
34 46 5 
19 93 17 
77 44 97 
60 16 62 
4 28 72 
50 76 84 
37 2 85 
78 52 13 
8 100 57 
32 70 19 
1 97 22 
71 32 27 
24 37 65 
72 68 66 
66 72 77 
35 94 19 
67 53 80 
31 24 18 
21 35 38 
88 22 69 
79 30 66 
33 41 39 
98 7 39 
21 33 88 
18 3 8 
22 27 18 
35 96 78 
45 18 43 
29 27 57 
29 19 76 
65 73 47 
62 37 29 
14 85 35 
33 22 67 
28 82 10 
79 38 8 
10 97 74 
39 60 14 
96 57 45 
51 63 49 
77 31 33 
28 76 66 
32 10 59 
62 32 60 
68 42 51 
88 61 89 
96 34 64 
78 87 13 
45 73 72 
53 79 60 
95 88 59 
43 22 61 
51 37 55 
58 53 15 
39 66 40 
93 1 72 
3 82 80 
22 16 54 
31 15 35 
31 52 96 
36 65 58 
100 68 2 
7 9 17 
5 87 95 
62 12 27 
97 78 44 
43 87 37 
67 48 60 
99 25 82 
62 31 79 
5 8 52 
79 28 22 
2 28 13 
88 30 28 
76 5 52 
46 84 9 
29 71 56 
88 73 98 
54 87 55 
19 95 49 
4 58 2 
35 4 22 
57 46 31 
66 3 80 
97 83 68 
54 82 47 
17 76 77 
44 95 31 
7 12 62 
10 42 20 
9 100 83 
58 7 55 
59 5 56 
25 42 56 
84 80 67 
33 59 9 
71 48 78 
68 41 85 
96 53 24 
33 57 58 
99 29 59 
47 72 23 
26 93 4 
61 49 80 
95 17 20 
74 44 97 
21 29 61 
31 28 32 
60 55 100 
99 2 32 
34 87 94 
2 91 25 
15 48 8 
55 2 9 
21 8 29 
27 8 12 
35 67 3 
41 52 48 
26 49 44 
8 6 71 
61 85 25 
1 54 18 
87 63 47 
74 33 31 
17 49 59 
51 39 71 
90 72 28 
89 92 100 
34 81 18 
4 3 58 
26 23 76 
15 68 82 
41 29 22 
30 25 84 
8 33 25 
89 20 38 
59 39 64 
28 75 46 
56 40 31 
21 32 71 
1 72 79 
55 90 62 
24 8 100 
26 59 10 
69 83 29 
30 75 55 
30 16 68 
56 41 57 
17 97 27 
78 62 87 
40 48 43 
50 89 68 
86 88 83 
14 90 86 
61 74 7 
28 27 57 
81 60 82 
25 82 47 
40 22 75 
3 85 26 
4 8 86 
30 5 97 
14 30 100 
95 65 49 
89 71 72 
43 82 5 
2 85 68 
59 74 45 
99 17 58 
61 12 29 
29 51 24 
31 27 44 
26 5 90 
59 61 75 
7 78 44 
15 12 20 
96 64 81 
31 57 75 
92 30 44 
87 24 2 
63 24 11 
33 8 32 
70 86 61 
77 75 15 
79 76 67 
49 3 65 
71 43 46 
19 74 6 
33 29 89 
77 70 33 
15 99 94 
35 92 22 
91 37 51 
64 50 97 
35 18 95 
13 85 66 
34 94 40 
98 32 27 
24 60 46 
11 56 21 
99 83 77 
40 66 16 
71 69 2 
43 71 61 
2 41 71 
43 6 27 
87 89 52 
37 11 27 
11 97 5 
73 5 45 
89 46 33 
30 11 5 
56 98 29 
7 98 8 
74 5 29 
72 87 80 
64 78 91 
46 14 49 
50 34 82 
92 83 27 
1 85 27 
87 37 16 
14 55 15 
99 79 64 
67 80 85 
12 100 99 
96 32 49 
90 62 82 
95 15 10 
84 71 78 
99 11 22 
64 93 74 
35 59 20 
61 4 26 
20 79 45 
89 51 20 
47 12 17 
89 36 14 
9 34 77 
87 62 12 
37 57 99 
19 91 95 
89 98 62 
93 99 88 
35 2 58 
81 70 100 
74 4 40 
99 56 57 
74 30 2 
83 71 33 
55 62 72 
71 39 23 
49 52 58 
45 20 27 
66 65 76 
26 72 80 
37 8 30 
28 86 77 
10 70 62 
23 55 50 
98 21 43 
48 79 21 
24 91 21 
2 54 6 
38 53 50 
53 90 65 
31 16 85 
68 13 3 
80 87 60 
9 37 19 
28 97 38 
1 82 76 
62 100 9 
49 8 18 
44 75 79 
86 57 55 
49 17 18 
72 41 59 
75 27 5 
87 39 30 
30 11 70 
81 61 22 
23 26 56 
27 28 12 
95 19 8 
51 62 49 
89 66 82 
1 41 79 
62 82 76 
4 37 56 
23 88 52 
98 71 80 
93 56 14 
82 59 30 
42 62 15 
38 39 79 
74 23 35 
36 71 93 
96 7 50 
82 62 47 
62 28 22 
49 13 12 
2 86 25 
66 19 64 
41 22 26 
46 94 100 
97 60 47 
8 80 16 
61 100 25 
94 89 68 
39 32 52 
78 68 79 
58 51 21 
33 93 35 
39 15 58 
88 75 55 
34 10 20 
86 29 84 
72 78 32 
79 29 32 
64 19 6 
49 2 20 
30 70 58 
3 68 49 
11 100 20 
39 81 8 
92 64 83 
91 8 82 
36 12 73 
68 96 63 
66 85 26 
82 84 12 
50 31 65 
10 50 80 
67 25 76 
21 8 80 
39 32 84 
64 51 99 
2 27 20 
71 99 66 
76 86 70 
62 97 18 
95 96 74 
69 97 45 
17 55 2 
13 22 49 
45 40 21 
31 90 34 
20 60 36 
52 2 56 
13 67 54 
69 80 13 
37 26 4 
34 82 77 
45 96 69 
4 77 59 
10 69 32 
87 18 70 
68 29 65 
93 71 48 
18 19 86 
98 7 46 
15 8 39 
30 90 88 
27 25 82 
36 77 60 
64 76 40 
14 56 78 
77 37 30 
84 51 37 
45 24 12 
41 96 11 
54 100 9 
47 4 24 
38 82 12 
69 62 18 
23 64 43 
25 46 9 
47 17 6 
40 20 59 
72 27 60 
75 60 64 
56 46 13 
91 74 61 
11 57 94 
19 81 63 
21 91 68 
34 64 100 
16 85 21 
50 27 44 
71 14 99 
14 63 66 
14 92 65 
51 85 74 
58 32 88 
86 67 52 
4 91 13 
7 23 62 
3 59 20 
69 27 57 
20 54 73 
100 64 10 
68 61 5 
64 53 62 
65 99 39 
5 76 71 
83 73 65 
25 73 1 
99 8 64 
20 93 69 
12 50 68 
30 50 98 
56 98 71 
59 6 77 
56 9 77 
7 47 13 
85 54 76 
100 94 43 
15 77 91 
84 56 100 
80 37 49 
49 4 68 
56 98 58 
74 59 68 
23 61 53 
99 27 43 
63 1 42 
69 3 57 
35 19 59 
81 94 31 
54 88 82 
42 38 52 
33 35 4 
71 35 95 
88 21 48 
93 13 88 
65 76 43 
5 55 99 
55 88 49 
76 75 74 
61 32 30 
34 45 85 
79 75 74 
96 24 82 
9 55 39 
57 23 41 
7 55 42 
37 30 96 
2 39 64 
99 5 21 
13 77 60 
98 72 15 
15 11 71 
88 68 80 
62 14 79 
43 36 1 
80 54 13 
99 60 61 
19 55 96 
15 71 18 
68 49 69 
2 90 33 
8 12 77 
36 84 47 
86 66 45 
95 62 60 
34 1 28 
14 86 29 
19 14 1 
37 1 81 
50 1 82 
37 81 96 
7 25 72 
27 46 80 
34 82 89 
93 38 57 
77 73 79 
50 17 52 
59 6 9 
44 84 68 
59 58 49 
43 51 12 
39 41 24 
7 1 90 
58 53 88 
69 98 13 
22 2 33 
72 19 14 
1 45 10 
18 92 5 
81 4 100 
2 18 25 
49 98 59 
47 40 8 
58 45 15 
40 14 96 
98 33 26 
19 100 82 
12 60 38 
66 1 23 
8 51 91 
31 45 88 
69 83 23 
63 27 14 
21 9 40 
61 21 6 
74 96 63 
66 59 34 
16 8 10 
84 70 48 
24 71 100 
20 81 29 
66 83 85 
38 58 25 
14 27 12 
85 28 54 
64 20 2 
79 64 17 
88 45 47 
32 44 7 
84 5 87 
99 65 82 
93 89 43 
97 37 52 
14 11 12 
6 54 58 
16 90 62 
22 29 19 
36 71 74 
46 93 75 
41 6 8 
10 77 91 
88 70 39 
49 24 32 
15 88 3 
59 11 53 
70 80 47 
89 19 98 
85 9 47 
7 70 23 
18 4 28 
22 36 23 
40 67 18 
85 54 30 
99 63 16 
27 80 98 
50 94 37 
64 27 23 
37 15 29 
67 95 76 
85 78 68 
34 59 44 
93 90 68 
44 86 3 
88 20 41 
29 47 83 
45 100 13 
90 54 48 
19 72 49 
87 98 44 
77 14 66 
37 20 55 
78 99 3 
31 44 58 
54 6 48 
82 11 9 
89 44 48 
54 42 7 
60 2 16 
92 12 58 
56 88 3 
97 78 72 
66 61 53 
26 21 59 
57 15 40 
18 46 37 
79 34 2 
34 31 86 
23 65 47 
36 76 67 
51 11 3 
44 50 69 
54 44 41 
73 82 61 
55 41 61 
16 15 22 
95 88 26 
61 16 73 
36 29 78 
19 16 21 
62 11 37 
2 97 27 
56 81 61 
65 25 28 
8 21 79 
60 53 28 
97 67 89 
10 90 18 
58 77 2 
62 33 17 
19 8 76 
11 83 63 
46 79 56 
67 55 51 
48 88 49 
12 32 34 
22 29 9 
95 84 92 
68 39 49 
1 57 16 
53 39 30 
56 96 73 
12 48 89 
73 50 43 
79 95 59 
79 41 96 
3 41 90 
32 81 27 
5 55 53 
34 93 8 
40 28 26 
75 3 59 
76 2 49 
1 69 33 
74 36 41 
79 8 96 
37 75 41 
35 92 70 
46 96 8 
41 87 19 
40 73 16 
21 55 40 
8 6 37 
90 51 35 
98 16 34 
76 95 35 
94 49 69 
63 97 77 
26 5 20 
17 92 3 
29 87 46 
7 52 83 
18 23 81 
42 95 76 
32 56 80 
43 95 13 
90 27 71 
72 6 10 
43 71 79 
1 15 34 
95 43 99 
91 8 97 
8 44 45 
18 72 80 
39 60 31 
22 23 2 
66 69 11 
35 59 22 
37 98 92 
43 55 26 
99 26 43 
7 83 26 
31 15 69 
66 93 79 
52 18 87 
29 81 66 
22 60 50 
74 4 25 
38 12 52 
48 97 71 
35 99 76 
11 37 4 
83 30 51 
15 87 58 
97 99 21 
19 84 40 
72 17 94 
11 19 43 
9 22 12 
77 28 95 
38 46 98 
81 100 46 
39 59 25 
75 62 61 
71 76 3 
90 43 58 
47 30 13 
96 35 52 
60 17 25 
83 70 74 
10 34 38 
11 69 16 
91 82 16 
32 70 68 
78 11 50 
74 8 69 
36 17 58 
99 60 14 
30 95 21 
46 33 94 
56 43 41 
3 46 42 
15 2 50 
42 73 83 
76 74 92 
70 27 51 
41 98 96 
96 17 86 
32 88 61 
24 54 19 
29 22 86 
17 82 45 
33 44 18 
93 74 91 
50 100 47 
100 3 36 
19 26 75 
64 39 99 
93 31 92 
45 30 95 
48 34 45 
7 39 88 
68 98 89 
84 29 69 
91 50 39 
3 57 14 
19 36 1 
41 75 34 
75 67 12 
97 23 57 
14 44 56 
85 47 1 
58 45 71 
49 88 95 
2 50 73 
95 96 36 
100 12 31 
4 55 58 
68 97 70 
59 50 80 
76 22 94 
85 80 65 
98 78 56 
68 14 24 
84 42 93 
48 27 47 
52 20 55 
62 76 36 
26 60 67 
30 48 15 
64 20 89 
75 16 31 
26 35 63 
31 48 5 
52 79 97 
49 28 67 
4 87 84 
31 29 17 
74 97 94 
31 69 27 
92 74 96 
52 18 7 
64 45 83 
49 36 17 
100 42 91 
2 52 41 
33 95 16 
62 83 65 
89 74 45 
8 32 75 
68 49 97 
32 1 73 
67 60 7 
68 23 73 
1 97 71 
86 41 64 
86 88 100 
98 80 21 
13 15 44 
49 75 42 
21 32 9 
78 13 1 
78 77 62 
59 17 54 
17 25 34 
65 10 21 
41 68 38 
92 21 58 
27 44 89 
18 14 90 
88 44 38 
46 67 10 
99 19 39 
18 73 98 
61 29 25 
79 29 42 
75 85 19 
96 92 43 
73 97 90 
39 73 65 
30 14 85 
40 75 37 
64 90 4 
49 46 65 
20 48 92 
58 52 62 
65 15 83 
35 11 44 
75 100 63 
13 53 14 
57 48 25 
79 26 68 
40 29 62 
81 63 82 
100 26 36 
65 81 37 
78 24 56 
68 55 25 
60 80 51 
52 36 6 
81 82 98 
71 26 68 
48 96 8 
7 53 95 
38 59 94 
45 90 61 
55 89 59 
10 76 90 
46 20 64 
76 100 25 
76 44 41 
20 89 24 
68 25 73 
28 49 83 
26 2 54 
14 94 38 
84 9 69 
74 84 86 
1 7 12 
3 32 28 
98 81 83 
54 80 99 
20 89 63 
65 61 19 
55 88 47 
49 81 84 
1 97 23 
70 57 25 
85 80 71 
6 54 33 
50 20 67 
91 82 39 
62 27 25 
81 8 15 
52 20 12 
72 27 19 
24 50 26 
40 24 8 
2 10 94 
21 58 32 
85 47 29 
27 93 42 
38 1 11 
66 6 98 
90 4 97 
41 33 64 
83 88 16 
51 17 66 
64 97 21 
43 99 30 
51 46 7 
11 90 10 
75 2 63 
60 71 100 
89 40 45 
88 72 23 
28 81 4 
43 71 66 
6 38 56 
34 4 46 
68 86 70 
1 12 59 
4 71 61 
66 83 58 
77 41 94 
89 97 75 
11 22 88 
13 99 47 
60 14 19 
79 66 27 
9 90 3 
71 69 25 
80 100 37 
74 25 18 
2 68 72 
88 48 42 
80 82 25 
27 46 13 
49 38 53 
4 88 53 
46 60 95 
55 68 94 
14 23 62 
70 97 1 
4 55 21 
93 86 74 
66 34 19 
68 54 34 
13 69 41 
94 10 8 
68 18 19 
66 37 78 
60 34 84 
27 52 49 
71 75 89 
23 94 35 
35 94 17 
49 10 60 
5 93 100 
73 35 92 
49 61 10 
67 58 47 
41 8 64 
34 13 93 
89 82 53 
28 69 34 
70 65 80 
33 75 90 
93 35 97 
52 55 8 
63 18 13 
40 76 71 
54 82 52 
28 92 1 
43 16 18 
17 7 97 
68 53 25 
90 91 95 
92 82 77 
48 28 53 
29 13 80 
52 26 11 
15 70 17 
88 21 29 
23 96 26 
17 11 1 
25 20 51 
45 52 68 
68 41 96 
66 17 88 
34 60 69 
9 28 26 
11 80 99 
30 23 29 
29 71 94 
91 87 23 
83 82 28 
73 13 45 
84 39 69 
1 67 48 
31 68 46 
65 22 85 
98 24 73 
72 6 19 
34 3 67 
65 71 30 
42 49 76 
92 96 84 
36 23 90 
7 59 21 
68 27 60 
62 47 98 
27 11 29 
65 20 40 
96 83 28 
65 81 86 
39 44 50 
11 79 46 
59 1 65 
51 66 18 
22 86 95 
3 37 53 
77 68 48 
90 74 16 
32 78 9 
46 97 70 
62 23 36 
84 88 5 
60 27 26 
45 39 30 
61 89 66 
18 92 17 
27 75 80 
25 55 22 
70 98 35 
98 79 58 
98 43 77 
20 100 2 
76 36 60 
66 86 74 
94 53 65 
55 43 71 
75 6 19 
74 50 72 
11 10 42 
69 63 16 
15 68 34 
46 55 67 
24 12 17 
31 17 85 
8 89 24 
94 28 88 
12 76 81 
90 91 36 
74 62 96 
23 58 76 
51 16 75 
59 70 12 
39 75 45 
90 50 34 
47 30 18 
60 74 12 
65 15 34 
86 17 88 
66 35 6 
30 51 45 
43 69 2 
54 83 58 
45 100 37 
52 68 100 
90 32 48 
85 51 7 
25 8 42 
13 42 4 
15 92 22 
33 53 49 
90 26 74 
75 34 5 
53 54 58 
79 15 1 
84 79 100 
23 75 49 
31 49 45 
60 88 32 
34 7 16 
68 18 69 
75 21 27 
36 66 53 
3 70 31 
5 85 34 
3 80 25 
62 21 15 
60 22 27 
68 91 17 
2 6 9 
61 80 10 
62 82 81 
79 96 61 
48 13 52 
81 93 84 
72 37 4 
9 95 70 
100 95 92 
49 19 16 
26 5 46 
44 100 26 
67 49 62 
73 97 16 
19 52 60 
59 31 48 
75 13 62 
42 47 50 
15 84 41 
99 60 17 
32 71 67 
69 40 76 
15 27 6 
88 45 34 
82 68 38 
66 37 73 
26 12 3 
98 43 29 
37 58 99 
34 31 93 
45 43 10 
36 49 51 
21 5 55 
3 74 19 
3 33 37 
2 97 12 
81 60 48 
89 51 2 
16 82 52 
74 5 96 
3 93 44 
49 14 25 
9 84 99 
5 25 41 
10 4 50 
40 14 68 
99 36 49 
43 64 67 
100 39 1 
72 67 3 
31 23 91 
40 23 67 
10 55 54 
61 13 24 
39 46 24 
72 29 22 
44 10 3 
71 50 97 
17 13 48 
80 43 76 
28 17 95 
5 23 79 
50 58 90 
72 69 41 
35 76 36 
35 42 34 
26 6 22 
49 12 100 
75 64 22 
42 22 61 
83 30 20 
76 82 57 
18 93 7 
30 26 15 
19 27 71 
15 93 4 
39 66 5 
79 94 27 
3 50 24 
4 26 88 
90 98 73 
3 68 38 
99 89 34 
4 28 63 
37 54 60 
4 8 10 
13 76 34 
1 38 89 
2 12 48 
7 50 99 
9 55 44 
91 38 25 
26 52 58 
6 47 13 
41 94 1 
49 51 89 
13 88 15 
27 32 64 
10 73 40 
97 3 80 
76 44 2 
99 42 23 
43 44 14 
27 81 13 
33 55 86 
39 42 27 
21 29 25 
20 39 29 
73 76 1 
61 83 9 
47 28 19 
12 45 98 
84 94 17 
42 35 66 
11 48 29 
59 18 16 
97 58 99 
43 75 28 
80 23 94 
85 49 30 
77 1 32 
18 73 15 
14 53 69 
81 93 80 
22 19 44 
6 14 51 
91 82 59 
41 15 86 
92 31 55 
77 70 87 
78 53 62 
53 55 17 
23 55 92 
82 14 65 
7 24 49 
15 55 8 
13 89 33 
93 89 16 
91 54 21 
3 44 89 
16 34 74 
4 68 75 
99 23 14 
23 38 65 
79 31 87 
91 2 86 
83 72 47 
76 55 36 
75 60 45 
93 26 64 
87 65 30 
15 22 41 
90 21 76 
35 89 4 
26 89 20 
64 83 39 
63 98 45 
61 63 68 
79 48 74 
30 33 7 
38 76 27 
53 87 99 
40 48 97 
21 80 39 
79 93 74 
20 75 89 
55 69 77 
87 19 76 
99 3 82 
68 73 3 
88 90 16 
77 67 8 
95 30 67 
78 1 54 
35 60 4 
29 76 63 
3 34 72 
19 7 6 
42 7 62 
43 55 6 
69 56 26 
84 45 76 
91 85 74 
52 55 31 
35 11 60 
53 62 34 
15 40 63 
95 4 57 
42 100 51 
34 14 19 
76 86 10 
96 39 82 
25 31 34 
21 1 71 
12 15 86 
43 80 41 
63 6 98 
27 22 76 
88 47 42 
72 68 47 
52 10 65 
14 55 28 
90 48 34 
94 20 9 
44 90 67 
26 11 19 
35 76 1 
71 69 86 
46 84 32 
3 21 75 
72 10 36 
88 24 37 
87 11 64 
84 53 74 
93 98 90 
94 54 14 
98 71 77 
33 59 20 
39 51 73 
15 45 50 
75 37 100 
36 81 70 
15 68 25 
74 68 21 
46 49 42 
77 75 50 
4 8 44 
51 31 77 
90 79 48 
1 83 65 
46 4 62 
17 42 53 
84 53 16 
95 42 54 
96 19 61 
3 8 32 
87 91 100 
64 96 75 
82 60 36 
40 15 37 
73 94 56 
99 15 7 
4 45 83 
91 97 85 
20 96 79 
35 24 3 
63 22 36 
3 54 76 
28 95 33 
29 89 88 
80 19 82 
85 44 2 
85 50 82 
95 8 66 
53 36 8 
15 71 19 
93 59 22 
32 70 22 
54 80 83 
31 60 96 
64 16 25 
31 55 70 
74 28 95 
86 98 66 
49 89 93 
99 17 3 
71 23 5 
83 29 75 
39 44 76 
12 10 89 
68 24 1 
49 21 63 
38 52 73 
67 73 43 
18 15 3 
66 28 74 
40 6 46 
7 82 96 
63 38 26 
49 43 95 
45 81 34 
31 6 86 
57 63 17 
42 63 52 
14 18 99 
39 93 85 
73 54 49 
56 57 40 
64 77 7 
60 17 26 
22 100 21 
45 52 13 
17 36 79 
56 38 17 
96 82 14 
82 15 11 
25 96 43 
23 84 92 
63 18 83 
45 19 65 
97 60 1 
86 53 24 
64 52 73 
40 62 4 
91 51 52 
59 55 62 
50 19 66 
58 27 77 
74 95 47 
97 58 30 
22 72 56 
63 24 85 
11 48 57 
67 13 64 
24 38 49 
58 43 52 
54 61 64 
24 8 55 
9 44 58 
90 49 30 
56 62 9 
64 12 36 
19 98 2 
2 93 3 
19 95 39 
8 98 5 
3 61 54 
67 80 92 
63 85 58 
14 63 95 
61 29 15 
80 48 49 
94 55 90 
47 64 79 
42 95 78 
41 21 10 
35 62 53 
2 62 50 
98 5 99 
5 50 19 
66 46 85 
90 58 7 
68 23 53 
31 22 51 
66 40 90 
17 100 80 
49 5 34 
9 45 8 
11 78 70 
83 3 81 
20 16 84 
29 20 73 
77 71 73 
27 40 79 
97 79 99 
45 49 98 
72 13 19 
99 80 5 
52 88 36 
44 79 3 
57 2 37 
15 97 24 
68 69 26 
10 40 9 
27 75 41 
37 96 46 
53 62 28 
46 39 87 
6 37 62 
78 58 11 
88 24 75 
35 16 69 
34 32 89 
49 13 29 
28 14 93 
13 23 52 
35 94 6 
15 32 21 
91 41 75 
30 80 38 
4 91 19 
7 20 1 
47 94 46 
78 57 60 
36 39 11 
31 35 47 
50 38 82 
70 3 98 
66 65 61 
16 90 17 
75 72 93 
26 5 32 
80 11 50 
49 87 29 
80 71 34 
50 63 67 
89 2 74 
46 87 18 
73 37 91 
52 93 80 
8 94 32 
71 95 65 
6 88 1 
24 66 95 
6 69 26 
23 30 43 
61 1 5 
13 32 33 
34 74 56 
38 72 49 
90 41 53 
65 59 54 
38 34 28 
2 16 26 
41 4 58 
63 61 83 
7 36 37 
64 45 71 
61 50 89 
97 39 30 
96 23 97 
56 61 48 
12 65 57 
74 36 27 
20 7 86 
18 32 77 
36 65 48 
37 4 82 
73 3 42 
29 38 45 
84 88 70 
39 1 46 
47 29 37 
79 14 32 
39 49 90 
49 86 30 
2 33 27 
79 16 37 
74 92 5 
76 13 44 
37 32 27 
37 62 67 
5 57 84 
52 32 5 
30 68 19 
24 16 22 
37 28 42 
47 90 65 
80 65 71 
60 54 21 
70 52 15 
74 20 97 
28 1 29 
81 55 22 
97 50 22 
98 28 43 
79 34 69 
7 86 80 
40 60 6 
1 68 40 
17 43 83 
43 27 68 
54 43 66 
46 18 12 
97 85 53 
3 22 47 
7 1 21 
21 50 28 
22 76 25 
72 82 48 
52 24 56 
97 34 89 
90 71 37 
22 51 13 
35 47 58 
48 26 78 
24 92 67 
99 63 55 
27 11 100 
98 84 3 
4 18 49 
35 26 23 
96 33 59 
19 57 33 
93 64 20 
76 1 44 
29 42 99 
22 92 13 
65 64 52 
89 84 6 
8 31 66 
35 9 94 
33 58 5 
9 54 90 
53 51 55 
7 73 67 
58 88 85 
40 12 51 
68 46 66 
10 90 16 
97 29 84 
89 37 74 
17 32 7 
87 6 25 
71 81 35 
5 42 10 
31 64 52 
45 58 73 
61 27 22 
19 98 55 
10 21 47 
8 36 25 
13 76 7 
18 96 47 
2 9 46 
42 13 44 
15 36 33 
17 30 88 
52 77 49 
33 35 38 
53 49 62 
49 75 21 
91 43 35 
1 23 75 
74 5 24 
14 88 1 
82 56 24 
81 15 18 
23 96 17 
89 1 51 
36 78 34 
50 53 45 
45 28 34 
8 98 93 
93 71 99 
5 96 27 
14 5 23 
87 88 41 
89 48 81 
16 48 14 
17 6 92 
60 71 31 
83 46 17 
96 91 18 
28 94 46 
35 82 77 
88 11 37 
95 27 87 
72 34 78 
31 23 5 
57 100 45 
75 97 94 
78 53 96 
78 41 63 
88 68 19 
34 12 19 
53 56 8 
57 39 8 
12 93 82 
82 62 48 
45 95 49 
65 94 77 
100 22 95 
95 59 84 
14 78 84 
95 93 45 
61 26 60 
18 87 81 
85 56 84 
23 8 53 
6 2 22 
85 42 28 
35 94 30 
65 28 38 
69 9 86 
40 41 57 
90 74 68 
4 56 95 
83 87 24 
10 57 35 
89 81 72 
59 36 65 
9 96 44 
90 49 3 
16 8 89 
35 81 48 
77 44 95 
43 55 54 
99 88 6 
29 80 81 
3 91 66 
91 6 51 
59 18 3 
64 48 71 
2 18 41 
82 16 20 
94 59 50 
18 52 46 
54 6 38 
75 61 76 
32 54 22 
47 34 43 
70 92 71 
87 50 67 
4 18 68 
65 38 69 
63 35 16 
92 66 78 
7 5 42 
10 59 94 
19 68 35 
48 49 99 
33 85 70 
66 48 58 
40 48 58 
1 89 8 
43 51 96 
85 79 89 
76 56 44 
99 86 23 
54 62 59 
49 13 26 
29 33 99 
25 13 2 
46 74 60 
5 33 16 
90 76 40 
9 37 8 
33 15 60 
100 8 31 
76 17 61 
98 74 6 
31 70 20 
45 14 28 
24 5 93 
78 97 10 
100 64 21 
50 61 21 
36 67 75 
10 1 80 
62 37 36 
18 61 40 
76 74 96 
47 66 28 
15 81 30 
81 49 94 
24 48 22 
62 61 26 
43 62 48 
8 9 99 
70 9 54 
40 94 24 
88 89 93 
34 28 7 
11 39 56 
87 35 37 
36 90 66 
26 59 17 
41 72 87 
5 23 63 
100 18 30 
67 77 89 
17 36 33 
48 79 5 
99 7 3 
8 100 25 
50 22 79 
77 43 32 
57 83 14 
69 62 86 
89 76 46 
95 34 58 
22 96 75 
83 47 7 
17 56 96 
99 59 16 
43 89 85 
78 57 47 
59 88 29 
83 37 8 
1 57 76 
32 13 5 
14 55 54 
5 69 41 
32 89 95 
43 81 26 
5 70 59 
18 75 98 
30 45 98 
99 90 38 
28 98 65 
16 40 21 
85 18 43 
81 34 93 
10 90 88 
88 4 47 
43 72 18 
7 56 55 
66 71 55 
64 83 41 
84 25 75 
44 49 98 
92 18 82 
45 48 96 
26 52 59 
59 80 53 
6 97 5 
31 10 3 
81 52 23 
1 14 30 
100 93 53 
26 13 84 
92 91 57 
64 91 42 
37 92 25 
57 91 96 
2 29 38 
65 42 80 
66 69 37 
17 48 16 
39 47 73 
88 86 89 
54 78 70 
80 47 100 
79 100 75 
73 41 20 
24 8 46 
20 13 76 
69 49 93 
9 79 92 
71 73 11 
79 26 23 
35 27 80 
22 59 33 
19 87 55 
88 25 76 
68 12 62 
76 31 93 
18 13 3 
77 19 74 
48 52 90 
91 10 56 
68 91 34 
20 57 2 
53 50 79 
91 34 37 
16 33 19 
37 71 57 
12 63 58 
83 97 98 
74 47 22 
70 6 76 
2 6 12 
35 19 39 
96 30 87 
20 54 76 
51 42 87 
14 40 9 
98 5 50 
72 63 97 
87 100 75 
75 61 36 
74 73 50 
84 18 88 
36 97 13 
50 38 23 
66 87 96 
74 94 82 
44 50 80 
58 42 79 
20 91 63 
22 17 96 
50 33 35 
77 37 66 
7 74 19 
83 22 33 
30 38 56 
43 40 31 
3 48 71 
16 25 65 
3 51 39 
75 65 38 
26 42 8 
27 88 92 
3 6 94 
76 48 37 
31 10 20 
92 17 79 
68 92 17 
6 81 49 
81 74 10 
83 47 33 
81 79 25 
17 94 37 
71 39 10 
10 14 94 
71 1 89 
64 62 58 
81 2 13 
29 48 83 
1 54 95 
47 36 65 
51 22 86 
29 80 98 
68 49 46 
20 23 18 
42 24 87 
43 48 38 
62 97 22 
67 3 19 
28 48 19 
6 98 28 
8 42 24 
54 51 35 
89 15 76 
15 14 1 
9 85 1 
83 13 100 
20 37 79 
4 8 61 
23 82 1 
82 56 48 
55 14 6 
64 17 2 
59 2 4 
14 48 85 
100 48 69 
43 61 16 
78 40 52 
32 23 97 
27 67 33 
49 1 3 
45 99 23 
86 15 55 
85 43 36 
9 87 47 
96 16 62 
79 12 14 
42 96 37 
96 30 84 
95 73 84 
96 25 58 
33 22 58 
82 93 50 
30 51 24 
29 28 26 
98 100 86 
17 99 75 
24 15 39 
38 34 66 
76 92 39 
99 15 23 
62 12 80 
70 91 46 
12 33 16 
30 64 48 
59 28 50 
5 57 17 
43 40 9 
8 78 48 
86 64 49 
74 19 34 
70 42 7 
47 58 82 
43 10 38 
9 36 21 
70 88 96 
4 55 26 
66 4 10 
28 81 37 
76 33 99 
25 64 58 
42 78 4 
66 78 57 
80 5 78 
95 11 16 
10 63 61 
19 81 92 
96 66 6 
92 87 65 
25 32 21 
99 87 80 
99 53 32 
74 43 69 
43 62 10 
44 60 13 
56 19 35 
21 100 8 
62 13 25 
54 65 67 
7 60 73 
83 41 16 
95 85 39 
99 52 16 
76 87 69 
17 58 37 
16 59 34 
10 5 47 
87 4 9 
26 38 65 
62 9 16 
65 17 25 
34 25 54 
94 89 34 
93 92 49 
23 67 79 
15 56 17 
36 88 97 
12 53 93 
63 32 25 
6 48 56 
78 67 100 
75 66 55 
23 48 93 
6 22 16 
26 81 68 
68 23 83 
70 59 98 
59 52 56 
34 85 11 
85 88 8 
20 1 44 
43 13 18 
68 65 33 
24 52 81 
27 100 76 
17 33 56 
16 52 70 
100 95 48 
80 46 44 
64 10 17 
75 10 97 
40 74 98 
3 62 41 
8 89 92 
36 47 73 
12 48 99 
52 69 66 
35 84 30 
95 91 13 
47 95 35 
65 64 39 
67 29 25 
14 29 74 
36 76 69 
71 25 24 
34 87 46 
58 35 48 
45 30 42 
88 79 27 
16 21 63 
31 57 8 
99 32 51 
13 28 22 
24 78 32 
20 47 91 
10 22 62 
87 36 29 
74 16 29 
23 92 9 
53 84 97 
7 3 8 
25 61 99 
49 10 84 
85 82 64 
33 85 18 
45 77 64 
95 73 99 
33 49 51 
55 4 74 
44 2 84 
94 64 86 
14 19 81 
28 22 55 
19 40 53 
86 10 6 
68 93 38 
93 66 22 
85 84 12 
36 76 38 
21 90 4 
74 95 43 
66 38 70 
46 70 66 
80 47 46 
6 22 24 
32 92 11 
44 64 4 
9 7 20 
63 44 73 
45 62 14 
6 22 3 
99 10 85 
37 23 41 
18 41 54 
67 19 11 
23 76 98 
64 20 31 
77 70 4 
47 70 74 
59 54 52 
20 32 87 
1 95 49 
59 97 70 
53 4 42 
55 64 21 
27 99 97 
57 45 49 
43 6 17 
33 69 75 
81 59 34 
10 14 24 
16 33 23 
90 15 50 
38 50 96 
43 40 17 
56 55 72 
83 94 66 
74 96 26 
72 15 70 
36 47 71 
72 98 92 
96 77 83 
15 90 65 
26 32 24 
26 84 35 
9 50 20 
14 63 52 
21 81 49 
21 66 48 
37 91 68 
60 77 45 
38 5 44 
19 95 41 
32 5 68 
7 99 70 
15 54 33 
17 42 7 
40 66 32 
40 41 98 
23 19 73 
35 7 24 
60 55 4 
46 60 67 
55 40 74 
62 92 77 
85 76 19 
65 91 21 
66 20 9 
33 26 81 
33 81 18 
19 48 5 
50 85 60 
100 21 93 
70 81 25 
13 16 68 
93 64 33 
74 3 42 
65 23 88 
2 64 53 
65 24 6 
43 39 99 
77 39 66 
29 76 84 
15 77 52 
59 39 52 
53 41 27 
72 78 40 
27 85 11 
94 57 95 
81 82 31 
63 77 8 
18 86 47 
94 58 53 
23 71 100 
37 55 78 
23 14 69 
63 81 72 
96 52 62 
90 32 39 
79 64 53 
29 20 54 
26 48 58 
18 53 1 
48 88 59 
71 19 49 
62 23 89 
97 88 82 
78 28 49 
73 76 90 
75 20 26 
57 44 46 
34 64 60 
58 57 38 
10 18 47 
44 63 5 
10 57 3 
49 2 75 
7 62 47 
21 1 33 
69 99 72 
12 50 90 
2 59 40 
86 47 93 
57 40 88 
7 27 60 
93 90 48 
57 12 52 
57 94 76 
68 45 55 
45 43 42 
2 60 31 
29 10 94 
99 12 29 
11 93 81 
41 34 66 
15 4 55 
29 61 97 
65 60 91 
28 65 93 
4 5 24 
35 78 76 
63 39 98 
31 54 18 
88 70 66 
76 90 96 
26 28 79 
52 3 77 
62 97 45 
15 90 88 
16 11 88 
24 37 21 
92 35 89 
15 68 48 
47 5 38 
50 15 53 
28 49 92 
48 49 92 
13 72 93 
85 83 55 
33 52 97 
29 33 74 
31 95 45 
56 26 45 
36 9 95 
43 64 40 
58 71 47 
70 83 46 
85 8 80 
44 99 75 
97 36 81 
20 39 85 
64 89 56 
14 48 73 
58 47 91 
82 88 68 
57 23 66 
55 87 25 
96 33 48 
41 86 47 
84 70 37 
28 26 42 
9 55 70 
26 65 75 
25 24 29 
84 79 58 
63 77 9 
55 56 31 
65 43 85 
51 42 49 
94 91 78 
35 37 52 
40 35 27 
72 6 20 
2 86 24 
16 17 18 
38 36 30 
14 37 45 
57 60 64 
27 78 3 
23 5 27 
29 6 94 
65 9 71 
53 44 28 
9 72 41 
42 29 72 
62 9 17 
1 39 25 
80 71 19 
15 49 90 
43 51 13 
36 54 57 
100 43 65 
18 81 45 
48 72 53 
24 7 46 
48 31 53 
66 17 2 
77 93 40 
6 56 16 
56 57 52 
81 17 58 
70 63 99 
77 44 29 
9 10 79 
49 64 35 
16 77 48 
6 66 42 
75 34 60 
79 43 3 
43 18 11 
62 26 14 
77 66 6 
25 13 32 
93 19 55 
18 55 45 
49 86 8 
14 72 100 
57 97 68 
51 77 48 
26 21 78 
46 18 66 
23 44 10 
64 21 5 
1 25 67 
29 58 31 
22 39 33 
47 41 5 
72 81 66 
62 27 15 
30 65 86 
72 39 9 
46 61 76 
48 2 3 
58 13 52 
26 25 39 
69 73 3 
63 1 12 
92 97 59 
31 18 23 
30 56 54 
10 55 80 
85 24 60 
62 35 27 
14 32 31 
2 55 50 
31 34 37 
90 47 31 
8 97 23 
36 97 28 
9 79 50 
64 78 66 
19 26 94 
11 67 52 
28 90 6 
12 54 57 
43 27 17 
69 98 64 
16 45 21 
1 96 43 
55 13 65 
19 98 5 
7 17 88 
89 49 53 
66 1 99 
16 15 57 
86 65 22 
75 95 65 
48 52 28 
1 97 66 
74 54 76 
19 80 32 
7 66 42 
46 49 45 
7 6 37 
85 31 84 
22 2 69 
87 39 74 
54 15 55 
91 79 11 
79 93 18 
18 84 47 
37 87 55 
91 43 46 
87 36 91 
97 10 49 
26 65 94 
79 56 82 
73 53 43 
14 22 15 
50 35 1 
81 55 15 
98 99 82 
2 96 6 
58 70 22 
77 93 17 
6 53 96 
15 24 26 
75 56 52 
54 61 75 
63 34 76 
77 14 99 
98 62 81 
74 75 73 
20 16 57 
1 36 99 
18 29 22 
54 40 21 
75 10 82 
63 66 77 
28 84 64 
75 32 76 
21 78 29 
71 25 86 
29 78 30 
51 15 72 
56 58 90 
66 8 70 
86 65 38 
92 37 81 
26 53 70 
9 16 30 
18 14 36 
41 89 71 
7 85 4 
81 14 100 
69 22 98 
25 24 3 
51 63 57 
95 41 99 
9 31 52 
81 79 46 
2 40 22 
70 52 23 
76 27 50 
68 1 85 
9 22 95 
30 22 78 
8 47 4 
85 43 26 
52 72 31 
77 35 19 
31 57 56 
83 73 12 
95 59 25 
25 37 1 
46 33 49 
39 100 54 
74 10 29 
20 16 23 
8 98 26 
79 20 94 
64 73 71 
21 33 31 
92 85 14 
47 1 32 
56 4 26 
54 44 30 
77 13 26 
7 24 61 
73 92 25 
95 48 96 
64 24 11 
66 23 32 
97 84 83 
83 2 93 
59 58 22 
17 63 49 
56 32 10 
30 92 65 
72 97 64 
11 34 100 
86 85 70 
65 37 92 
99 80 72 
64 70 94 
36 74 100 
92 43 50 
12 41 36 
24 46 28 
18 32 23 
18 42 38 
35 1 73 
17 22 66 
85 16 90 
97 68 79 
60 62 3 
5 23 67 
79 96 36 
69 65 80 
1 56 52 
32 78 20 
13 67 49 
77 17 45 
78 58 96 
51 49 86 
83 22 81 
76 77 98 
15 96 12 
3 16 38 
7 86 27 
53 49 74 
38 69 12 
1 96 17 
76 62 12 
52 57 93 
79 67 27 
27 85 67 
93 54 46 
32 58 22 
35 1 4 
24 86 69 
29 1 70 
98 76 50 
14 56 53 
8 85 68 
35 58 7 
43 37 48 
24 13 93 
69 18 58 
28 50 1 
90 40 51 
94 17 26 
21 97 23 
24 42 79 
63 18 2 
16 56 3 
1 30 62 
18 32 10 
61 60 4 
11 44 73 
19 44 57 
17 71 9 
91 98 85 
85 23 49 
50 9 38 
18 14 98 
25 76 13 
43 75 32 
13 28 31 
91 80 19 
52 64 55 
60 99 77 
74 22 24 
5 82 33 
77 73 43 
88 72 65 
40 72 90 
46 39 82 
5 92 8 
2 58 44 
21 8 56 
80 26 87 
13 55 21 
26 33 6 
6 70 63 
99 15 100 
33 55 84 
64 70 84 
45 16 93 
42 59 19 
79 11 66 
27 100 12 
10 84 21 
98 24 84 
66 33 15 
29 61 96 
46 41 79 
73 4 50 
40 27 30 
48 81 28 
38 68 31 
10 37 49 
30 48 88 
69 49 59 
4 93 11 
90 29 58 
87 3 74 
73 79 85 
38 87 85 
79 6 32 
25 78 20 
60 71 6 
58 70 100 
66 15 30 
63 90 39 
71 30 37 
45 52 89 
100 25 96 
4 16 31 
11 59 35 
47 67 43 
74 41 34 
77 73 14 
33 73 77 
58 47 89 
32 51 29 
27 93 31 
5 81 43 
9 10 55 
91 77 78 
70 44 51 
9 73 61 
80 76 78 
97 51 29 
70 58 96 
64 24 89 
47 15 63 
95 34 94 
38 54 58 
96 62 65 
33 59 12 
87 88 9 
49 82 32 
6 47 48 
87 47 90 
1 90 23 
13 12 56 
77 10 34 
92 49 38 
20 96 25 
37 27 86 
43 93 12 
53 35 100 
80 58 45 
81 32 59 
19 86 92 
2 41 79 
96 99 24 
11 47 57 
91 74 7 
7 39 5 
77 21 9 
53 71 64 
71 89 34 
9 96 19 
1 24 74 
70 62 73 
26 47 50 
28 58 16 
11 37 89 
63 2 90 
65 81 60 
9 29 26 
47 64 93 
69 85 28 
77 4 95 
74 83 92 
29 95 74 
44 8 94 
3 13 81 
46 95 27 
66 81 37 
63 83 65 
26 6 84 
17 16 58 
20 24 87 
61 58 32 
42 26 55 
75 69 42 
33 69 74 
51 8 20 
20 30 45 
45 99 76 
18 83 15 
79 12 13 
31 11 55 
69 85 66 
48 75 39 
88 48 37 
22 53 12 
31 16 18 
41 38 52 
21 46 3 
86 90 17 
96 97 47 
69 25 97 
100 70 3 
85 39 45 
75 26 100 
45 54 59 
45 90 60 
66 62 99 
62 17 73 
42 50 91 
85 79 40 
30 81 40 
83 34 27 
93 28 48 
45 80 13 
12 80 9 
88 77 8 
38 29 78 
75 10 68 
94 15 58 
50 57 58 
67 76 29 
40 94 51 
63 62 49 
16 90 86 
85 75 53 
45 33 41 
36 34 68 
51 17 60 
13 53 5 
96 66 3 
16 25 41 
82 88 49 
15 74 1 
26 25 28 
67 89 50 
14 31 49 
81 93 44 
62 80 40 
32 91 65 
59 57 13 
57 38 24 
56 74 38 
41 67 3 
73 47 5 
79 93 50 
8 27 25 
43 59 39 
18 50 11 
39 89 71 
33 50 1 
74 78 71 
4 46 47 
45 6 26 
60 64 15 
79 59 68 
28 98 69 
44 25 99 
39 84 25 
54 26 66 
68 19 97 
98 74 48 
96 56 38 
93 4 56 
97 23 79 
18 65 93 
2 67 53 
80 25 72 
49 68 31 
100 95 88 
100 39 33 
48 30 86 
62 43 77 
82 3 11 
17 82 77 
54 46 34 
10 57 26 
51 72 9 
53 6 35 
9 95 41 
67 63 68 
7 6 20 
64 69 19 
12 32 98 
45 93 8 
49 16 4 
43 6 75 
97 99 29 
6 33 41 
67 18 89 
58 18 77 
58 83 92 
68 8 69 
81 43 78 
94 16 53 
16 73 70 
46 2 6 
46 24 79 
93 27 49 
29 99 69 
74 21 72 
65 60 37 
4 51 40 
4 26 65 
63 71 29 
96 86 63 
8 45 4 
31 25 27 
75 60 26 
29 1 33 
47 16 13 
98 18 43 
61 89 54 
96 90 72 
27 4 68 
47 66 35 
84 78 32 
82 6 15 
47 35 4 
45 80 69 
34 15 75 
25 56 69 
26 20 44 
35 2 94 
82 87 22 
18 39 63 
16 30 47 
61 3 21 
30 62 67 
20 37 90 
52 3 1 
74 41 99 
42 13 60 
94 18 68 
99 55 31 
87 39 76 
70 9 53 
98 35 84 
64 88 31 
31 69 16 
85 33 50 
47 68 6 
17 14 19 
48 47 32 
38 21 30 
47 11 72 
84 80 54 
47 9 75 
95 66 12 
25 59 29 
57 88 30 
66 27 8 
23 36 65 
12 37 1 
10 31 49 
8 19 78 
23 55 36 
99 44 79 
25 62 78 
30 25 2 
2 80 59 
27 5 33 
43 21 40 
47 2 26 
3 52 84 
43 40 52 
89 74 27 
30 55 3 
1 67 40 
41 64 44 
24 81 71 
9 88 93 
23 12 97 
93 62 63 
19 46 40 
74 31 95 
60 50 55 
5 62 45 
89 25 48 
56 39 35 
79 69 35 
28 1 69 
2 57 25 
87 60 38 
70 28 54 
41 67 36 
11 40 70 
35 10 15 
36 96 72 
11 57 93 
25 56 18 
70 18 53 
45 35 41 
81 55 60 
77 95 33 
89 59 80 
45 38 35 
43 48 33 
32 78 31 
41 22 84 
77 96 37 
44 94 20 
84 72 29 
25 85 21 
12 50 83 
4 57 34 
68 37 67 
2 24 47 
81 74 52 
33 25 90 
78 64 15 
64 21 18 
42 38 94 
7 20 16 
26 96 20 
43 30 14 
49 47 53 
79 1 11 
41 1 22 
37 27 61 
64 35 99 
97 77 99 
68 93 1 
29 92 20 
49 25 84 
85 70 82 
67 64 68 
2 8 55 
78 81 96 
20 22 99 
22 7 44 
83 74 59 
10 35 34 
10 11 73 
93 64 53 
37 64 75 
25 86 34 
5 42 31 
65 41 2 
58 9 50 
62 17 23 
48 16 62 
76 41 43 
32 16 50 
73 28 56 
97 22 87 
66 6 16 
33 86 11 
40 88 67 
99 86 8 
86 89 5 
52 40 55 
27 39 38 
80 42 95 
14 19 16 
36 63 66 
17 52 57 
13 54 28 
49 84 95 
31 25 91 
66 89 32 
44 51 81 
17 73 30 
89 22 35 
93 71 25 
5 75 36 
94 99 23 
35 77 62 
80 27 55 
16 2 98 
29 60 21 
15 62 92 
61 19 9 
49 55 68 
25 42 35 
18 58 90 
57 82 98 
83 3 45 
73 85 25 
98 75 9 
63 39 32 
6 15 18 
85 28 48 
31 21 55 
47 77 60 
97 87 70 
99 39 100 
49 25 38 
99 63 29 
35 80 81 
17 92 37 
59 89 1 
63 71 43 
25 33 66 
65 78 85 
72 57 68 
11 14 65 
92 96 62 
87 26 66 
25 6 15 
49 87 44 
2 100 51 
26 100 53 
92 61 9 
84 43 52 
28 6 70 
91 41 12 
74 73 29 
59 6 58 
66 97 59 
54 43 39 
62 17 38 
35 17 51 
95 83 73 
90 2 76 
81 4 86 
68 15 4 
86 67 42 
86 60 98 
46 77 58 
39 61 37 
62 96 73 
85 46 14 
8 80 65 
21 45 10 
8 61 42 
63 36 38 
34 59 60 
16 48 7 
44 53 99 
100 3 69 
67 77 79 
93 91 11 
89 81 32 
74 96 9 
6 89 32 
11 29 71 
1 65 82 
31 58 59 
34 15 2 
39 58 90 
24 75 56 
25 4 90 
8 92 11 
83 38 35 
31 93 5 
47 30 25 
78 82 57 
44 82 10 
71 24 10 
32 92 21 
25 41 100 
80 94 69 
19 39 13 
22 68 86 
58 34 65 
78 51 34 
23 42 100 
14 67 49 
28 26 60 
3 96 78 
88 73 28 
87 28 71 
32 81 64 
74 5 45 
20 96 43 
68 29 52 
75 30 4 
34 28 6 
54 33 62 
23 24 99 
8 65 75 
72 94 33 
79 82 35 
97 31 46 
90 31 71 
83 49 77 
82 19 6 
65 21 81 
23 90 21 
8 87 59 
3 98 96 
8 36 43 
93 73 8 
52 20 26 
46 87 54 
53 91 63 
96 49 83 
10 33 14 
20 95 74 
91 12 78 
3 10 52 
25 86 19 
4 68 88 
8 65 55 
13 44 40 
14 88 65 
89 81 57 
48 99 64 
31 76 23 
16 36 63 
36 60 21 
9 76 41 
21 90 6 
18 29 64 
38 34 84 
72 86 48 
71 46 13 
83 42 23 
89 40 22 
44 10 2 
69 55 83 
30 32 49 
8 24 47 
77 50 97 
19 79 52 
27 47 50 
35 2 80 
54 46 71 
4 78 69 
50 39 33 
93 24 90 
79 73 57 
43 60 22 
26 59 23 
8 100 77 
55 38 56 
37 13 42 
16 23 87 
34 10 22 
12 7 33 
95 8 3 
75 82 31 
87 1 27 
15 75 81 
11 43 73 
23 35 49 
84 46 71 
59 55 33 
62 1 23 
66 19 31 
21 64 72 
3 79 88 
13 80 3 
75 63 57 
50 100 55 
40 7 46 
11 99 78 
59 47 23 
51 64 26 
39 42 38 
11 4 22 
36 93 22 
10 9 88 
22 4 91 
29 92 14 
95 88 90 
86 66 50 
67 21 24 
79 97 94 
57 40 25 
16 84 27 
93 99 61 
73 59 3 
96 45 64 
62 42 77 
67 47 62 
35 13 85 
65 4 97 
50 17 49 
52 66 72 
98 32 46 
20 45 53 
99 39 51 
37 19 85 
33 19 54 
57 38 72 
34 56 93 
8 28 38 
13 82 74 
81 67 74 
78 4 56 
95 93 76 
2 40 83 
36 98 85 
81 54 1 
99 47 43 
53 1 56 
95 38 89 
46 75 17 
97 63 79 
8 12 86 
31 44 50 
85 12 93 
37 47 85 
8 30 88 
51 52 54 
12 15 95 
98 53 46 
22 31 87 
61 8 63 
75 1 7 
46 6 94 
54 61 57 
36 17 86 
65 63 35 
33 17 92 
20 98 13 
86 60 59 
80 56 77 
12 88 7 
4 33 64 
8 30 52 
84 78 63 
96 85 19 
10 85 64 
16 47 90 
33 74 65 
22 6 78 
56 43 100 
68 60 99 
39 60 41 
79 74 82 
44 78 5 
8 55 94 
62 17 3 
67 97 58 
41 13 20 
9 85 63 
56 4 32 
80 82 72 
90 49 53 
28 39 36 
72 38 97 
7 36 30 
99 88 34 
66 63 35 
64 53 84 
58 50 30 
70 47 90 
95 72 87 
22 44 10 
55 63 16 
30 22 55 
34 2 17 
89 45 22 
60 80 24 
70 34 39 
61 7 29 
74 6 95 
24 19 89 
10 54 27 
48 16 86 
94 58 26 
64 39 91 
23 98 55 
19 10 58 
56 55 61 
64 7 10 
7 32 30 
61 57 59 
21 19 85 
25 58 78 
22 39 13 
50 70 68 
67 57 96 
74 90 93 
49 51 58 
12 28 38 
11 86 77 
86 6 5 
45 100 60 
75 61 5 
46 14 16 
62 80 26 
49 60 6 
97 86 58 
30 26 13 
15 6 80 
65 13 80 
78 20 64 
36 70 18 
64 85 41 
67 9 25 
57 39 11 
9 51 57 
54 47 36 
64 31 23 
47 36 100 
23 89 64 
81 25 60 
61 4 10 
89 51 3 
88 20 12 
9 58 78 
85 84 87 
19 6 100 
56 9 39 
88 28 72 
47 24 40 
58 78 97 
17 41 50 
19 95 45 
61 77 90 
8 92 33 
24 63 45 
75 62 55 
22 73 39 
69 92 44 
68 34 80 
28 22 90 
9 70 87 
59 10 83 
96 25 97 
17 8 15 
23 58 14 
31 37 77 
78 3 49 
55 6 13 
10 76 5 
40 26 16 
43 28 44 
57 2 51 
1 11 12 
30 13 59 
9 97 64 
62 26 88 
52 17 33 
97 17 79 
88 78 46 
85 88 17 
79 94 10 
77 12 72 
83 28 39 
71 45 67 
83 3 73 
92 21 85 
52 22 15 
50 47 52 
79 100 44 
53 67 6 
17 78 75 
45 65 29 
63 47 62 
30 81 39 
35 32 54 
50 52 78 
30 29 59 
26 82 34 
79 86 44 
89 91 72 
88 37 71 
99 78 18 
47 80 91 
58 45 16 
4 86 50 
33 2 92 
44 75 17 
39 73 62 
62 3 12 
86 34 55 
24 85 65 
24 22 1 
93 12 50 
67 92 11 
70 76 21 
19 16 29 
76 60 38 
23 32 49 
36 71 88 
4 90 12 
56 27 77 
21 70 37 
64 85 20 
52 97 64 
13 67 38 
48 51 80 
71 10 27 
77 2 22 
90 97 40 
89 53 38 
17 7 80 
53 10 44 
23 92 24 
78 38 93 
27 46 25 
68 22 96 
23 93 2 
81 56 43 
98 77 6 
8 30 34 
69 80 44 
96 80 17 
2 74 83 
50 9 62 
40 77 79 
17 51 22 
24 70 32 
66 73 87 
44 62 25 
63 37 90 
5 97 3 
5 97 33 
27 5 36 
33 38 65 
5 47 3 
24 35 79 
66 5 4 
18 58 81 
62 89 28 
90 2 74 
30 86 24 
32 22 82 
31 59 25 
1 70 66 
33 11 39 
50 47 38 
51 1 47 
72 94 49 
30 68 33 
93 50 38 
44 54 86 
46 96 66 
33 30 60 
88 32 43 
24 51 39 
49 95 100 
54 70 94 
42 76 84 
32 69 27 
82 100 11 
27 23 81 
89 40 39 
64 98 59 
60 96 72 
10 31 52 
91 53 31 
63 3 38 
77 37 86 
31 3 48 
42 25 87 
72 68 86 
9 54 27 
91 48 16 
90 44 24 
52 79 91 
43 37 66 
1 88 15 
92 21 87 
59 55 63 
19 36 89 
82 67 26 
38 77 80 
35 18 4 
1 32 61 
22 82 76 
10 8 85 
25 41 88 
72 73 38 
78 2 21 
74 21 28 
41 5 78 
38 2 61 
20 2 44 
8 38 57 
73 82 68 
46 65 40 
15 90 94 
79 62 50 
70 73 55 
48 86 21 
80 55 86 
60 73 66 
29 19 50 
40 79 53 
43 2 78 
80 4 50 
57 97 92 
86 59 35 
52 34 5 
97 34 53 
6 79 54 
48 75 72 
19 88 61 
54 42 43 
24 33 14 
17 69 5 
58 88 99 
86 93 55 
86 87 64 
98 73 64 
67 4 25 
42 33 44 
99 62 11 
62 29 79 
69 17 62 
86 64 100 
89 11 44 
89 79 17 
97 47 30 
58 47 26 
4 100 48 
32 57 84 
93 95 100 
86 93 35 
22 10 54 
49 48 72 
81 46 60 
24 86 10 
69 47 40 
98 5 79 
94 61 32 
26 21 2 
65 80 56 
9 58 38 
95 86 89 
84 21 94 
56 98 49 
4 40 8 
85 80 31 
29 61 87 
17 65 55 
44 58 60 
41 11 95 
57 69 75 
72 23 67 
31 51 43 
60 74 33 
18 92 71 
33 42 2 
75 28 24 
78 13 3 
95 84 77 
30 90 18 
87 20 73 
20 70 59 
47 33 38 
72 35 85 
65 91 4 
70 36 53 
70 57 50 
5 34 37 
46 72 74 
60 100 83 
79 66 55 
97 8 87 
22 2 54 
17 4 40 
30 49 96 
41 88 94 
72 85 39 
22 55 58 
54 74 57 
50 34 12 
31 10 7 
86 29 66 
26 63 100 
66 35 61 
64 90 56 
95 54 47 
27 20 58 
68 66 30 
96 91 48 
65 38 17 
68 54 11 
38 89 61 
94 98 29 
59 36 53 
75 80 89 
37 55 27 
28 7 51 
31 17 22 
66 20 26 
68 9 56 
98 58 83 
17 32 1 
17 26 87 
37 91 58 
52 8 74 
73 85 43 
40 44 98 
72 66 65 
41 93 24 
92 47 12 
21 46 36 
10 58 81 
68 41 78 
4 53 17 
19 16 36 
65 23 8 
67 27 11 
51 7 12 
20 97 70 
72 17 28 
59 8 17 
95 8 1 
71 20 31 
84 74 100 
38 5 7 
71 75 44 
51 20 6 
80 2 76 
16 30 75 
16 11 15 
67 8 2 
17 64 95 
68 98 1 
95 47 64 
83 76 11 
95 82 97 
34 84 13 
38 55 85 
93 99 97 
68 3 23 
16 31 100 
94 99 96 
57 63 69 
3 100 7 
95 57 62 
92 48 5 
89 45 20 
29 93 24 
100 28 13 
54 46 61 
45 66 4 
55 71 52 
2 97 9 
85 80 9 
88 21 72 
65 30 19 
98 45 8 
95 59 5 
2 25 43 
93 56 9 
30 31 52 
1 79 81 
28 39 19 
25 50 91 
27 51 1 
50 41 49 
63 34 89 
51 63 22 
24 44 71 
37 38 89 
43 11 25 
91 11 42 
43 16 52 
38 25 42 
37 39 12 
30 33 10 
72 65 64 
34 19 59 
100 40 68 
49 61 26 
54 85 91 
97 23 89 
64 7 24 
67 100 79 
53 87 37 
27 37 83 
41 18 67 
91 24 79 
21 52 99 
81 86 60 
16 46 21 
12 32 61 
74 22 94 
2 30 43 
60 32 70 
23 73 22 
4 58 43 
82 84 17 
57 51 42 
5 97 14 
92 55 45 
45 34 10 
96 49 82 
58 46 4 
62 55 77 
72 34 36 
4 55 29 
63 9 83 
76 14 97 
97 44 43 
1 22 14 
82 35 72 
93 52 16 
10 73 20 
83 29 7 
86 51 62 
54 51 44 
27 30 63 
84 78 26 
55 71 77 
23 46 30 
88 37 78 
70 89 63 
9 47 73 
80 55 77 
2 36 50 
27 52 41 
91 39 33 
63 98 87 
49 34 72 
55 67 10 
2 34 43 
85 83 13 
79 1 12 
4 43 10 
64 92 3 
50 30 36 
30 9 46 
99 34 11 
84 77 53 
18 85 68 
18 68 43 
81 80 68 
75 7 32 
27 62 87 
45 73 74 
54 41 9 
4 8 67 
90 97 13 
67 59 20 
68 10 18 
86 40 64 
62 8 3 
40 46 37 
23 93 94 
1 55 98 
19 88 56 
63 40 61 
65 97 67 
18 93 10 
97 9 44 
67 83 24 
62 73 51 
38 2 1 
12 77 60 
30 71 56 
29 20 69 
85 44 6 
49 65 54 
14 47 5 
6 45 57 
19 10 45 
62 20 7 
30 36 47 
69 83 42 
1 89 21 
47 66 94 
67 83 98 
16 68 29 
92 88 42 
59 93 67 
90 46 47 
74 29 27 
2 40 87 
38 48 30 
5 98 91 
69 27 59 
2 18 49 
38 15 22 
38 26 15 
92 14 56 
14 50 8 
62 5 4 
84 53 38 
89 76 33 
39 68 29 
2 34 83 
100 83 88 
2 77 89 
100 72 27 
73 39 45 
18 83 71 
63 62 61 
100 92 38 
45 40 64 
20 29 18 
52 55 41 
90 74 65 
7 96 6 
80 36 76 
98 33 46 
24 83 55 
35 29 78 
32 69 8 
39 79 98 
95 75 91 
6 80 11 
44 85 95 
25 51 98 
61 35 1 
58 76 84 
9 24 52 
91 49 40 
73 14 99 
59 51 47 
5 71 54 
75 65 62 
30 44 23 
55 72 47 
79 63 75 
40 28 22 
98 73 27 
35 16 4 
86 67 24 
74 27 11 
43 11 38 
49 85 73 
15 49 85 
49 62 25 
22 40 13 
33 14 54 
20 69 71 
30 58 5 
66 27 64 
1 8 81 
98 45 5 
50 37 3 
80 71 47 
69 4 51 
44 26 94 
26 22 12 
1 62 59 
3 91 72 
12 92 33 
63 87 82 
41 52 25 
95 22 20 
25 1 28 
71 99 19 
34 28 70 
13 4 39 
29 81 36 
49 62 56 
46 5 68 
58 10 64 
45 66 68 
10 89 93 
4 39 24 
44 51 57 
82 59 55 
94 9 89 
79 82 11 
4 88 94 
26 60 82 
19 22 18 
17 76 3 
89 82 24 
4 12 49 
48 70 87 
27 75 91 
34 8 28 
33 77 65 
38 46 31 
25 41 74 
3 14 46 
16 91 69 
36 81 26 
98 82 77 
33 69 66 
22 66 45 
21 74 50 
48 78 73 
27 54 7 
52 28 94 
79 16 23 
49 75 50 
98 77 37 
26 44 27 
24 33 27 
19 51 30 
72 20 61 
24 20 10 
52 59 60 
2 74 81 
8 42 30 
69 3 54 
13 37 53 
29 36 4 
56 45 40 
100 61 66 
47 27 32 
99 83 13 
58 28 45 
32 17 35 
5 71 88 
19 85 63 
62 83 99 
15 87 97 
33 54 80 
35 48 1 
74 78 25 
70 69 75 
16 18 79 
35 9 58 
44 11 94 
14 70 13 
59 100 85 
83 62 78 
20 94 35 
60 74 89 
81 21 9 
1 84 65 
15 35 45 
84 15 71 
38 13 23 
8 26 41 
64 65 100 
93 66 29 
66 51 61 
2 14 18 
25 17 39 
71 33 96 
84 88 12 
61 85 62 
47 81 84 
47 13 66 
30 42 92 
62 84 22 
14 69 5 
71 13 81 
83 76 25 
24 58 78 
21 54 78 
23 22 50 
71 46 37 
18 79 83 
34 60 38 
92 44 8 
68 69 39 
72 10 4 
23 100 55 
71 10 35 
14 55 16 
24 54 98 
36 90 12 
19 43 47 
24 20 1 
83 71 82 
40 24 6 
66 62 58 
100 78 90 
26 81 41 
7 3 85 
42 87 81 
63 92 73 
48 33 75 
20 85 38 
20 42 45 
23 63 95 
38 36 31 
48 71 79 
59 50 6 
98 20 47 
24 91 10 
80 12 94 
58 54 20 
21 70 71 
21 39 3 
64 70 29 
29 10 33 
9 92 32 
66 70 58 
26 21 8 
62 33 37 
52 2 94 
23 20 27 
82 67 59 
37 33 84 
73 26 58 
21 60 81 
78 58 32 
28 61 47 
24 95 82 
86 89 38 
94 53 10 
14 5 98 
66 4 78 
14 66 40 
55 67 42 
45 61 27 
43 49 71 
67 20 13 
18 80 90 
65 50 92 
19 89 14 
89 49 73 
74 47 71 
29 57 86 
70 95 8 
47 64 43 
78 86 68 
53 64 43 
27 77 98 
39 48 17 
64 76 85 
38 90 94 
78 95 58 
27 97 15 
63 15 6 
57 38 50 
76 44 78 
3 69 65 
20 92 74 
20 22 1 
26 34 65 
51 9 19 
83 35 46 
65 8 35 
39 56 96 
17 98 22 
20 73 74 
22 57 95 
13 43 54 
66 62 48 
3 73 20 
85 84 67 
10 36 6 
40 9 84 
71 89 3 
6 44 25 
48 72 39 
83 2 29 
52 71 1 
24 62 53 
56 88 82 
20 29 75 
51 98 62 
71 30 36 
10 64 43 
25 7 20 
94 97 77 
40 89 65 
78 52 8 
41 75 74 
51 61 78 
56 86 77 
14 89 72 
34 68 20 
44 67 87 
71 43 1 
17 71 80 
6 43 1 
53 15 33 
66 97 62 
41 26 68 
96 6 50 
84 7 52 
1 4 3 
41 51 40 
59 53 87 
49 97 67 
91 79 23 
55 58 92 
96 65 2 
57 34 40 
18 1 57 
54 25 39 
86 98 48 
43 9 15 
24 5 44 
35 84 59 
75 99 22 
61 3 60 
15 48 44 
27 41 47 
48 81 40 
62 83 53 
64 74 39 
30 46 88 
42 41 80 
14 76 26 
35 66 68 
7 58 3 
80 1 73 
24 81 70 
43 35 3 
22 28 15 
12 68 79 
74 93 33 
26 19 42 
73 7 13 
43 11 60 
28 5 29 
12 87 55 
23 36 72 
90 8 42 
74 31 16 
22 91 10 
92 7 62 
90 53 20 
95 60 41 
7 97 15 
41 80 31 
44 36 59 
68 58 40 
28 5 90 
53 39 65 
42 25 94 
18 45 8 
25 97 23 
34 51 57 
27 23 80 
99 35 2 
39 44 36 
45 65 41 
48 63 53 
79 20 8 
64 88 34 
52 71 80 
37 70 14 
35 49 73 
41 3 68 
73 91 3 
49 34 9 
6 100 85 
49 58 80 
75 97 71 
99 22 79 
46 78 15 
53 66 94 
93 15 57 
26 82 16 
66 35 76 
37 66 45 
73 58 25 
34 72 41 
69 26 49 
25 17 54 
67 74 40 
42 100 86 
51 80 90 
95 60 2 
6 26 65 
94 16 28 
53 40 9 
1 40 89 
74 70 75 
72 100 74 
21 81 34 
82 37 87 
87 91 76 
24 80 22 
32 93 74 
17 14 16 
84 93 27 
6 9 52 
73 58 44 
24 85 11 
8 74 68 
51 21 56 
50 51 93 
22 82 31 
24 66 41 
40 16 39 
8 41 50 
66 37 89 
25 44 24 
77 72 9 
15 55 5 
18 63 94 
33 85 3 
52 66 34 
81 11 86 
30 17 58 
80 54 19 
31 84 41 
89 84 37 
55 100 19 
34 82 41 
93 97 96 
100 28 15 
87 71 40 
68 81 47 
70 38 47 
43 46 30 
56 66 8 
37 98 88 
41 29 82 
68 59 99 
75 96 46 
4 9 13 
35 83 86 
55 92 67 
53 6 100 
84 7 94 
73 69 78 
5 99 97 
29 47 88 
76 56 17 
78 62 39 
3 8 13 
13 65 51 
48 42 46 
69 56 21 
2 50 10 
5 87 52 
91 56 27 
29 51 14 
77 69 43 
58 70 57 
70 40 81 
4 75 90 
62 48 61 
36 87 59 
20 58 67 
77 2 13 
45 81 92 
42 44 14 
52 74 19 
10 57 99 
66 84 81 
74 96 8 
64 26 23 
76 96 94 
87 10 39 
10 1 98 
98 80 83 
66 62 70 
10 67 94 
98 40 45 
42 39 80 
47 19 17 
64 71 12 
66 92 8 
35 46 36 
15 43 47 
28 93 20 
67 28 22 
48 79 24 
11 6 91 
29 81 11 
67 68 58 
64 25 76 
64 14 92 
50 1 79 
26 81 97 
71 69 15 
71 92 24 
92 15 41 
13 55 27 
24 74 58 
58 13 49 
19 70 84 
28 59 8 
43 17 79 
47 95 17 
44 61 46 
61 29 100 
79 86 77 
50 42 25 
13 10 47 
69 96 27 
66 15 37 
94 20 27 
37 6 84 
1 70 12 
53 80 90 
19 64 44 
35 61 81 
43 59 4 
78 56 58 
84 86 97 
44 20 93 
29 17 92 
17 45 70 
78 12 60 
64 26 18 
80 32 86 
2 90 65 
30 13 85 
32 55 27 
16 62 55 
66 57 70 
17 15 74 
75 28 13 
2 97 15 
57 25 72 
27 46 14 
27 69 45 
27 13 29 
28 49 59 
36 5 51 
2 38 64 
53 39 79 
39 51 34 
83 7 50 
74 72 54 
75 68 42 
21 60 46 
72 61 65 
27 86 32 
18 73 80 
38 23 7 
49 29 8 
49 14 60 
88 7 91 
30 23 7 
79 32 100 
41 68 79 
56 63 19 
30 9 23 
4 53 92 
9 6 69 
46 64 16 
55 52 88 
100 34 1 
11 22 12 
61 2 25 
86 41 53 
42 3 55 
93 92 86 
32 80 6 
29 81 46 
13 69 72 
82 69 84 
36 82 40 
72 39 94 
27 97 35 
85 65 98 
26 86 94 
83 29 5 
80 45 78 
28 10 36 
26 2 28 
62 23 27 
49 40 66 
19 89 100 
85 76 79 
2 28 3 
26 25 42 
34 35 72 
86 61 93 
47 36 26 
58 61 95 
89 53 42 
17 31 66 
98 44 28 
11 27 40 
21 76 83 
57 71 9 
89 42 9 
36 26 73 
20 51 40 
84 73 42 
25 9 11 
53 44 12 
65 21 2 
22 80 20 
23 69 64 
92 22 47 
56 44 65 
43 41 39 
66 81 28 
68 62 17 
53 47 72 
19 84 96 
43 18 17 
37 25 36 
73 27 48 
53 71 3 
86 42 90 
44 99 9 
60 79 58 
31 92 39 
91 42 26 
80 40 72 
55 13 67 
20 88 87 
64 69 79 
59 33 83 
69 52 78 
67 83 58 
20 61 65 
68 38 66 
86 54 49 
53 95 75 
81 45 76 
34 13 2 
62 12 81 
15 1 92 
11 76 6 
7 49 71 
10 95 27 
28 25 92 
53 39 32 
34 31 58 
7 51 68 
11 60 51 
16 76 24 
28 7 70 
91 57 10 
3 15 34 
54 3 51 
39 22 55 
38 25 17 
7 50 28 
35 31 54 
12 73 23 
57 62 33 
40 58 42 
77 39 35 
98 44 34 
12 63 50 
5 95 81 
70 88 83 
19 10 56 
59 58 4 
95 15 96 
59 89 62 
89 12 58 
34 77 90 
88 20 10 
83 70 73 
69 78 63 
100 5 96 
95 60 82 
84 94 57 
95 91 40 
19 14 91 
14 53 95 
27 98 66 
31 44 22 
20 26 37 
100 96 88 
31 48 42 
6 27 35 
76 100 35 
84 13 2 
65 24 27 
17 97 29 
98 49 43 
41 32 10 
87 100 34 
5 81 72 
47 29 77 
47 56 85 
86 68 14 
75 76 41 
19 10 2 
17 21 81 
16 28 79 
49 20 40 
77 12 37 
74 2 95 
49 84 19 
43 66 24 
43 74 66 
83 78 75 
46 34 52 
31 68 27 
97 82 77 
51 46 44 
68 94 81 
3 7 77 
20 25 61 
83 69 76 
40 87 30 
99 5 1 
54 44 5 
65 14 3 
8 28 5 
99 1 88 
8 29 4 
33 86 42 
85 77 63 
12 67 77 
39 25 94 
43 47 97 
33 21 51 
17 45 74 
81 24 87 
1 76 39 
76 63 96 
65 98 9 
67 23 24 
54 85 70 
71 44 42 
97 28 87 
94 10 27 
43 62 78 
35 15 42 
1 16 52 
12 99 76 
94 51 58 
68 81 36 
92 61 49 
17 76 71 
4 85 23 
44 84 62 
98 56 100 
5 97 67 
90 8 50 
81 55 1 
63 93 80 
58 27 71 
88 21 10 
79 82 37 
2 91 63 
83 51 15 
45 50 73 
92 80 66 
16 63 44 
70 93 3 
47 27 45 
79 94 57 
42 89 59 
11 23 4 
60 83 62 
34 54 26 
46 59 2 
28 62 93 
12 96 10 
14 21 62 
62 73 10 
69 15 63 
29 84 99 
54 66 34 
26 82 83 
14 77 98 
37 33 80 
44 4 99 
32 91 7 
36 83 96 
99 57 28 
15 71 3 
40 77 53 
34 73 84 
89 51 41 
70 86 25 
58 59 78 
37 82 12 
26 18 95 
97 10 81 
82 14 11 
98 79 21 
96 85 44 
5 32 43 
77 76 5 
7 74 93 
36 44 18 
37 11 59 
13 20 12 
32 94 42 
93 63 98 
1 11 25 
59 54 70 
56 77 38 
75 86 15 
85 62 84 
17 76 85 
84 100 67 
26 72 53 
98 84 32 
64 4 15 
95 11 87 
31 6 35 
85 78 41 
20 4 29 
62 17 30 
79 59 71 
71 91 16 
39 71 50 
76 46 50 
83 75 48 
30 81 7 
97 88 45 
50 5 41 
88 21 16 
81 72 78 
27 78 18 
96 79 81 
42 14 78 
49 21 86 
32 78 8 
67 18 71 
50 42 26 
70 86 54 
87 71 31 
72 15 86 
41 72 58 
9 62 87 
62 98 29 
50 53 76 
41 31 6 
25 78 48 
2 93 21 
