1000
100000
81 84 42 
45 30 77 
77 40 79 
81 61 40 
74 53 84 
66 2 15 
86 41 34 
32 36 33 
14 62 21 
1 67 51 
50 85 82 
1 23 64 
79 15 59 
33 21 14 
71 45 67 
22 8 35 
12 85 15 
68 40 72 
83 38 9 
60 67 81 
7 78 43 
58 32 78 
56 4 78 
23 10 26 
77 74 55 
75 44 24 
26 44 49 
43 81 26 
2 66 60 
46 7 47 
54 40 59 
1 76 44 
3 7 84 
9 10 2 
52 28 11 
3 19 40 
57 25 72 
31 22 51 
52 64 16 
22 8 19 
10 8 85 
47 81 12 
70 25 17 
50 75 77 
68 83 51 
81 22 61 
10 28 21 
41 56 70 
67 18 23 
28 34 38 
47 78 25 
20 6 7 
65 54 59 
75 36 61 
46 11 16 
70 60 23 
1 7 75 
21 8 13 
79 36 58 
70 77 33 
57 11 5 
68 72 66 
84 50 32 
55 72 21 
11 84 82 
27 25 54 
46 68 76 
60 67 48 
61 73 82 
25 4 27 
52 39 49 
78 74 6 
17 7 80 
14 76 36 
14 42 3 
11 15 45 
59 29 30 
2 1 7 
7 60 73 
70 6 64 
34 19 74 
86 30 37 
62 82 43 
20 42 59 
76 79 75 
48 44 11 
70 66 46 
77 85 63 
14 28 33 
18 81 45 
64 12 15 
45 47 70 
3 15 19 
7 25 46 
55 22 81 
16 79 61 
36 9 57 
63 36 51 
15 33 75 
41 32 2 
7 51 12 
43 74 69 
41 60 73 
11 66 64 
77 26 21 
60 57 5 
70 36 18 
4 15 64 
67 83 58 
11 83 58 
72 49 38 
13 48 22 
70 66 16 
46 44 51 
45 14 28 
9 81 21 
45 18 35 
19 29 1 
82 9 4 
25 75 62 
13 48 6 
21 12 57 
33 14 69 
64 66 4 
60 67 46 
54 43 66 
7 62 23 
56 79 82 
69 84 21 
34 42 15 
68 79 26 
6 54 2 
42 12 77 
85 47 63 
46 33 50 
79 20 49 
70 38 66 
39 34 5 
82 20 77 
72 6 20 
12 48 8 
59 72 12 
65 64 46 
40 10 9 
32 9 47 
85 67 27 
83 23 42 
32 81 50 
11 16 15 
13 48 52 
58 52 26 
57 55 66 
61 59 14 
28 1 54 
73 48 27 
55 6 49 
61 40 45 
15 12 63 
39 33 22 
42 73 3 
72 20 79 
28 2 64 
46 27 80 
50 11 78 
64 21 5 
7 28 70 
53 59 3 
44 50 3 
22 15 71 
78 39 8 
65 39 29 
80 22 51 
72 35 34 
80 64 13 
1 17 9 
17 81 21 
50 59 3 
31 69 82 
41 12 3 
66 83 61 
85 20 38 
21 49 53 
8 28 24 
84 14 27 
68 75 42 
14 51 29 
65 41 6 
56 57 39 
41 81 82 
27 28 20 
65 8 55 
77 80 55 
71 9 65 
48 84 70 
9 57 51 
77 43 73 
10 21 50 
44 49 80 
34 31 12 
10 54 22 
10 47 4 
40 60 4 
43 78 62 
65 42 62 
45 22 60 
35 44 56 
14 34 40 
66 78 64 
13 25 32 
59 14 42 
24 22 1 
47 32 66 
17 43 27 
34 51 31 
9 46 84 
57 62 71 
30 22 55 
31 62 14 
35 38 83 
20 25 78 
30 77 37 
54 71 5 
32 84 76 
4 5 24 
3 72 67 
65 33 52 
47 62 7 
75 45 60 
24 51 39 
13 4 42 
26 6 7 
78 65 85 
69 8 74 
4 15 25 
38 76 13 
48 51 36 
80 54 11 
45 23 44 
14 23 69 
17 65 70 
26 60 61 
11 24 64 
16 48 7 
12 36 56 
55 81 15 
70 58 66 
61 13 40 
20 11 12 
28 48 53 
55 83 24 
58 13 52 
81 18 63 
35 25 42 
7 27 21 
35 47 4 
11 3 51 
6 59 68 
41 24 62 
70 32 19 
40 73 16 
62 43 77 
39 20 16 
8 37 24 
68 7 84 
30 77 51 
72 1 16 
22 62 10 
33 42 44 
40 43 21 
34 71 80 
68 4 42 
8 74 68 
16 21 40 
36 62 76 
33 12 32 
14 62 36 
40 62 80 
39 35 76 
55 1 81 
25 16 65 
13 80 29 
11 62 37 
43 11 73 
63 32 39 
32 57 84 
79 12 3 
77 53 84 
49 23 32 
18 83 63 
65 38 33 
76 52 69 
6 66 42 
9 42 30 
21 68 18 
20 86 7 
54 74 72 
34 46 27 
45 17 74 
85 59 56 
5 20 26 
40 48 58 
65 56 44 
65 30 21 
34 48 5 
50 19 5 
76 40 69 
64 83 45 
68 67 63 
65 72 61 
20 15 17 
25 27 8 
10 44 18 
60 15 64 
75 16 30 
80 67 44 
36 55 80 
8 27 32 
59 26 10 
45 41 33 
83 22 84 
3 15 26 
67 12 77 
32 54 22 
36 41 65 
66 7 9 
31 24 21 
65 23 47 
62 84 44 
53 59 80 
40 15 37 
22 51 8 
27 14 86 
2 75 63 
72 52 54 
23 13 26 
79 32 84 
24 64 37 
31 23 73 
33 74 34 
42 12 50 
70 76 82 
5 42 24 
66 84 81 
33 31 9 
4 10 61 
34 64 25 
64 39 74 
65 16 35 
76 37 72 
4 50 43 
65 35 17 
11 38 85 
3 50 37 
61 60 3 
53 78 47 
82 73 68 
63 30 41 
85 42 52 
49 60 10 
30 67 85 
59 30 32 
36 64 9 
30 71 41 
72 47 11 
6 37 7 
16 81 43 
80 47 8 
64 25 6 
30 81 15 
26 2 28 
27 74 51 
49 25 62 
26 81 2 
28 60 53 
16 30 2 
62 21 66 
57 72 26 
33 18 9 
53 62 34 
68 7 51 
55 17 53 
44 64 19 
12 86 8 
39 11 33 
10 12 24 
12 58 1 
79 46 85 
11 28 12 
83 33 22 
32 17 7 
24 18 15 
81 71 41 
74 24 1 
60 84 34 
3 38 63 
75 48 33 
15 72 70 
84 38 33 
63 62 49 
72 34 78 
28 5 29 
3 52 1 
44 42 5 
16 69 56 
58 9 38 
21 14 13 
58 78 11 
8 83 72 
20 30 45 
69 41 72 
32 10 17 
68 16 30 
49 69 2 
69 72 68 
42 40 77 
51 57 17 
13 60 42 
27 35 6 
82 85 31 
46 78 15 
26 19 69 
4 86 21 
39 37 12 
65 49 46 
45 57 6 
58 81 18 
50 20 25 
1 74 78 
26 29 28 
3 59 73 
45 54 43 
86 40 46 
63 72 18 
42 75 69 
45 3 81 
86 49 21 
44 54 19 
44 78 42 
66 69 11 
10 73 20 
50 17 35 
35 11 60 
18 47 23 
73 70 62 
16 5 71 
68 10 35 
27 15 62 
21 18 65 
45 47 27 
72 12 31 
48 51 80 
7 57 68 
22 43 61 
70 85 1 
16 46 49 
8 21 56 
47 60 27 
7 35 45 
65 45 14 
51 78 53 
6 7 78 
61 53 55 
33 47 10 
10 5 76 
60 45 77 
85 12 33 
37 81 28 
57 75 63 
23 14 58 
57 71 9 
37 13 42 
42 82 26 
52 1 71 
31 80 41 
85 66 13 
4 36 5 
44 39 8 
68 39 29 
42 81 38 
22 15 27 
59 45 8 
56 45 26 
19 45 79 
50 82 38 
27 12 28 
11 73 34 
73 17 62 
7 42 70 
18 11 16 
31 16 18 
69 14 72 
85 28 48 
25 74 78 
34 38 53 
39 19 31 
39 76 1 
33 84 73 
71 63 26 
85 35 33 
7 17 66 
64 77 15 
15 1 51 
61 44 46 
70 51 44 
74 28 24 
40 60 53 
26 15 20 
3 12 7 
23 13 11 
3 76 17 
23 70 82 
70 79 82 
5 86 6 
19 47 28 
9 47 58 
70 50 57 
1 9 62 
46 6 9 
30 74 40 
77 20 85 
11 1 12 
23 83 57 
70 24 31 
18 11 43 
78 36 34 
61 48 56 
13 58 18 
58 43 4 
5 23 67 
24 65 1 
59 58 77 
14 1 30 
85 42 28 
70 51 56 
2 11 20 
8 74 50 
7 15 2 
26 81 33 
48 27 47 
39 77 35 
34 78 50 
71 70 43 
61 36 62 
23 7 48 
21 19 5 
16 39 78 
73 38 67 
25 73 1 
3 14 41 
3 14 57 
35 71 39 
49 56 80 
82 79 74 
42 77 65 
66 23 1 
59 33 9 
8 77 32 
56 42 40 
73 85 49 
69 66 85 
64 67 47 
40 57 38 
32 3 8 
22 19 18 
47 78 44 
25 76 41 
75 35 17 
65 54 77 
81 76 45 
73 25 68 
73 83 70 
39 17 13 
41 25 78 
28 76 80 
25 28 26 
2 65 21 
39 42 27 
63 43 82 
24 7 57 
52 59 56 
23 66 32 
38 53 61 
70 46 9 
61 27 57 
4 67 8 
84 15 41 
75 23 52 
4 12 61 
66 72 81 
27 38 39 
16 82 63 
55 22 66 
26 22 54 
23 82 1 
83 20 5 
22 60 68 
40 4 41 
56 31 57 
17 38 56 
19 57 33 
51 57 4 
67 19 3 
65 62 56 
26 5 3 
14 32 79 
2 17 14 
66 78 57 
28 59 49 
63 83 64 
47 83 33 
42 74 67 
50 57 58 
40 19 69 
41 6 8 
27 29 72 
80 68 4 
27 57 29 
68 40 60 
47 76 24 
60 46 81 
34 22 71 
81 71 35 
25 36 10 
77 75 15 
55 26 66 
41 67 36 
32 39 53 
41 51 40 
21 65 81 
59 22 35 
8 11 25 
85 43 26 
80 5 71 
28 60 26 
65 19 55 
36 57 54 
2 63 6 
31 7 22 
67 43 83 
51 54 3 
46 22 5 
76 67 16 
10 34 45 
45 43 10 
20 71 31 
31 59 65 
16 13 68 
2 80 43 
4 46 34 
9 10 79 
27 66 12 
4 66 29 
12 54 46 
75 4 32 
47 50 42 
32 67 6 
77 38 80 
35 59 84 
13 9 27 
30 54 9 
70 10 44 
80 8 65 
66 74 20 
83 15 18 
63 51 49 
80 47 71 
51 76 81 
68 54 11 
45 33 30 
66 14 21 
24 56 75 
19 17 12 
66 70 62 
24 13 55 
61 62 48 
34 7 29 
48 69 7 
39 71 16 
24 70 81 
24 15 1 
1 73 76 
32 62 46 
67 75 7 
52 53 58 
44 4 64 
8 19 25 
45 12 37 
52 62 50 
80 62 12 
16 49 70 
45 52 68 
38 72 57 
68 38 74 
56 5 44 
63 22 37 
33 26 30 
36 69 18 
21 5 73 
74 25 21 
6 73 25 
53 62 28 
5 27 75 
78 36 74 
71 15 78 
51 33 66 
22 29 9 
75 83 29 
45 38 57 
25 3 24 
74 83 59 
72 29 42 
55 10 44 
45 24 71 
78 76 80 
37 71 46 
5 69 82 
77 22 29 
74 84 39 
11 82 15 
19 8 76 
29 58 75 
17 69 49 
67 75 58 
29 13 54 
62 75 61 
56 4 26 
84 58 20 
13 28 31 
73 72 64 
31 74 33 
74 75 70 
13 44 17 
32 25 16 
29 11 48 
6 5 42 
41 64 44 
67 8 77 
68 50 85 
17 77 56 
22 15 16 
22 16 18 
44 36 39 
82 73 52 
5 14 8 
72 25 2 
56 25 74 
85 36 42 
4 9 7 
73 58 45 
85 14 48 
75 34 15 
28 16 62 
55 46 14 
14 61 63 
81 85 80 
62 14 2 
80 50 4 
62 75 13 
23 21 17 
29 51 32 
68 18 43 
11 31 77 
52 42 38 
81 69 14 
44 27 46 
59 19 82 
67 9 25 
82 62 76 
7 4 47 
48 51 30 
49 51 36 
17 67 13 
46 84 71 
72 23 36 
70 6 28 
15 13 17 
12 30 65 
18 14 2 
40 2 22 
63 49 17 
4 17 3 
20 58 12 
18 45 55 
14 86 15 
49 52 61 
6 12 26 
52 51 37 
47 66 24 
9 16 23 
53 14 13 
59 19 35 
22 43 68 
65 37 75 
27 71 23 
48 41 74 
20 59 56 
39 25 17 
42 25 82 
43 2 78 
6 58 15 
1 11 25 
12 4 17 
72 36 52 
75 61 54 
79 1 50 
33 22 27 
48 30 38 
85 51 7 
29 67 66 
85 37 19 
85 50 17 
63 8 47 
79 60 58 
63 82 67 
26 15 38 
33 25 28 
39 2 20 
65 84 1 
54 46 66 
20 37 26 
15 38 22 
12 15 20 
41 17 64 
16 55 12 
33 48 80 
79 25 13 
43 64 23 
75 56 52 
22 71 17 
58 41 52 
70 37 21 
61 67 41 
72 19 35 
21 47 20 
75 4 34 
52 81 23 
44 41 46 
23 8 2 
62 25 78 
43 71 55 
35 23 74 
32 16 43 
75 61 9 
45 38 26 
53 48 49 
63 28 4 
1 62 30 
75 39 3 
74 45 73 
33 75 74 
29 51 26 
42 7 54 
26 13 11 
4 62 34 
38 50 47 
2 27 33 
19 15 71 
29 71 56 
37 66 15 
3 78 49 
70 47 30 
15 29 77 
7 28 34 
2 9 40 
34 4 57 
83 2 34 
75 45 39 
63 22 69 
76 48 25 
5 75 62 
3 4 1 
27 25 58 
61 66 51 
7 4 85 
14 78 56 
31 69 16 
74 73 8 
6 60 39 
48 41 19 
52 64 55 
27 43 28 
10 83 47 
61 4 71 
22 60 43 
57 59 13 
80 55 10 
65 47 36 
64 12 20 
54 32 57 
71 43 79 
11 41 37 
64 19 10 
34 15 1 
18 23 31 
70 74 42 
6 78 69 
83 16 39 
53 17 29 
52 29 66 
65 26 38 
37 54 11 
63 83 11 
8 6 60 
76 72 38 
72 26 18 
68 62 17 
75 28 43 
36 67 81 
70 45 17 
32 13 5 
52 35 48 
25 65 28 
17 62 5 
56 31 40 
24 18 20 
78 85 8 
75 29 51 
38 51 32 
55 20 52 
5 13 53 
52 17 51 
41 66 2 
52 51 28 
31 22 12 
61 77 66 
26 10 7 
14 62 50 
66 51 78 
11 65 14 
19 11 37 
49 57 45 
24 68 80 
20 81 29 
74 80 81 
8 54 49 
32 26 37 
79 52 48 
62 11 14 
12 82 37 
24 66 41 
75 37 40 
31 21 6 
79 9 50 
10 6 86 
19 80 82 
45 82 17 
37 33 62 
15 48 30 
81 80 35 
80 57 10 
45 48 68 
71 78 14 
78 9 32 
58 24 78 
60 29 67 
33 35 38 
75 55 58 
34 35 8 
78 19 8 
36 27 74 
34 4 73 
46 24 15 
13 47 6 
4 35 33 
24 5 65 
78 73 46 
45 28 34 
21 36 9 
42 33 77 
61 63 68 
47 82 54 
21 3 7 
70 59 12 
41 54 24 
56 32 81 
66 37 77 
25 2 43 
80 32 73 
41 80 43 
76 3 54 
7 52 61 
73 51 36 
28 78 49 
64 6 19 
26 82 61 
6 37 84 
31 30 64 
10 11 39 
39 16 64 
73 23 55 
68 35 66 
78 21 2 
8 85 5 
16 41 83 
47 41 74 
23 13 38 
29 85 72 
27 58 24 
25 69 71 
12 20 67 
