1000
100000
14 59 42 
18 11 16 
28 5 29 
85 38 11 
63 68 61 
68 45 48 
81 22 55 
12 4 17 
17 25 39 
28 59 49 
5 73 21 
71 79 43 
33 9 31 
63 49 51 
41 81 82 
15 11 82 
85 8 5 
83 5 20 
6 37 7 
17 35 65 
18 11 43 
78 51 66 
21 62 14 
81 18 63 
57 84 32 
26 29 28 
10 47 4 
82 61 73 
70 36 18 
73 34 11 
86 8 12 
71 43 55 
43 83 67 
63 38 3 
8 51 22 
73 1 25 
18 31 16 
34 5 48 
33 9 18 
74 75 70 
41 12 3 
35 25 42 
56 69 16 
13 17 67 
4 64 44 
35 47 4 
46 66 54 
17 76 3 
14 71 78 
44 80 67 
19 35 72 
41 71 30 
45 38 57 
49 78 28 
82 52 73 
19 8 76 
14 30 1 
58 79 60 
3 4 1 
44 36 39 
86 21 4 
33 62 37 
41 74 48 
12 31 72 
85 26 43 
20 11 12 
65 61 72 
45 33 30 
34 31 51 
65 23 47 
36 62 14 
58 20 84 
76 35 39 
6 66 42 
15 6 58 
41 3 14 
21 28 10 
81 12 47 
9 42 30 
34 12 31 
23 14 69 
14 62 31 
51 77 30 
15 55 81 
14 28 33 
26 15 38 
72 16 1 
70 72 15 
81 52 23 
62 75 25 
7 27 21 
11 54 80 
74 68 8 
60 53 40 
32 78 58 
81 41 71 
29 27 57 
54 6 2 
40 15 37 
23 13 11 
86 41 34 
57 72 38 
42 77 40 
51 61 66 
13 52 58 
84 83 22 
34 35 8 
24 31 21 
55 17 53 
4 17 3 
17 13 15 
32 9 78 
47 85 63 
38 67 73 
45 26 38 
37 66 77 
46 44 51 
10 21 50 
8 69 74 
23 16 9 
3 8 32 
8 10 85 
70 48 84 
46 62 32 
67 27 85 
47 10 83 
39 42 27 
11 78 58 
25 20 78 
11 10 39 
18 67 23 
51 67 1 
77 55 74 
53 28 48 
61 9 75 
7 15 2 
16 25 32 
67 75 7 
42 20 59 
38 48 30 
2 9 40 
77 12 67 
24 1 74 
25 8 27 
82 56 79 
50 70 57 
64 65 46 
68 4 80 
82 76 62 
70 85 1 
9 83 38 
65 30 21 
84 11 82 
22 63 69 
16 46 49 
80 50 4 
70 30 47 
15 64 4 
12 15 63 
17 71 22 
85 17 50 
19 74 34 
51 4 57 
79 3 12 
68 13 16 
23 13 38 
34 84 60 
15 62 27 
85 19 37 
7 25 46 
56 26 4 
52 51 28 
42 77 12 
8 27 32 
15 1 51 
40 4 60 
18 13 58 
54 82 47 
36 62 76 
24 18 15 
30 1 62 
55 64 52 
1 7 75 
43 73 77 
17 5 62 
45 47 27 
56 77 17 
9 81 21 
80 31 41 
46 24 15 
35 81 80 
33 66 51 
77 65 42 
23 74 35 
37 30 77 
16 43 32 
53 39 32 
74 8 73 
56 44 5 
45 74 17 
49 57 45 
78 46 73 
14 36 76 
5 71 16 
38 50 47 
46 85 79 
6 78 7 
60 61 3 
43 62 77 
58 24 27 
26 66 55 
19 67 3 
48 44 11 
2 11 20 
30 55 22 
45 30 77 
33 42 44 
73 36 51 
62 56 65 
2 22 40 
55 22 66 
32 67 6 
39 45 75 
56 70 41 
62 53 28 
46 11 16 
26 81 33 
70 17 45 
58 57 50 
23 26 13 
85 20 38 
80 44 49 
26 13 11 
60 43 22 
68 22 43 
27 38 39 
10 64 19 
13 48 52 
38 42 52 
17 81 21 
20 30 45 
68 30 16 
42 25 82 
52 61 49 
82 80 19 
31 16 69 
21 49 53 
49 62 25 
47 33 83 
63 6 2 
16 2 30 
25 4 27 
41 74 47 
71 57 62 
13 29 80 
65 28 25 
7 80 17 
38 82 50 
82 59 19 
82 31 69 
42 78 44 
67 72 3 
48 61 56 
6 37 84 
45 41 33 
71 84 46 
26 44 49 
8 67 77 
56 75 24 
11 37 41 
61 10 4 
8 65 80 
46 37 71 
56 59 20 
20 15 26 
5 26 20 
63 18 83 
3 37 50 
25 68 73 
18 47 23 
76 79 75 
25 27 58 
71 5 54 
77 33 70 
56 57 39 
12 48 8 
17 35 50 
53 84 74 
12 33 85 
9 4 82 
67 85 30 
48 75 33 
77 79 40 
13 38 76 
58 75 55 
36 34 78 
54 57 32 
76 67 16 
3 12 7 
29 13 54 
19 69 40 
35 84 59 
46 68 76 
82 63 67 
4 42 68 
26 52 58 
22 29 9 
68 21 18 
66 11 64 
80 51 22 
25 2 43 
34 15 42 
73 60 7 
44 41 46 
68 51 83 
58 53 52 
83 15 18 
29 77 15 
27 46 44 
84 15 41 
29 26 51 
18 43 68 
54 57 36 
6 28 70 
77 64 15 
73 25 6 
23 64 1 
54 10 22 
40 72 68 
76 25 41 
84 9 46 
48 69 7 
39 35 77 
86 14 15 
82 79 70 
79 45 19 
74 42 67 
50 79 1 
71 80 5 
81 71 35 
33 50 46 
23 66 32 
73 3 42 
53 48 49 
53 47 78 
26 10 7 
71 9 57 
69 11 66 
20 12 58 
18 14 2 
7 84 68 
53 34 38 
66 58 70 
74 39 84 
25 3 24 
53 61 55 
47 7 62 
82 62 43 
45 73 74 
50 19 5 
63 75 57 
8 13 21 
6 7 26 
16 7 48 
68 39 29 
76 84 32 
29 14 51 
28 48 85 
50 62 14 
11 48 29 
77 53 84 
25 28 26 
59 35 22 
80 10 57 
3 15 19 
8 39 44 
69 85 66 
33 12 32 
6 74 78 
55 46 14 
4 78 56 
39 12 37 
3 19 40 
80 33 48 
50 4 43 
70 49 16 
67 58 83 
39 11 33 
68 24 80 
53 29 17 
7 28 70 
74 72 54 
28 43 27 
82 31 85 
22 37 63 
43 54 45 
15 34 75 
4 43 58 
61 83 66 
60 26 61 
24 15 1 
69 68 72 
6 64 19 
22 15 27 
45 81 3 
24 62 41 
72 64 73 
56 75 52 
65 56 44 
75 40 37 
77 75 15 
75 3 39 
1 82 23 
12 15 85 
25 21 74 
3 54 76 
12 51 7 
22 16 18 
66 57 55 
68 52 45 
59 56 85 
48 51 30 
75 27 5 
72 79 20 
76 44 1 
48 51 36 
24 42 5 
39 22 33 
2 27 33 
66 46 70 
77 63 85 
27 71 23 
63 32 39 
11 15 45 
33 38 65 
59 74 83 
1 17 9 
23 31 73 
24 66 47 
20 2 39 
14 69 81 
16 35 65 
37 11 62 
21 47 20 
32 51 38 
68 73 82 
49 38 72 
46 60 81 
71 80 47 
7 4 47 
7 57 24 
35 60 11 
17 62 73 
9 66 7 
80 27 46 
14 21 33 
11 1 12 
5 64 21 
28 53 60 
18 81 45 
35 6 27 
21 31 6 
22 60 68 
55 6 49 
21 14 13 
32 84 79 
68 57 7 
56 78 14 
86 40 46 
7 42 70 
63 18 72 
31 22 51 
33 83 22 
36 64 9 
71 26 63 
82 23 70 
32 29 51 
17 70 65 
62 13 75 
13 85 66 
69 75 42 
58 9 47 
12 28 11 
82 79 74 
1 58 12 
35 68 66 
36 72 52 
28 26 60 
60 23 70 
54 26 22 
57 27 61 
13 39 17 
55 44 10 
38 57 40 
26 38 65 
25 64 34 
27 66 12 
27 74 36 
4 7 85 
73 1 76 
59 79 15 
45 8 59 
24 44 75 
74 69 43 
82 26 61 
26 69 19 
74 75 33 
80 49 56 
29 72 42 
81 80 85 
81 32 56 
65 21 18 
50 59 3 
17 13 44 
12 64 15 
80 74 81 
65 49 46 
62 48 61 
13 9 27 
56 25 74 
32 13 5 
33 38 84 
2 1 7 
40 43 21 
17 38 56 
70 47 45 
51 70 56 
39 16 78 
41 72 69 
8 54 49 
44 84 62 
41 24 54 
67 75 58 
20 79 49 
77 66 61 
52 72 54 
75 17 35 
31 28 13 
41 78 25 
4 12 61 
61 46 44 
52 39 49 
11 54 37 
26 82 42 
50 20 25 
11 77 31 
44 19 64 
62 17 68 
64 63 83 
35 44 56 
37 64 24 
86 49 21 
45 24 71 
28 62 16 
48 51 80 
86 6 5 
34 74 33 
65 1 24 
68 11 54 
79 10 9 
62 70 66 
2 43 80 
16 30 75 
21 14 66 
73 59 3 
67 64 47 
59 30 32 
31 30 64 
28 43 75 
33 22 27 
34 72 78 
46 22 5 
56 31 40 
51 74 27 
72 2 25 
19 48 41 
66 4 64 
14 2 62 
24 10 12 
53 13 14 
27 47 60 
65 14 11 
33 47 10 
19 55 65 
7 28 34 
47 32 66 
33 77 42 
77 80 38 
2 64 28 
58 24 78 
34 15 1 
1 11 25 
23 75 52 
67 41 61 
26 30 33 
4 32 75 
41 32 2 
39 64 16 
42 3 14 
55 80 77 
82 77 20 
14 72 69 
50 44 3 
2 21 65 
14 45 65 
61 14 63 
28 80 76 
24 4 5 
15 16 22 
8 22 35 
65 39 29 
74 66 20 
36 47 65 
76 69 52 
11 3 51 
24 83 55 
72 34 35 
29 66 4 
32 26 37 
72 37 76 
3 15 26 
71 70 43 
11 43 73 
28 54 1 
43 78 7 
71 52 1 
4 15 25 
41 4 40 
15 33 75 
86 7 20 
23 1 66 
3 57 14 
20 6 7 
24 22 1 
82 69 5 
72 26 18 
82 16 63 
34 4 57 
58 11 83 
53 59 80 
49 51 36 
50 74 8 
84 3 7 
23 10 26 
49 69 2 
44 42 5 
13 25 79 
45 14 28 
32 50 84 
33 25 28 
29 85 72 
51 75 29 
42 54 7 
37 13 42 
59 77 58 
45 75 60 
19 54 44 
81 24 70 
80 64 13 
65 52 33 
30 54 9 
12 70 59 
36 51 63 
63 75 2 
84 81 66 
48 79 52 
33 84 73 
36 57 9 
81 58 18 
16 21 40 
5 57 11 
42 4 13 
73 32 80 
10 44 18 
23 31 18 
14 27 86 
70 19 32 
60 45 22 
73 49 85 
60 10 49 
63 17 49 
15 38 22 
85 42 28 
33 32 36 
45 43 10 
70 62 73 
33 38 35 
60 42 13 
20 17 15 
34 4 62 
46 34 27 
13 48 6 
14 34 40 
12 28 27 
70 46 9 
81 61 22 
24 11 64 
32 17 7 
52 66 29 
34 7 29 
36 41 65 
60 48 67 
12 72 59 
21 3 7 
24 47 76 
78 74 1 
40 51 41 
41 43 80 
56 42 40 
36 61 62 
25 48 76 
58 48 40 
2 17 14 
4 9 7 
44 64 41 
20 71 31 
23 55 73 
70 37 21 
25 64 6 
62 63 49 
30 81 15 
20 15 12 
37 51 52 
19 37 11 
59 19 35 
41 6 8 
47 50 42 
40 69 76 
21 19 5 
7 51 85 
52 35 48 
62 34 53 
79 32 14 
9 33 59 
9 57 51 
82 85 50 
81 76 45 
68 50 85 
61 75 54 
78 15 71 
67 66 29 
10 76 5 
34 78 50 
30 41 63 
62 75 5 
43 16 81 
11 83 63 
61 45 40 
9 10 2 
11 52 28 
6 69 78 
57 66 78 
47 78 25 
3 78 49 
19 57 33 
60 57 5 
8 78 19 
23 8 2 
40 68 60 
23 62 7 
65 5 24 
12 62 80 
54 43 66 
67 63 68 
17 64 41 
21 2 78 
71 29 56 
70 25 17 
57 26 72 
85 14 48 
26 45 56 
5 13 53 
39 78 8 
13 25 32 
52 61 7 
29 20 81 
7 35 45 
42 65 62 
64 83 45 
6 12 26 
59 61 14 
53 38 61 
21 84 69 
3 1 52 
11 16 15 
65 8 55 
6 10 86 
27 20 28 
23 64 43 
38 70 66 
6 20 72 
60 67 29 
65 1 84 
84 42 81 
45 6 57 
48 27 47 
42 81 38 
58 79 36 
70 24 31 
3 59 53 
65 41 6 
71 65 9 
10 55 80 
55 52 20 
28 47 19 
25 36 10 
65 37 75 
25 67 9 
25 8 11 
26 2 28 
85 33 35 
36 42 85 
78 74 25 
17 43 27 
53 51 78 
22 12 31 
62 50 52 
23 83 42 
22 77 29 
45 18 35 
40 61 81 
22 19 8 
71 25 69 
9 38 58 
9 79 50 
65 12 30 
13 48 22 
81 55 1 
46 12 54 
86 30 37 
26 77 21 
84 14 27 
10 34 45 
46 6 9 
32 17 10 
45 67 71 
55 45 18 
15 71 19 
72 38 76 
77 50 75 
39 19 31 
81 72 66 
46 78 15 
2 83 34 
66 60 2 
14 58 23 
7 51 68 
15 71 22 
61 13 40 
32 9 47 
61 36 75 
19 17 12 
34 22 71 
61 16 79 
8 21 56 
78 8 85 
58 75 29 
20 12 64 
26 5 3 
8 14 5 
43 81 26 
41 36 67 
42 5 6 
36 74 78 
12 82 37 
16 64 52 
67 8 4 
39 6 60 
19 29 1 
68 10 35 
38 68 74 
22 7 31 
70 10 44 
34 80 71 
78 76 80 
58 41 52 
35 33 4 
13 47 6 
59 30 29 
73 45 58 
33 14 69 
4 34 73 
22 19 18 
76 1 39 
50 78 11 
23 36 72 
16 70 66 
2 81 26 
17 21 23 
9 62 1 
57 59 13 
15 66 37 
39 71 16 
15 48 30 
54 65 77 
23 7 48 
18 20 24 
73 16 40 
52 17 51 
4 61 71 
45 82 17 
25 72 57 
59 65 54 
83 8 72 
47 11 72 
45 28 34 
36 69 18 
24 8 28 
75 4 34 
56 52 59 
63 47 8 
81 51 76 
80 8 47 
80 36 55 
28 81 37 
21 12 57 
66 21 62 
73 27 48 
62 75 61 
23 67 5 
70 73 83 
28 24 74 
6 59 68 
20 85 77 
16 83 41 
51 3 54 
8 19 25 
5 34 39 
42 70 74 
12 55 16 
47 44 78 
46 4 34 
39 83 16 
21 9 36 
43 78 62 
33 74 31 
68 66 72 
63 4 28 
45 23 44 
56 57 31 
22 54 32 
40 10 9 
31 65 59 
51 17 57 
38 35 83 
78 64 66 
45 12 37 
29 75 83 
20 39 16 
85 42 52 
64 60 15 
28 38 34 
82 43 63 
15 66 2 
81 21 65 
73 60 41 
55 21 72 
26 79 68 
39 51 24 
8 60 6 
70 44 51 
24 55 13 
36 67 81 
22 10 62 
60 67 81 
14 11 62 
20 67 12 
81 32 50 
62 78 25 
80 40 62 
60 77 45 
20 10 73 
78 65 85 
46 67 60 
43 78 2 
54 40 59 
50 12 42 
61 22 43 
27 25 54 
70 76 82 
49 23 32 
17 69 49 
65 16 25 
39 35 71 
41 66 2 
68 75 42 
6 70 64 
4 36 5 
57 83 23 
40 74 30 
7 47 46 
41 66 24 
20 37 26 
12 36 56 
59 26 10 
39 64 74 
72 27 29 
17 66 7 
8 37 24 
32 8 77 
