10000
100000
30 67 80 
87 43 78 
53 57 47 
59 4 58 
24 42 5 
32 51 38 
89 34 97 
56 30 25 
20 58 31 
23 67 5 
84 12 45 
51 91 100 
53 14 56 
100 63 26 
26 19 94 
54 27 10 
33 53 11 
88 100 96 
99 22 79 
23 9 70 
50 75 77 
77 38 80 
14 33 21 
90 9 54 
8 30 37 
47 95 59 
85 9 100 
96 11 52 
8 33 62 
95 20 39 
74 28 95 
99 21 8 
5 36 27 
93 79 29 
58 18 77 
65 3 69 
20 46 24 
44 91 25 
2 6 9 
81 16 43 
43 100 37 
11 28 52 
52 75 12 
26 49 70 
97 77 17 
61 29 87 
10 14 63 
10 74 29 
83 23 68 
9 26 75 
76 100 65 
21 47 95 
59 96 45 
87 12 1 
17 68 91 
53 62 24 
57 84 34 
66 50 19 
90 37 97 
16 44 77 
87 46 29 
44 76 27 
74 43 6 
96 3 78 
74 99 41 
7 12 62 
42 74 67 
65 55 16 
23 9 16 
60 45 77 
33 50 84 
23 80 94 
42 11 91 
75 64 37 
78 27 18 
78 76 80 
22 74 15 
36 93 66 
39 70 81 
14 73 81 
82 81 83 
56 24 6 
49 13 26 
82 100 48 
15 53 33 
16 27 20 
70 37 34 
3 68 38 
81 14 100 
46 49 42 
72 41 69 
31 44 22 
85 83 55 
96 32 28 
47 63 28 
64 71 45 
95 35 76 
96 83 36 
58 62 85 
3 96 29 
55 15 14 
80 28 25 
85 21 19 
74 90 7 
66 55 22 
35 46 59 
85 87 38 
38 47 95 
45 21 40 
21 32 15 
21 70 17 
71 17 9 
73 43 53 
14 72 53 
16 8 10 
91 48 65 
64 36 51 
22 96 17 
84 32 50 
68 73 23 
70 54 78 
78 100 67 
68 20 77 
46 12 18 
35 2 94 
38 85 20 
86 62 51 
51 90 80 
84 86 47 
66 89 37 
76 50 53 
12 80 89 
43 36 8 
71 95 40 
88 4 53 
93 82 12 
98 39 29 
42 55 65 
99 17 60 
78 8 85 
7 52 18 
57 73 79 
40 80 88 
29 80 98 
53 35 100 
93 22 35 
6 28 26 
48 56 26 
59 95 88 
37 91 5 
87 32 41 
44 89 3 
78 4 10 
18 83 79 
1 58 12 
47 3 22 
27 22 46 
65 22 57 
75 37 41 
58 54 53 
16 42 10 
3 92 55 
34 8 67 
30 16 2 
87 35 37 
52 91 51 
61 95 90 
65 25 87 
65 64 38 
9 46 84 
81 68 47 
88 19 86 
45 68 80 
97 31 81 
78 41 85 
16 18 43 
59 81 34 
93 35 97 
58 92 21 
13 100 11 
21 77 9 
52 43 78 
41 13 20 
69 54 3 
43 23 26 
40 82 2 
97 81 36 
47 5 38 
6 33 27 
17 68 36 
20 29 81 
91 31 21 
92 5 78 
46 66 33 
34 82 89 
91 99 95 
17 89 77 
5 38 95 
84 52 7 
39 54 25 
61 4 8 
28 8 59 
16 46 37 
92 42 30 
19 16 36 
34 36 15 
1 81 64 
76 54 38 
76 95 87 
57 94 90 
19 40 92 
45 34 48 
45 39 13 
87 91 76 
39 79 53 
70 4 53 
44 42 78 
68 17 50 
91 4 1 
24 73 98 
17 19 65 
52 83 94 
2 65 90 
23 35 94 
81 37 28 
78 4 69 
27 28 43 
91 51 94 
54 100 33 
2 49 69 
75 25 65 
50 4 86 
16 5 15 
78 80 45 
2 86 52 
62 9 87 
90 2 87 
81 45 1 
18 12 5 
6 26 45 
16 88 12 
100 61 55 
35 38 36 
79 21 37 
35 36 16 
62 96 92 
61 89 67 
83 22 33 
65 58 34 
21 68 18 
100 25 8 
8 52 21 
37 82 79 
72 61 52 
2 61 78 
55 21 72 
69 29 99 
17 81 55 
99 31 55 
55 74 4 
97 19 35 
25 36 10 
1 70 66 
56 49 98 
37 86 77 
1 28 25 
14 7 1 
23 97 57 
55 72 47 
53 49 48 
72 15 70 
14 82 93 
86 65 47 
81 69 14 
49 61 80 
13 2 28 
35 22 89 
88 46 47 
95 11 45 
92 18 71 
57 36 21 
14 5 37 
25 95 14 
20 66 26 
99 29 33 
34 18 5 
90 96 94 
97 77 80 
36 67 41 
11 70 20 
33 35 93 
35 56 53 
5 58 57 
94 34 95 
61 92 52 
98 29 18 
50 8 72 
50 89 68 
39 53 65 
81 27 13 
64 38 79 
96 78 14 
49 56 50 
25 71 86 
95 79 55 
70 96 85 
33 66 15 
41 91 39 
50 67 87 
16 69 11 
23 76 97 
4 93 75 
73 4 47 
22 94 74 
89 80 75 
99 4 80 
83 91 16 
53 78 51 
72 67 3 
56 97 46 
67 47 43 
39 54 43 
6 37 7 
24 16 59 
14 76 5 
37 17 54 
62 90 82 
13 24 61 
33 74 69 
58 45 1 
12 2 33 
55 54 43 
65 77 69 
3 1 52 
26 79 23 
28 35 40 
42 10 65 
8 95 70 
79 32 29 
85 10 67 
20 89 38 
63 32 26 
35 96 64 
29 99 63 
38 23 13 
3 60 61 
9 41 95 
68 15 61 
89 48 44 
48 51 60 
52 65 8 
79 66 72 
45 9 42 
33 42 96 
77 42 12 
9 79 92 
95 99 43 
99 52 50 
29 15 27 
89 49 51 
58 42 51 
43 30 89 
37 86 30 
66 51 99 
74 22 42 
64 28 84 
7 6 96 
78 40 83 
91 2 63 
64 56 71 
97 25 79 
46 64 36 
65 12 57 
76 90 13 
9 94 4 
5 27 23 
88 58 78 
78 66 64 
79 82 35 
50 83 37 
11 69 66 
19 24 51 
36 93 68 
90 14 86 
92 34 64 
30 44 94 
91 17 60 
81 100 70 
67 48 60 
24 74 58 
44 61 39 
75 16 83 
88 20 41 
55 87 19 
99 26 10 
42 47 58 
14 37 2 
57 9 49 
96 8 48 
70 83 73 
8 96 7 
70 88 90 
13 97 9 
47 24 4 
43 44 14 
12 82 84 
32 29 39 
91 55 68 
80 65 66 
5 58 30 
17 100 19 
91 67 26 
45 5 62 
4 30 49 
6 88 71 
79 19 52 
8 23 65 
45 3 32 
72 22 29 
79 11 91 
98 29 42 
30 51 48 
30 35 84 
6 88 1 
67 97 58 
73 19 90 
69 21 88 
95 45 16 
82 87 37 
85 80 65 
78 43 62 
77 72 46 
37 9 68 
91 94 86 
37 85 2 
95 24 82 
47 63 85 
70 93 69 
5 18 47 
93 45 16 
17 56 76 
76 65 38 
64 2 20 
45 31 21 
69 73 3 
49 18 4 
56 81 32 
28 66 47 
25 69 71 
97 53 84 
66 99 70 
11 33 56 
2 25 63 
38 65 33 
47 43 64 
41 60 13 
73 94 56 
19 9 96 
27 38 36 
45 23 3 
61 29 96 
77 40 53 
81 25 71 
63 31 33 
51 91 8 
95 77 28 
16 12 18 
29 18 20 
54 92 5 
87 22 97 
96 19 85 
48 55 99 
87 39 46 
87 36 91 
76 29 84 
99 49 36 
34 66 19 
82 57 9 
70 52 20 
35 68 86 
25 27 78 
19 95 6 
73 99 22 
43 75 44 
88 75 61 
8 74 68 
43 75 34 
13 68 11 
57 38 50 
57 51 9 
7 20 16 
31 90 71 
8 50 89 
68 50 3 
3 52 77 
4 82 37 
1 36 30 
73 17 53 
22 44 10 
75 36 5 
25 59 39 
14 1 12 
47 32 48 
52 49 27 
73 51 21 
2 49 76 
4 7 85 
31 11 36 
50 44 54 
80 82 68 
6 84 26 
84 30 15 
15 75 81 
75 53 85 
26 77 21 
87 35 78 
49 29 8 
83 87 91 
68 93 71 
66 51 61 
60 14 49 
78 39 62 
63 30 6 
26 29 61 
1 50 35 
1 42 43 
31 91 46 
56 57 39 
24 64 89 
17 100 80 
68 79 59 
38 99 90 
48 45 55 
88 83 28 
32 8 82 
65 69 72 
72 94 40 
25 8 33 
18 96 86 
63 49 95 
12 95 63 
21 76 70 
74 94 13 
23 17 76 
42 23 100 
4 48 45 
37 41 23 
28 35 18 
40 80 95 
56 57 36 
3 100 7 
66 100 74 
27 41 45 
64 10 17 
9 53 4 
44 6 85 
76 82 57 
71 30 9 
58 11 83 
52 36 6 
4 34 57 
37 68 30 
100 11 30 
49 32 24 
67 61 7 
72 65 64 
88 58 99 
62 77 99 
30 51 77 
3 10 34 
17 2 52 
5 52 76 
33 100 39 
44 80 40 
14 90 35 
60 58 79 
28 81 67 
19 10 45 
7 28 34 
43 18 72 
54 51 98 
80 69 59 
84 4 87 
64 2 17 
38 65 28 
9 5 39 
61 62 75 
3 67 41 
62 93 63 
99 55 5 
64 52 14 
27 33 22 
65 49 54 
71 15 21 
19 3 40 
25 91 50 
13 53 33 
39 24 51 
14 19 17 
45 24 12 
62 27 15 
58 31 44 
28 60 26 
60 54 94 
14 76 26 
90 55 62 
15 76 8 
94 77 41 
9 56 68 
70 76 25 
85 98 9 
71 22 17 
72 39 94 
65 64 97 
53 41 86 
5 68 17 
23 8 2 
33 34 84 
66 1 97 
23 27 71 
8 42 26 
59 93 22 
98 8 26 
31 68 27 
88 48 36 
40 44 8 
92 32 9 
77 91 85 
97 72 64 
61 96 70 
15 77 64 
72 17 6 
97 6 40 
85 64 58 
100 64 10 
53 84 16 
80 8 65 
86 65 22 
9 50 20 
65 82 99 
11 97 5 
3 64 25 
80 86 35 
12 20 13 
64 70 29 
84 38 34 
24 17 90 
1 55 65 
50 45 38 
25 97 54 
83 2 29 
30 94 22 
53 47 2 
98 40 97 
20 22 1 
45 36 54 
44 56 49 
1 78 54 
95 1 54 
92 15 99 
14 91 54 
30 23 7 
15 7 14 
36 50 6 
100 95 51 
61 49 92 
63 38 95 
94 49 29 
83 29 41 
21 31 55 
23 36 55 
100 90 68 
68 41 96 
25 1 66 
9 30 54 
67 23 79 
79 75 63 
94 40 3 
70 97 67 
79 28 16 
88 35 82 
12 77 60 
8 21 13 
22 79 96 
39 12 59 
42 52 85 
6 29 93 
21 88 5 
31 20 64 
90 63 4 
96 7 50 
34 87 100 
71 49 85 
98 32 12 
32 54 22 
35 58 78 
45 23 44 
27 82 25 
1 99 66 
53 94 65 
71 24 10 
69 84 20 
47 36 30 
24 46 7 
77 80 56 
99 19 33 
27 73 5 
45 56 66 
81 11 29 
31 44 50 
57 35 10 
64 68 67 
26 69 19 
91 4 13 
42 48 2 
91 27 8 
64 6 19 
39 51 34 
20 42 45 
31 71 60 
12 84 3 
92 32 23 
67 55 10 
1 72 79 
59 39 52 
43 73 77 
39 86 52 
22 31 91 
43 18 85 
81 45 76 
80 46 62 
50 27 44 
79 45 19 
96 51 11 
91 6 3 
28 42 4 
13 56 46 
3 45 83 
7 78 44 
24 45 71 
48 6 49 
61 57 28 
66 55 26 
46 55 1 
12 14 75 
8 37 9 
69 34 79 
72 59 13 
74 50 8 
70 68 82 
63 35 57 
81 66 91 
75 57 69 
19 95 5 
53 12 93 
91 70 46 
70 94 64 
93 8 96 
94 48 3 
59 55 81 
91 90 95 
1 81 55 
89 27 59 
61 79 16 
93 88 64 
93 18 97 
74 27 36 
53 70 64 
60 97 52 
13 29 80 
4 86 95 
40 66 2 
47 15 56 
47 64 48 
14 69 5 
61 20 79 
43 38 89 
45 27 72 
36 2 78 
89 55 93 
90 68 1 
53 78 96 
20 1 50 
40 65 20 
19 45 95 
99 87 60 
71 50 68 
15 87 58 
80 25 26 
46 24 66 
57 1 70 
68 55 94 
15 16 71 
56 8 79 
87 13 75 
31 17 22 
68 6 59 
90 57 68 
100 10 69 
55 66 71 
33 96 67 
81 40 70 
8 82 20 
74 44 4 
84 25 49 
33 4 35 
36 28 39 
32 38 58 
64 98 34 
93 41 24 
7 10 31 
23 93 64 
53 97 34 
40 97 92 
19 58 10 
92 93 49 
75 15 86 
93 80 83 
65 79 42 
72 14 66 
68 24 48 
23 15 27 
3 53 59 
1 12 63 
83 34 27 
9 59 99 
48 58 86 
69 19 40 
39 84 69 
34 4 46 
93 24 43 
76 27 49 
13 81 3 
69 95 14 
49 12 100 
38 86 89 
25 34 86 
29 91 46 
32 41 74 
79 67 76 
49 40 20 
65 8 55 
65 68 33 
51 20 22 
38 44 88 
94 11 44 
92 13 98 
4 8 44 
17 69 5 
89 55 88 
8 96 63 
57 83 14 
99 53 32 
5 40 2 
37 91 38 
56 34 93 
42 89 39 
52 32 4 
49 56 8 
78 56 14 
77 89 67 
60 81 67 
30 77 98 
98 56 100 
17 68 92 
34 51 47 
24 75 88 
50 51 95 
5 7 38 
95 80 82 
20 16 82 
31 64 29 
71 39 10 
4 99 44 
42 59 82 
66 62 97 
52 42 57 
46 94 100 
97 14 26 
59 17 49 
75 84 43 
1 22 41 
70 42 7 
19 59 34 
11 10 42 
4 79 19 
80 6 83 
16 8 89 
43 28 44 
99 18 11 
39 72 9 
7 32 84 
15 52 77 
11 49 46 
25 76 72 
92 64 21 
31 91 53 
1 27 87 
97 37 46 
92 58 93 
43 14 89 
53 62 64 
51 50 93 
48 28 85 
8 90 50 
34 18 22 
25 66 33 
90 22 56 
79 45 80 
100 69 26 
64 16 52 
28 5 90 
8 54 49 
6 53 35 
12 11 28 
96 44 9 
21 9 81 
59 5 70 
9 11 25 
72 89 15 
11 15 64 
59 7 52 
17 36 49 
97 17 29 
82 68 42 
33 15 36 
23 24 29 
91 31 64 
89 43 85 
54 85 70 
33 30 26 
94 39 25 
3 50 60 
37 13 53 
25 55 68 
23 98 55 
41 91 44 
32 88 60 
89 51 44 
86 98 60 
57 93 52 
18 62 100 
61 74 7 
69 55 5 
26 50 9 
73 83 95 
57 38 58 
12 17 24 
98 82 99 
70 94 19 
7 23 38 
64 52 31 
74 60 89 
53 46 6 
55 86 80 
54 80 13 
26 64 23 
42 47 50 
68 99 60 
84 81 52 
35 36 40 
10 91 81 
96 99 24 
78 89 29 
30 45 98 
44 64 76 
41 26 22 
35 82 77 
10 48 41 
7 97 17 
36 71 47 
11 38 43 
93 23 48 
72 82 9 
16 75 88 
13 27 54 
31 68 38 
2 14 49 
98 22 95 
17 45 74 
87 22 34 
33 95 16 
89 81 54 
18 85 68 
73 25 58 
51 75 87 
26 93 98 
94 47 76 
3 85 26 
17 65 78 
35 4 51 
33 73 25 
75 62 65 
24 46 8 
74 73 54 
4 68 86 
96 85 30 
50 55 2 
67 59 95 
47 86 74 
70 7 99 
94 16 53 
40 87 56 
30 9 13 
27 42 93 
22 7 44 
14 31 62 
25 46 35 
56 23 26 
72 29 85 
13 64 75 
8 32 75 
76 100 27 
67 89 24 
47 20 98 
15 52 22 
81 92 53 
3 60 82 
16 63 82 
57 97 41 
68 25 73 
71 1 43 
38 88 70 
9 40 2 
52 94 68 
29 92 82 
5 45 97 
26 53 90 
1 71 91 
49 70 61 
91 90 39 
14 21 66 
19 14 89 
43 5 32 
83 41 34 
38 12 60 
51 20 92 
40 78 50 
36 12 64 
94 53 32 
63 60 40 
76 91 7 
89 72 81 
15 67 31 
39 100 99 
71 75 97 
24 62 45 
38 28 21 
8 54 82 
1 51 67 
33 31 16 
42 29 72 
68 55 27 
88 96 45 
55 12 87 
45 60 8 
83 23 16 
8 28 24 
90 50 58 
48 52 90 
89 96 91 
93 43 97 
19 100 85 
12 94 23 
19 88 68 
95 52 79 
8 59 33 
77 69 73 
58 88 39 
88 79 3 
90 85 14 
29 22 19 
7 17 66 
87 8 97 
73 56 76 
29 69 23 
60 81 25 
89 82 65 
74 20 93 
94 86 96 
21 99 43 
57 70 25 
68 7 84 
49 36 42 
40 37 46 
97 36 25 
3 44 50 
22 58 32 
11 39 36 
36 51 31 
66 85 73 
7 21 1 
34 88 64 
29 98 58 
82 81 62 
24 15 39 
34 28 69 
50 38 65 
4 41 58 
45 62 14 
77 91 34 
63 55 16 
17 77 56 
37 73 44 
81 4 28 
30 32 7 
91 14 97 
14 73 77 
82 43 63 
66 3 70 
6 21 31 
15 18 30 
30 84 53 
70 49 1 
40 37 21 
98 18 73 
76 89 40 
93 52 80 
50 91 83 
98 94 96 
52 35 39 
96 58 78 
4 28 12 
8 3 32 
32 44 70 
46 11 16 
14 55 46 
1 27 51 
7 89 6 
49 32 31 
92 20 29 
2 19 98 
23 22 68 
89 97 75 
28 56 45 
27 89 74 
8 77 67 
52 64 65 
8 61 63 
95 87 11 
74 80 81 
62 97 18 
43 19 11 
15 19 71 
15 36 16 
15 32 12 
58 40 88 
26 23 96 
59 54 70 
79 82 11 
87 27 44 
43 10 38 
8 24 47 
68 96 97 
82 98 1 
66 87 52 
14 30 43 
47 64 28 
97 27 2 
67 95 3 
71 22 89 
20 16 68 
58 10 53 
53 56 1 
86 84 97 
71 11 45 
60 6 49 
2 24 86 
13 85 37 
47 4 46 
64 59 12 
46 59 61 
36 83 79 
21 83 57 
71 69 2 
2 68 100 
20 44 69 
36 5 50 
70 44 10 
71 25 93 
49 35 23 
57 11 39 
31 34 93 
5 98 91 
16 7 97 
19 56 50 
7 23 62 
89 61 38 
41 79 68 
15 20 17 
23 81 59 
66 56 8 
25 10 77 
45 35 18 
44 84 62 
31 4 16 
26 65 34 
36 77 60 
11 39 81 
43 93 89 
11 20 12 
1 14 15 
2 8 54 
96 100 82 
50 43 37 
5 74 24 
20 78 87 
66 16 70 
12 72 44 
80 87 99 
55 5 21 
48 33 80 
85 24 60 
25 21 32 
12 17 54 
59 83 10 
79 85 46 
77 74 55 
2 97 12 
58 78 97 
56 37 81 
26 60 67 
52 75 56 
10 39 87 
8 3 7 
54 2 6 
42 7 62 
45 36 14 
4 10 61 
14 10 7 
45 56 76 
58 46 4 
20 61 72 
22 15 28 
65 21 10 
73 86 53 
25 49 79 
31 27 69 
40 16 73 
78 27 35 
20 88 10 
22 60 68 
86 15 33 
96 75 24 
4 80 50 
22 89 14 
21 85 25 
55 25 22 
17 88 30 
27 81 59 
97 31 46 
48 47 61 
88 45 97 
50 85 88 
19 16 29 
49 21 22 
31 35 13 
40 15 37 
97 29 99 
14 97 54 
28 45 58 
27 42 98 
3 59 20 
72 96 44 
3 82 11 
52 39 25 
52 10 80 
98 71 17 
87 38 16 
57 46 40 
75 78 17 
54 16 22 
39 100 25 
73 4 50 
70 93 3 
57 21 96 
53 67 80 
79 36 91 
40 95 91 
30 38 70 
85 67 1 
30 44 23 
97 46 100 
39 83 64 
40 62 4 
29 76 67 
60 71 100 
93 95 45 
2 85 49 
65 20 8 
81 16 32 
53 28 48 
84 44 51 
45 84 76 
39 24 99 
80 6 15 
59 32 81 
4 51 73 
32 18 53 
27 39 13 
47 31 90 
3 84 76 
17 44 13 
71 15 11 
73 85 7 
65 55 19 
99 22 48 
47 32 1 
19 71 49 
16 56 46 
94 62 81 
9 84 14 
49 62 51 
18 69 62 
43 78 75 
97 75 62 
22 32 15 
54 72 40 
14 63 66 
73 62 38 
60 40 53 
66 3 53 
53 61 18 
33 94 72 
64 97 88 
45 51 38 
72 85 39 
80 4 68 
46 22 92 
19 77 88 
75 54 61 
70 30 47 
35 81 58 
47 66 13 
27 56 76 
94 7 84 
62 71 57 
29 84 73 
89 9 81 
31 72 52 
92 77 11 
2 57 72 
69 34 43 
16 15 57 
14 18 2 
74 76 54 
65 62 96 
29 48 84 
72 10 4 
7 62 47 
5 70 81 
88 12 84 
6 10 86 
1 80 97 
80 29 27 
42 68 75 
17 77 11 
85 10 8 
31 79 62 
21 42 35 
84 26 46 
14 32 8 
55 72 13 
40 60 4 
66 60 2 
5 91 51 
12 96 1 
52 6 33 
17 32 96 
76 54 3 
60 40 69 
1 89 8 
86 59 60 
95 2 49 
70 47 38 
76 50 3 
22 50 39 
97 77 63 
81 51 45 
89 40 65 
90 93 98 
33 39 24 
30 88 8 
72 47 82 
6 46 43 
20 48 6 
97 23 21 
56 31 57 
79 28 74 
68 38 93 
9 89 94 
8 68 4 
20 18 36 
31 60 68 
35 100 56 
73 46 32 
37 80 93 
4 3 100 
53 62 14 
59 31 48 
91 95 13 
49 30 1 
15 19 90 
22 28 13 
46 37 71 
30 50 58 
11 74 23 
39 69 68 
33 36 32 
39 55 46 
47 83 10 
41 59 13 
100 39 62 
13 67 20 
26 6 33 
9 13 14 
92 1 80 
51 16 92 
63 22 99 
6 2 39 
17 58 16 
57 38 45 
49 33 45 
44 76 39 
24 46 79 
52 97 37 
89 25 48 
8 22 54 
27 74 11 
26 95 88 
60 87 27 
32 89 6 
19 48 28 
41 76 43 
1 48 35 
3 73 20 
84 49 10 
85 64 28 
35 97 66 
31 89 1 
41 68 25 
24 5 44 
50 91 1 
71 84 46 
16 15 12 
26 4 88 
54 70 40 
84 79 32 
12 92 47 
10 32 18 
9 60 41 
70 52 16 
4 97 65 
63 18 99 
68 10 81 
35 48 58 
18 43 45 
14 11 100 
60 37 53 
38 48 28 
71 68 35 
42 54 43 
78 22 6 
23 73 19 
9 62 56 
52 28 48 
89 34 48 
65 48 60 
98 79 58 
39 42 36 
63 74 5 
2 6 46 
41 64 85 
57 40 11 
49 54 45 
4 60 61 
56 46 79 
38 14 80 
42 13 44 
37 100 45 
42 29 91 
57 66 78 
90 41 84 
38 40 57 
68 69 26 
11 22 34 
27 64 23 
53 13 57 
12 33 63 
47 15 63 
76 77 98 
64 8 19 
93 96 22 
68 12 79 
83 100 79 
45 75 32 
81 86 60 
43 67 64 
3 17 72 
31 26 53 
39 91 1 
34 25 54 
55 83 24 
44 98 49 
31 56 55 
46 80 27 
65 15 10 
13 20 1 
75 49 82 
62 99 68 
2 77 22 
41 9 59 
89 28 62 
46 78 73 
95 59 79 
30 67 85 
20 10 42 
72 32 13 
38 41 52 
8 1 50 
41 55 19 
23 75 49 
87 19 47 
78 64 91 
94 20 44 
97 5 33 
71 37 88 
98 19 69 
38 9 5 
33 15 80 
47 54 51 
68 3 73 
34 90 43 
88 68 75 
97 56 83 
12 39 57 
6 16 48 
65 21 2 
55 9 10 
30 98 86 
68 79 13 
11 19 37 
98 46 38 
66 68 46 
55 54 14 
88 42 55 
10 9 2 
92 78 33 
9 80 46 
4 40 74 
16 50 41 
78 56 58 
89 5 86 
15 72 45 
27 58 24 
97 43 23 
22 21 84 
6 88 99 
68 55 49 
86 6 5 
65 77 94 
20 64 89 
33 6 54 
45 29 38 
62 94 34 
77 86 35 
10 67 46 
36 2 50 
61 22 81 
7 67 75 
100 11 34 
44 75 99 
58 18 81 
25 54 94 
98 2 77 
70 47 74 
25 93 73 
26 6 85 
23 16 33 
45 83 64 
72 69 80 
43 17 8 
45 30 42 
29 14 66 
4 8 86 
37 44 22 
20 45 94 
95 53 39 
60 74 12 
38 81 85 
30 27 44 
16 85 31 
95 45 53 
42 78 34 
52 28 10 
71 23 5 
33 95 3 
75 69 42 
79 41 83 
55 24 27 
7 48 69 
16 42 98 
22 53 88 
94 68 81 
3 71 53 
47 21 12 
32 21 85 
93 44 20 
1 98 55 
1 46 93 
80 12 16 
17 33 56 
82 52 54 
38 4 28 
85 7 3 
98 64 73 
18 21 65 
67 6 73 
93 3 44 
90 84 29 
73 35 49 
62 1 4 
43 75 18 
46 63 48 
75 58 67 
84 37 45 
89 58 25 
75 68 10 
38 81 57 
57 15 40 
53 100 26 
55 73 70 
16 40 84 
89 67 85 
75 61 94 
1 18 75 
92 98 72 
39 64 65 
49 91 77 
35 50 64 
31 65 45 
69 47 40 
25 4 74 
37 66 8 
49 39 34 
49 30 32 
17 52 50 
33 41 37 
67 36 81 
36 6 61 
44 18 51 
91 4 26 
24 41 39 
100 91 16 
57 6 34 
25 4 15 
14 29 51 
93 40 13 
26 55 42 
6 2 21 
3 72 91 
76 90 2 
98 19 5 
90 37 94 
95 15 56 
18 40 97 
58 68 98 
68 54 20 
10 59 26 
8 77 12 
33 60 30 
9 32 47 
72 25 7 
41 85 7 
24 89 34 
10 21 4 
23 44 10 
9 99 66 
46 96 66 
49 63 21 
44 56 23 
28 80 76 
37 65 46 
33 59 12 
76 36 84 
2 50 21 
55 14 16 
31 48 42 
95 69 81 
85 17 52 
43 99 25 
30 90 49 
76 64 85 
11 44 29 
59 25 95 
30 23 50 
72 32 57 
71 43 95 
38 21 60 
2 77 21 
43 87 56 
9 59 33 
99 77 32 
99 20 3 
95 49 45 
28 75 43 
29 46 79 
27 16 58 
53 28 62 
65 73 47 
47 23 49 
85 58 63 
22 28 79 
48 78 73 
61 17 69 
10 94 59 
86 41 64 
22 2 33 
69 85 28 
59 2 46 
34 51 31 
45 10 34 
11 22 6 
14 11 97 
93 13 42 
68 84 65 
75 20 89 
84 42 17 
34 3 9 
70 88 39 
97 96 37 
89 39 96 
49 12 4 
43 13 51 
26 96 5 
94 40 1 
7 9 66 
56 15 17 
31 87 57 
93 14 33 
60 6 8 
6 39 87 
34 3 32 
55 54 87 
84 76 58 
7 41 40 
92 49 70 
94 40 51 
40 18 67 
44 47 70 
14 6 94 
83 81 90 
50 24 87 
93 88 13 
1 86 75 
62 10 94 
9 85 47 
88 2 51 
83 81 98 
15 76 22 
33 30 7 
2 57 24 
11 60 43 
99 36 1 
18 68 72 
93 6 83 
14 85 46 
92 6 77 
57 62 33 
3 11 17 
87 73 45 
48 62 82 
27 51 70 
50 2 62 
81 62 98 
50 79 93 
99 60 77 
84 41 22 
80 90 69 
41 29 22 
90 2 63 
30 59 13 
7 16 48 
59 94 50 
92 25 73 
94 45 40 
75 76 79 
49 22 36 
19 99 39 
25 48 76 
45 61 47 
51 59 60 
65 27 97 
80 23 30 
14 22 15 
14 80 54 
81 30 40 
70 88 66 
14 63 51 
41 8 64 
24 20 19 
87 24 6 
74 33 73 
25 58 78 
29 60 23 
64 52 55 
13 65 91 
35 85 13 
14 12 27 
64 17 79 
29 67 44 
99 34 100 
86 56 25 
14 85 35 
63 36 83 
23 75 52 
52 83 53 
14 27 40 
5 22 41 
92 30 17 
8 38 57 
87 25 45 
78 70 11 
28 32 3 
64 30 96 
23 28 75 
52 12 92 
36 75 96 
42 33 53 
59 36 87 
96 17 80 
29 70 1 
17 56 96 
63 15 95 
31 51 38 
27 28 20 
40 49 66 
71 32 67 
26 57 72 
99 25 84 
65 77 8 
82 98 77 
11 73 44 
69 36 76 
43 6 32 
79 43 51 
17 23 45 
70 27 97 
17 82 77 
34 15 65 
89 6 63 
63 56 57 
31 3 73 
20 47 53 
4 2 59 
92 42 64 
96 19 84 
92 78 66 
53 42 78 
29 89 46 
76 95 93 
30 53 39 
44 10 3 
46 89 45 
71 89 1 
8 23 63 
3 13 78 
47 11 72 
48 84 70 
63 69 15 
54 3 31 
18 33 10 
78 69 52 
43 17 27 
26 36 81 
65 56 44 
67 47 77 
73 47 5 
26 6 7 
5 89 25 
94 99 96 
51 61 78 
91 3 66 
90 30 86 
36 78 14 
98 67 34 
35 85 67 
38 61 2 
89 38 85 
24 6 88 
95 51 56 
80 66 92 
82 90 45 
51 54 35 
40 43 71 
19 1 29 
38 77 56 
44 24 75 
1 81 54 
81 42 87 
62 96 16 
65 55 13 
40 51 20 
26 35 74 
24 87 83 
75 22 64 
7 76 68 
55 59 62 
80 34 68 
85 20 64 
34 43 47 
56 4 26 
47 28 61 
62 16 93 
39 91 50 
45 54 59 
14 45 50 
63 96 50 
19 96 91 
4 45 8 
65 10 74 
58 33 83 
47 13 30 
49 39 90 
2 19 7 
53 98 46 
33 89 40 
7 57 68 
8 55 94 
52 11 48 
79 11 100 
66 68 35 
10 11 90 
75 32 4 
66 93 3 
43 72 3 
57 83 76 
13 39 22 
6 9 65 
80 62 49 
56 35 39 
71 12 29 
87 37 19 
62 79 50 
19 76 8 
33 17 36 
3 4 17 
28 54 39 
54 4 16 
56 77 9 
27 47 50 
77 72 9 
84 87 89 
73 69 78 
42 17 63 
21 9 50 
47 22 92 
99 35 76 
12 72 54 
66 77 6 
10 21 25 
2 44 58 
56 78 70 
37 66 15 
34 88 65 
16 52 99 
57 92 62 
42 78 76 
19 11 67 
96 49 30 
18 16 22 
28 6 70 
9 95 70 
8 68 26 
82 87 15 
39 75 48 
20 17 33 
20 89 45 
45 37 14 
94 88 4 
97 47 43 
12 82 89 
20 35 78 
34 69 63 
70 36 18 
11 82 27 
50 54 29 
63 2 18 
80 56 32 
34 62 100 
97 76 14 
62 69 17 
27 80 35 
78 15 64 
51 78 15 
13 31 38 
62 14 21 
33 44 18 
15 12 20 
24 78 40 
82 33 55 
25 83 76 
92 32 21 
70 31 1 
43 61 36 
75 72 93 
62 65 78 
88 95 49 
41 80 2 
44 90 9 
97 15 27 
21 10 28 
32 50 81 
63 24 14 
69 22 88 
86 25 19 
2 67 23 
50 65 92 
94 15 58 
59 54 40 
42 78 4 
37 72 4 
25 64 16 
67 77 68 
98 86 100 
78 4 56 
95 49 1 
58 22 49 
80 38 100 
83 62 65 
41 53 29 
88 47 44 
92 19 95 
48 66 3 
94 57 84 
38 21 18 
99 13 83 
66 99 62 
2 91 50 
7 73 92 
87 2 40 
74 13 33 
76 55 8 
90 10 18 
74 65 90 
78 57 22 
93 33 11 
13 53 5 
61 95 35 
75 5 99 
24 79 15 
55 11 37 
82 16 83 
12 89 79 
35 65 8 
84 25 30 
2 90 33 
33 82 5 
86 63 98 
14 36 18 
17 22 98 
1 32 77 
22 100 83 
95 7 53 
18 59 3 
41 85 37 
31 38 36 
85 73 87 
33 28 14 
50 42 12 
63 37 22 
17 52 3 
81 72 5 
44 51 30 
64 15 60 
77 80 55 
38 89 1 
55 22 28 
10 94 14 
33 89 29 
22 33 96 
55 71 43 
28 17 58 
37 53 14 
62 83 99 
38 68 66 
66 46 62 
79 70 82 
20 96 25 
39 85 95 
93 7 88 
41 96 89 
71 48 93 
13 23 83 
47 30 18 
35 19 13 
11 93 57 
54 84 85 
52 56 47 
65 32 58 
14 62 50 
17 46 87 
46 62 32 
100 86 42 
32 44 7 
45 4 66 
10 8 70 
98 28 69 
71 69 33 
97 77 99 
38 64 2 
3 12 41 
37 22 28 
92 14 94 
69 73 30 
36 54 47 
9 46 25 
84 37 6 
43 32 33 
100 27 7 
15 92 58 
42 9 89 
51 24 71 
67 2 3 
27 42 95 
30 62 67 
77 22 89 
32 30 61 
71 66 48 
48 54 74 
74 82 94 
53 50 21 
73 25 85 
29 68 65 
68 80 81 
80 24 68 
20 30 52 
54 56 14 
38 68 75 
41 48 24 
95 56 39 
87 61 75 
58 25 38 
25 41 52 
19 24 54 
98 15 43 
56 28 12 
77 45 25 
100 5 73 
56 62 85 
99 11 23 
31 81 94 
11 9 82 
54 9 25 
22 87 82 
72 24 86 
72 66 68 
26 85 43 
89 11 88 
47 40 8 
22 53 4 
69 89 34 
29 96 94 
84 100 79 
78 14 66 
94 28 52 
44 41 54 
58 67 78 
76 80 2 
91 60 3 
41 21 19 
99 57 2 
38 64 18 
4 27 12 
35 25 54 
13 89 33 
52 50 62 
35 2 58 
5 8 92 
95 83 5 
17 83 47 
91 73 24 
32 86 80 
50 78 54 
69 96 27 
49 77 95 
29 4 31 
30 14 1 
97 49 10 
62 58 52 
81 80 29 
39 74 87 
77 40 29 
33 68 30 
98 61 75 
65 73 29 
80 72 86 
74 47 30 
64 5 1 
51 11 100 
72 17 94 
16 35 63 
15 78 71 
99 86 71 
76 53 45 
100 64 65 
66 46 70 
22 26 6 
83 73 3 
72 1 93 
58 62 64 
35 60 11 
5 25 41 
99 5 80 
84 70 83 
41 36 65 
86 29 22 
69 84 33 
34 28 1 
35 38 21 
16 11 4 
98 75 9 
66 70 57 
62 47 70 
1 84 16 
63 6 2 
63 12 98 
63 8 19 
59 20 70 
69 90 73 
87 71 26 
90 39 63 
24 28 75 
87 26 17 
7 5 42 
43 11 33 
41 9 72 
5 81 16 
8 48 39 
44 99 96 
99 59 78 
16 59 3 
10 95 6 
68 91 87 
39 18 67 
26 16 69 
87 41 95 
31 27 50 
28 38 70 
83 13 2 
47 2 24 
75 39 7 
40 56 45 
83 86 48 
92 29 17 
78 80 5 
9 40 14 
75 68 4 
12 59 72 
10 93 18 
10 89 12 
27 58 20 
96 81 37 
18 7 3 
82 78 81 
70 85 39 
50 39 71 
51 26 29 
16 15 22 
79 100 32 
22 42 70 
25 18 74 
89 47 88 
41 51 21 
53 65 90 
71 82 61 
80 18 90 
89 88 86 
4 46 74 
87 32 20 
54 94 70 
92 23 96 
62 23 1 
61 29 22 
45 34 28 
34 68 15 
21 33 51 
38 81 82 
7 33 12 
31 59 65 
5 84 94 
48 80 44 
51 31 12 
95 38 43 
40 61 5 
81 83 75 
89 94 87 
36 51 5 
58 66 76 
34 19 12 
29 79 62 
66 22 95 
44 71 91 
91 95 19 
12 42 17 
99 1 12 
83 15 18 
93 20 28 
24 9 7 
82 100 11 
91 25 69 
44 11 5 
81 83 8 
53 21 49 
51 24 30 
76 94 9 
6 42 16 
17 39 14 
52 63 30 
70 19 32 
61 57 59 
89 86 17 
80 81 93 
35 5 95 
99 79 30 
97 42 26 
98 32 46 
47 36 65 
56 53 77 
29 30 51 
68 25 76 
89 62 98 
53 62 49 
90 17 86 
53 15 50 
24 37 45 
72 58 90 
43 74 66 
72 76 6 
62 26 61 
24 89 8 
4 48 26 
8 30 34 
25 1 11 
96 82 45 
28 86 83 
72 96 17 
74 76 92 
65 53 28 
95 54 39 
70 53 99 
18 69 68 
76 73 90 
2 41 49 
54 80 99 
86 1 64 
4 20 29 
17 19 47 
96 83 41 
39 50 15 
40 62 80 
78 13 65 
29 94 71 
86 12 8 
1 95 8 
27 20 94 
42 65 9 
91 68 15 
4 66 35 
72 31 12 
43 2 34 
34 5 46 
88 62 98 
16 50 2 
64 42 96 
84 81 42 
5 95 59 
3 96 98 
41 14 59 
77 72 66 
100 66 61 
60 7 12 
75 29 20 
29 9 22 
80 49 58 
17 10 32 
85 97 87 
26 48 58 
92 31 93 
51 72 15 
99 15 100 
93 23 44 
45 66 92 
5 34 52 
35 66 48 
62 24 31 
33 53 18 
9 15 43 
69 57 3 
44 41 67 
71 39 23 
71 30 36 
46 49 16 
3 95 69 
40 13 19 
11 19 72 
96 85 53 
83 42 73 
9 97 14 
80 16 8 
43 62 82 
39 94 60 
12 58 20 
75 80 41 
51 33 56 
64 93 91 
66 84 90 
81 26 76 
93 86 11 
98 64 69 
23 31 91 
47 74 71 
94 1 38 
16 56 69 
11 63 42 
99 23 24 
73 55 60 
4 100 81 
55 31 11 
82 55 59 
13 37 7 
90 4 14 
47 90 16 
23 22 2 
98 14 17 
74 64 93 
99 39 51 
12 42 49 
72 58 41 
45 79 59 
49 18 31 
52 16 43 
80 9 92 
16 11 15 
55 15 81 
34 50 95 
100 74 94 
18 68 4 
64 7 95 
49 85 73 
19 65 30 
35 48 68 
96 36 79 
95 54 3 
69 33 44 
11 70 30 
71 43 13 
30 15 13 
47 70 61 
22 67 28 
92 79 17 
84 38 8 
59 46 11 
16 11 88 
61 22 15 
9 80 48 
73 17 99 
58 46 77 
44 3 63 
99 85 10 
39 27 80 
66 93 29 
30 90 18 
47 27 60 
100 21 93 
57 95 62 
85 22 66 
6 26 91 
21 59 26 
72 21 88 
17 58 36 
14 5 8 
52 6 97 
92 65 37 
82 91 21 
5 32 13 
2 35 23 
20 2 44 
72 52 86 
25 76 13 
67 89 50 
46 14 16 
26 13 11 
90 99 49 
56 3 26 
56 32 10 
45 89 74 
62 19 93 
95 18 51 
18 81 63 
72 38 99 
30 65 92 
17 76 77 
34 56 55 
12 71 64 
85 21 16 
97 27 17 
82 1 2 
92 75 93 
61 19 9 
49 28 78 
58 47 71 
75 13 28 
5 95 7 
38 53 34 
88 21 75 
30 27 15 
49 99 73 
20 97 70 
71 15 74 
44 85 95 
30 32 45 
39 2 64 
31 26 11 
4 15 64 
26 12 6 
42 51 57 
90 22 19 
97 22 50 
46 1 78 
69 43 74 
39 18 80 
22 83 81 
90 4 12 
91 57 92 
67 2 53 
22 46 5 
41 2 66 
97 42 99 
88 86 83 
30 27 59 
75 71 89 
22 43 52 
73 90 58 
35 10 68 
35 39 71 
35 32 54 
55 87 50 
11 13 90 
93 41 22 
49 26 4 
43 20 25 
50 43 4 
70 73 16 
77 59 82 
74 65 82 
98 18 14 
82 66 92 
43 71 63 
69 96 94 
16 29 8 
59 100 85 
54 15 71 
6 22 3 
63 20 79 
86 92 10 
100 89 19 
33 59 67 
100 73 16 
56 35 28 
84 35 59 
25 18 22 
27 5 67 
97 52 79 
40 99 97 
52 1 56 
17 58 1 
60 21 83 
9 28 1 
92 93 64 
51 74 55 
86 42 98 
39 20 85 
19 33 57 
13 94 59 
99 28 79 
85 19 14 
53 57 8 
3 100 60 
44 67 87 
100 69 48 
83 41 16 
92 28 41 
54 80 11 
83 69 23 
69 31 82 
60 44 99 
17 59 16 
14 67 20 
44 92 30 
12 62 80 
34 18 24 
20 74 66 
87 18 46 
86 6 72 
59 54 52 
33 83 47 
3 39 8 
94 32 42 
71 1 21 
28 36 10 
20 58 13 
6 21 90 
49 84 64 
81 46 100 
45 42 43 
80 69 13 
31 67 90 
86 62 13 
27 99 97 
19 80 32 
8 87 94 
7 96 10 
74 80 5 
9 53 70 
18 1 70 
17 31 83 
93 50 82 
83 13 100 
40 88 57 
4 36 29 
31 35 6 
26 84 11 
37 34 19 
60 49 92 
80 83 66 
82 43 83 
28 65 41 
36 60 76 
99 87 42 
9 97 67 
54 22 2 
65 31 68 
51 55 69 
31 78 94 
11 45 52 
8 37 6 
42 80 34 
45 41 80 
40 32 65 
10 73 97 
49 29 87 
76 10 90 
94 24 38 
45 28 14 
45 97 69 
87 47 44 
20 79 96 
23 26 30 
45 22 43 
74 78 8 
46 31 56 
54 80 19 
17 8 15 
53 38 84 
78 13 56 
15 27 45 
23 21 22 
26 1 95 
32 27 69 
26 90 79 
76 89 15 
53 86 42 
69 50 44 
50 70 57 
8 42 30 
10 8 94 
99 10 56 
93 66 97 
92 37 67 
43 41 39 
62 5 17 
80 45 69 
66 77 37 
66 62 58 
81 87 24 
72 88 65 
95 96 74 
17 60 25 
54 59 62 
87 77 2 
30 19 68 
81 4 86 
9 16 30 
51 99 64 
68 90 74 
56 17 98 
97 44 74 
94 24 52 
31 65 5 
37 51 50 
55 10 26 
10 19 72 
4 51 53 
94 44 79 
4 93 15 
50 39 44 
93 91 95 
69 96 53 
28 93 65 
80 82 29 
33 96 59 
23 63 41 
62 45 97 
12 92 88 
32 22 82 
5 86 80 
39 72 48 
59 75 43 
2 8 41 
78 83 75 
26 17 46 
14 65 89 
34 8 11 
46 44 61 
91 25 90 
16 90 74 
85 57 10 
24 31 30 
88 21 77 
50 75 23 
47 83 29 
19 77 98 
40 48 43 
38 26 65 
58 9 44 
94 10 40 
37 21 33 
98 18 75 
43 11 64 
28 85 42 
79 74 82 
53 50 47 
68 58 40 
46 40 86 
64 20 12 
20 46 93 
78 11 57 
19 69 11 
23 66 86 
35 41 19 
91 20 63 
90 56 27 
56 44 5 
72 33 82 
59 77 58 
56 29 98 
50 7 42 
38 5 99 
71 23 95 
42 75 49 
86 31 97 
17 18 43 
81 78 20 
8 86 88 
61 68 63 
35 4 60 
29 16 74 
55 7 56 
24 1 20 
63 96 17 
39 85 45 
69 76 40 
26 42 6 
16 44 19 
64 55 95 
1 27 5 
73 17 62 
47 37 29 
29 51 58 
60 45 75 
59 24 79 
71 14 9 
68 41 38 
25 78 47 
42 84 76 
13 27 55 
76 54 30 
82 91 59 
71 84 15 
44 89 27 
8 35 49 
37 66 44 
4 89 35 
56 74 34 
70 72 83 
56 40 97 
40 74 55 
37 41 26 
15 45 50 
5 46 58 
66 94 53 
66 97 6 
40 52 66 
78 21 29 
46 80 2 
46 65 49 
93 34 39 
72 93 13 
62 10 70 
25 67 29 
87 92 21 
59 33 55 
91 22 4 
66 62 48 
64 97 52 
88 55 52 
68 77 56 
40 31 4 
58 8 62 
17 37 58 
3 15 26 
4 97 90 
21 53 33 
46 99 28 
24 75 57 
16 39 71 
45 9 46 
64 76 96 
74 78 36 
16 65 40 
91 8 34 
19 82 6 
55 11 17 
71 80 37 
14 91 53 
83 2 34 
62 16 28 
16 25 87 
53 88 93 
54 96 60 
23 54 52 
62 77 35 
93 97 73 
43 44 38 
11 74 15 
13 88 2 
76 37 48 
27 99 43 
30 73 24 
1 22 14 
96 4 76 
30 25 31 
25 44 24 
45 26 38 
60 55 100 
10 35 33 
44 63 33 
20 97 7 
77 48 74 
41 34 72 
42 6 66 
20 77 99 
39 44 8 
4 26 55 
3 17 66 
72 62 31 
9 4 82 
78 82 57 
8 4 40 
64 21 18 
12 22 31 
69 49 93 
78 26 21 
10 6 36 
20 85 77 
98 3 70 
10 47 4 
9 83 61 
10 24 91 
41 36 91 
2 44 97 
58 37 91 
55 30 75 
65 39 57 
14 28 93 
61 19 88 
79 36 39 
25 42 13 
35 25 41 
53 7 46 
80 13 3 
28 70 1 
4 24 52 
25 46 43 
71 29 11 
22 50 79 
97 21 50 
73 20 54 
24 27 33 
37 5 34 
67 17 64 
92 11 67 
18 15 81 
68 11 54 
33 21 48 
24 19 74 
31 53 2 
79 71 59 
100 16 31 
29 84 72 
34 17 2 
43 78 7 
81 76 51 
48 16 86 
92 22 35 
27 46 34 
32 64 27 
24 16 74 
76 70 86 
60 17 52 
41 13 25 
85 12 15 
17 14 16 
15 22 38 
34 13 76 
22 51 39 
8 69 32 
12 16 49 
8 71 58 
5 24 65 
17 44 97 
15 29 17 
77 73 71 
28 50 85 
69 34 56 
3 9 80 
96 17 100 
23 66 32 
25 7 69 
4 64 90 
80 60 24 
97 79 68 
53 57 19 
4 14 15 
56 10 19 
73 23 86 
4 31 51 
58 55 50 
62 34 4 
63 45 98 
66 70 62 
96 58 73 
83 67 24 
64 93 26 
14 79 62 
91 22 5 
34 31 12 
8 97 93 
84 32 39 
84 74 86 
10 5 42 
51 62 1 
55 5 83 
58 92 12 
8 32 78 
51 55 37 
26 7 20 
65 64 10 
100 16 36 
19 70 86 
39 77 66 
84 15 41 
36 19 89 
25 17 39 
92 42 15 
67 84 13 
23 84 8 
38 93 77 
93 84 13 
56 81 43 
26 90 5 
86 30 60 
10 29 2 
9 29 34 
30 17 19 
98 100 37 
89 57 33 
47 15 92 
27 10 32 
30 59 29 
70 18 53 
69 45 15 
88 14 40 
73 5 59 
40 22 6 
76 64 10 
46 87 48 
84 49 81 
36 23 46 
17 2 79 
53 46 24 
47 100 80 
21 24 91 
8 50 7 
21 29 72 
45 21 10 
9 92 51 
90 93 24 
55 39 70 
39 67 35 
88 43 13 
36 47 84 
13 49 67 
49 37 15 
86 98 48 
49 33 4 
28 63 73 
57 46 100 
59 97 92 
16 93 77 
24 94 13 
17 1 32 
38 2 85 
95 73 99 
8 52 74 
53 61 23 
29 16 68 
37 15 5 
26 54 48 
27 33 83 
17 99 75 
26 50 97 
52 56 24 
36 91 20 
18 94 68 
29 42 68 
82 20 60 
72 90 50 
100 73 49 
70 37 14 
68 28 58 
18 59 16 
85 18 4 
10 87 57 
30 41 71 
27 34 100 
16 67 76 
61 25 99 
96 53 6 
1 25 37 
39 11 62 
72 95 21 
12 95 66 
84 21 90 
2 100 51 
16 34 98 
44 35 56 
21 69 23 
52 83 3 
45 4 28 
46 61 76 
75 16 31 
44 11 9 
89 52 2 
23 25 41 
7 46 98 
66 63 94 
6 50 84 
11 48 30 
10 42 58 
36 56 65 
90 29 58 
11 58 78 
100 36 69 
21 64 72 
5 63 91 
27 25 46 
29 19 50 
92 8 66 
95 85 30 
15 8 39 
78 28 91 
93 86 47 
59 84 95 
69 82 7 
89 52 1 
49 12 13 
35 7 58 
32 78 84 
85 20 3 
90 86 69 
25 68 33 
43 96 92 
68 41 85 
32 51 33 
80 6 32 
26 56 69 
17 33 92 
83 2 40 
17 14 53 
97 80 22 
34 86 41 
54 26 79 
78 83 47 
26 11 19 
56 35 6 
40 91 82 
10 95 27 
64 57 54 
98 43 20 
5 4 36 
29 15 77 
17 16 18 
99 48 12 
10 76 95 
29 24 11 
84 71 76 
99 57 56 
51 56 18 
99 9 23 
43 17 40 
93 86 85 
5 56 58 
40 89 45 
13 6 53 
88 96 81 
56 19 35 
89 68 94 
45 48 96 
77 44 54 
92 31 39 
20 94 9 
9 50 41 
8 7 68 
86 57 55 
66 62 21 
75 46 93 
38 94 59 
94 10 53 
39 47 73 
56 54 79 
65 83 81 
4 7 86 
86 3 6 
51 26 17 
58 35 47 
19 64 44 
51 90 40 
10 43 45 
83 13 66 
65 64 93 
3 49 1 
5 64 76 
6 19 34 
100 70 15 
40 22 28 
45 41 55 
41 62 24 
15 86 72 
32 59 10 
19 100 55 
88 47 33 
3 55 52 
81 38 21 
73 80 32 
2 6 16 
67 88 40 
23 14 69 
4 69 83 
18 95 10 
19 56 63 
12 37 52 
58 88 53 
41 3 14 
3 58 32 
5 28 8 
31 19 66 
33 69 1 
100 72 19 
13 4 9 
30 7 36 
59 93 55 
66 81 29 
18 1 57 
97 79 50 
2 33 92 
42 37 64 
84 51 37 
71 1 68 
97 46 38 
86 32 27 
16 60 62 
13 21 34 
50 72 77 
45 6 21 
15 19 66 
40 98 65 
73 86 95 
72 78 22 
79 48 24 
28 24 46 
30 2 25 
17 70 65 
20 10 73 
18 51 66 
80 54 83 
61 65 66 
3 71 98 
13 7 53 
5 30 97 
2 89 75 
79 77 40 
51 15 21 
34 16 59 
54 15 1 
89 36 93 
20 82 80 
27 65 24 
89 69 88 
95 23 87 
18 96 91 
20 26 75 
23 32 97 
68 95 64 
49 31 10 
65 11 14 
38 36 60 
14 30 38 
66 99 37 
27 80 98 
20 82 77 
94 29 39 
98 78 56 
70 34 39 
42 80 39 
39 91 2 
70 45 33 
31 96 71 
63 68 87 
8 36 56 
74 54 20 
39 59 64 
34 10 22 
86 31 26 
88 42 48 
57 91 10 
72 61 65 
92 65 14 
97 84 57 
76 100 62 
58 78 70 
43 35 5 
49 62 56 
74 33 29 
5 73 21 
92 51 96 
89 64 23 
68 51 56 
49 29 27 
68 83 97 
71 78 77 
68 82 88 
46 49 14 
27 37 83 
23 36 22 
93 11 81 
77 35 1 
7 39 98 
4 42 5 
66 30 68 
89 25 57 
96 82 24 
60 74 13 
37 76 70 
55 22 18 
6 11 91 
23 34 84 
33 31 13 
13 51 42 
49 7 63 
78 64 19 
84 22 83 
59 80 93 
77 49 83 
32 85 37 
84 76 59 
94 51 17 
12 71 54 
23 16 20 
57 60 78 
61 22 27 
49 29 13 
2 52 88 
66 62 50 
77 86 11 
54 85 76 
3 89 71 
50 90 15 
56 1 44 
62 95 47 
38 74 68 
66 64 44 
53 55 51 
35 85 33 
43 2 25 
20 67 71 
24 16 76 
63 85 73 
23 79 27 
31 64 36 
64 6 99 
36 78 34 
41 18 2 
31 60 2 
4 20 34 
17 39 3 
65 70 4 
53 79 52 
15 26 43 
95 81 5 
35 39 19 
73 10 53 
40 2 59 
95 41 19 
56 18 29 
83 72 54 
24 88 63 
63 38 3 
99 20 22 
48 77 59 
45 67 12 
70 28 34 
9 87 8 
78 89 45 
46 9 2 
38 22 53 
17 20 99 
33 50 1 
14 49 97 
69 10 84 
49 21 54 
31 36 49 
38 59 68 
60 6 79 
31 84 95 
76 44 78 
15 82 6 
84 63 83 
29 33 47 
42 54 27 
2 68 72 
50 64 92 
62 3 60 
50 39 75 
67 69 37 
44 23 76 
83 9 26 
30 12 65 
43 89 67 
66 26 54 
16 37 79 
46 75 17 
48 4 85 
57 47 4 
58 43 71 
82 91 8 
22 5 59 
11 82 96 
75 44 71 
96 44 85 
17 59 29 
14 90 100 
36 75 53 
78 59 1 
95 35 53 
34 80 22 
76 56 90 
33 42 77 
45 41 65 
33 1 29 
72 9 65 
100 31 12 
93 50 83 
56 11 7 
59 83 18 
27 12 28 
80 60 83 
91 92 75 
9 6 52 
35 87 49 
11 33 86 
40 55 21 
82 53 45 
83 66 24 
45 78 92 
11 54 65 
93 38 78 
17 38 63 
25 100 76 
24 53 39 
38 48 35 
81 45 3 
99 18 1 
96 74 76 
76 44 56 
30 39 87 
39 30 78 
87 11 10 
74 50 73 
27 35 40 
93 27 20 
11 1 8 
46 9 6 
56 25 42 
44 82 93 
38 83 97 
3 65 49 
88 87 9 
86 30 66 
75 83 97 
77 75 48 
81 52 71 
85 87 84 
86 21 4 
68 60 25 
1 44 42 
39 69 65 
53 46 75 
8 39 57 
83 70 46 
77 34 82 
37 65 75 
50 61 89 
75 74 76 
89 40 98 
48 21 66 
19 89 24 
3 50 24 
41 76 33 
15 96 25 
50 16 54 
3 39 47 
76 5 10 
80 98 83 
31 51 77 
14 100 97 
61 28 4 
28 48 81 
42 53 7 
28 44 57 
58 74 10 
42 3 73 
27 78 54 
7 27 54 
31 2 11 
62 3 8 
6 35 27 
87 47 73 
48 71 79 
21 89 1 
33 59 16 
14 96 68 
17 19 93 
21 54 40 
6 47 13 
58 36 83 
79 44 100 
10 73 44 
34 89 71 
50 92 9 
44 86 3 
23 7 6 
56 40 57 
91 88 92 
26 67 82 
53 44 12 
8 22 19 
2 21 26 
43 66 19 
66 32 89 
23 6 88 
67 63 50 
58 15 45 
21 3 39 
34 18 58 
79 71 44 
96 4 57 
20 24 87 
56 75 21 
61 97 15 
4 56 88 
62 1 9 
19 39 95 
75 36 11 
50 76 73 
80 85 9 
95 56 37 
19 59 82 
10 69 32 
73 60 39 
17 97 63 
80 60 98 
65 59 36 
61 32 94 
45 30 20 
28 70 7 
98 100 95 
45 65 29 
4 66 78 
93 39 85 
100 93 95 
96 37 42 
92 37 17 
46 55 24 
21 88 16 
16 39 40 
43 34 27 
76 60 38 
96 30 37 
40 60 6 
82 26 83 
64 44 59 
44 1 76 
34 60 64 
48 85 14 
77 36 34 
16 50 32 
11 82 15 
81 86 11 
71 25 24 
38 34 66 
34 31 46 
61 76 75 
52 63 14 
95 84 73 
68 74 81 
37 30 12 
96 50 32 
41 46 79 
21 4 97 
81 90 50 
25 26 24 
40 11 27 
37 59 11 
78 86 70 
49 3 78 
39 64 16 
49 26 44 
37 31 61 
96 14 40 
49 51 36 
12 1 11 
72 88 23 
56 77 28 
22 100 59 
96 33 48 
80 25 82 
38 20 62 
87 96 66 
42 66 35 
98 74 6 
87 96 37 
49 86 30 
5 23 31 
89 97 43 
99 84 23 
43 78 81 
52 13 78 
88 87 43 
79 36 17 
17 24 61 
52 53 58 
86 31 6 
70 51 44 
23 60 68 
84 26 35 
95 31 40 
50 26 45 
9 38 58 
94 79 97 
23 46 9 
27 33 5 
22 90 28 
95 60 82 
7 51 46 
67 95 30 
61 96 57 
51 35 98 
35 94 20 
16 7 70 
63 27 35 
48 26 65 
44 13 60 
41 63 15 
27 64 20 
31 9 66 
4 6 7 
10 15 35 
58 45 16 
97 44 38 
64 51 26 
20 41 43 
74 83 70 
1 70 12 
36 98 61 
99 44 86 
46 84 67 
9 47 73 
45 37 66 
53 47 78 
75 89 79 
17 60 26 
73 98 90 
40 14 46 
70 22 94 
67 38 73 
64 52 51 
75 33 67 
30 88 90 
80 58 65 
56 81 42 
6 2 22 
45 96 97 
90 96 57 
1 45 10 
20 42 38 
45 98 49 
2 37 57 
87 2 24 
13 80 97 
34 7 16 
21 73 34 
86 58 23 
37 4 26 
42 53 89 
1 64 42 
77 48 90 
22 18 27 
63 32 39 
15 95 12 
64 58 25 
32 10 41 
58 29 75 
47 13 43 
79 43 31 
38 23 21 
8 45 14 
38 91 25 
89 93 10 
60 97 47 
92 74 29 
70 85 9 
84 66 91 
77 47 39 
14 50 8 
3 86 81 
40 71 87 
9 46 30 
71 99 93 
63 70 75 
52 48 79 
43 40 9 
84 82 11 
59 5 56 
52 44 33 
18 28 23 
6 82 74 
9 30 80 
70 67 84 
45 43 56 
66 25 64 
19 36 43 
56 71 16 
79 66 90 
15 46 87 
17 82 84 
20 85 90 
17 62 38 
61 2 25 
60 18 92 
89 24 82 
61 4 26 
18 7 53 
66 43 54 
47 66 32 
87 68 26 
74 47 40 
85 89 90 
19 27 72 
30 60 47 
23 90 36 
45 22 89 
12 60 32 
2 58 4 
4 94 61 
64 81 89 
94 65 84 
93 50 12 
97 77 44 
88 83 9 
56 79 27 
13 76 44 
53 6 100 
39 27 91 
36 7 73 
6 17 92 
14 80 52 
16 69 35 
71 30 37 
47 55 5 
49 34 5 
66 55 79 
24 60 18 
77 33 73 
13 12 79 
16 75 51 
45 41 14 
96 77 37 
41 1 16 
49 62 45 
47 3 63 
54 15 86 
46 59 66 
6 77 59 
90 15 68 
13 22 3 
10 68 18 
61 56 81 
51 83 57 
34 15 2 
49 55 6 
27 26 44 
22 47 57 
50 47 52 
41 82 42 
37 62 6 
31 20 10 
33 48 43 
89 48 12 
31 25 22 
45 88 70 
55 77 62 
55 25 21 
19 39 28 
97 96 41 
41 80 42 
42 76 4 
52 12 39 
3 23 99 
17 78 97 
14 19 16 
80 53 90 
14 81 61 
99 33 26 
67 80 85 
39 78 8 
75 1 7 
35 11 44 
56 4 35 
79 28 26 
61 96 56 
65 77 42 
35 67 12 
18 86 47 
99 100 78 
16 48 17 
71 90 27 
3 28 2 
64 89 67 
80 25 63 
21 13 94 
42 100 51 
2 64 28 
7 8 24 
7 87 11 
24 26 15 
2 94 30 
74 61 91 
72 57 68 
87 20 73 
4 30 78 
76 3 63 
48 71 3 
34 32 12 
44 62 25 
94 77 20 
9 45 8 
48 29 83 
4 42 68 
65 80 71 
84 79 69 
40 55 52 
86 52 67 
62 95 60 
19 2 28 
40 44 98 
35 78 76 
31 42 5 
77 43 26 
55 85 94 
38 54 2 
86 61 12 
56 25 74 
72 35 85 
40 3 73 
69 97 25 
17 81 21 
5 28 29 
1 50 28 
99 57 10 
17 22 66 
54 36 57 
59 83 33 
24 37 63 
58 15 39 
78 32 58 
8 39 81 
43 7 66 
29 53 73 
8 78 52 
60 57 5 
21 16 46 
63 3 71 
68 31 46 
39 66 43 
77 52 6 
61 43 71 
70 22 82 
67 85 32 
8 17 91 
7 6 19 
3 19 7 
46 3 90 
15 27 13 
92 2 18 
63 17 57 
84 32 46 
84 56 100 
22 64 78 
46 72 41 
35 41 45 
59 34 55 
95 67 76 
58 96 70 
26 66 15 
72 69 46 
15 61 63 
66 4 5 
72 93 60 
29 83 75 
15 13 88 
5 19 72 
21 92 44 
46 43 91 
40 90 76 
39 97 86 
44 85 18 
8 36 94 
10 13 26 
56 62 82 
80 63 22 
43 41 13 
7 26 83 
49 90 3 
1 3 4 
81 29 36 
100 64 55 
3 98 90 
68 45 48 
13 80 94 
97 79 17 
39 86 9 
22 59 6 
100 1 30 
99 9 3 
95 4 56 
25 41 74 
77 56 86 
1 24 65 
1 37 79 
74 45 5 
62 60 83 
58 21 51 
89 24 60 
13 67 38 
99 50 7 
80 59 50 
35 11 59 
72 6 19 
17 7 88 
30 75 47 
70 20 31 
81 74 2 
20 62 48 
52 26 11 
39 86 8 
16 81 62 
67 59 20 
73 99 14 
37 60 4 
64 73 53 
51 30 83 
24 81 15 
84 67 83 
15 93 71 
44 55 29 
80 19 82 
46 71 19 
3 10 31 
45 43 54 
57 31 8 
30 58 17 
49 80 48 
93 46 4 
100 8 21 
94 15 40 
89 98 68 
66 79 88 
40 76 24 
16 89 22 
21 32 71 
64 67 47 
32 55 51 
18 32 25 
86 7 20 
7 1 2 
98 40 41 
69 59 27 
14 12 11 
31 28 32 
48 100 34 
18 3 8 
93 2 21 
27 29 57 
11 99 62 
69 85 66 
50 26 42 
54 15 97 
18 89 67 
53 44 23 
68 69 8 
2 53 64 
31 54 35 
31 24 18 
8 39 87 
16 33 5 
18 64 65 
7 24 43 
88 37 24 
18 6 77 
9 32 25 
66 29 50 
97 37 83 
73 31 48 
31 21 3 
25 19 10 
90 99 19 
23 95 69 
31 27 18 
82 61 26 
51 90 38 
73 82 52 
20 64 46 
70 97 68 
2 27 87 
34 13 36 
60 73 96 
34 65 16 
20 39 97 
85 67 16 
44 63 49 
21 95 30 
81 31 86 
97 22 26 
94 79 10 
77 35 39 
52 5 32 
83 32 44 
54 26 19 
51 1 4 
52 41 27 
12 58 89 
55 9 56 
14 45 68 
56 87 36 
59 53 13 
43 63 37 
59 87 90 
53 83 62 
84 76 72 
64 7 77 
64 98 7 
35 94 19 
45 55 68 
62 17 9 
14 47 8 
87 91 53 
67 62 29 
71 20 45 
83 73 19 
74 47 53 
11 87 66 
85 3 19 
66 38 54 
36 78 33 
41 58 63 
91 74 7 
100 76 92 
15 53 9 
93 61 94 
100 32 11 
85 21 92 
50 16 55 
48 90 24 
74 26 90 
6 10 35 
80 42 65 
76 10 80 
75 87 99 
71 67 18 
80 22 24 
38 50 96 
83 100 99 
68 21 96 
43 40 31 
68 25 53 
70 29 82 
3 58 7 
25 46 7 
11 20 2 
54 59 65 
16 79 95 
29 90 33 
45 76 8 
64 83 63 
80 60 52 
6 65 51 
43 91 54 
31 3 13 
3 65 71 
21 30 38 
43 61 63 
72 14 89 
26 38 63 
24 78 96 
92 17 18 
17 65 100 
79 91 23 
15 6 4 
27 79 66 
100 64 34 
41 50 38 
37 68 2 
12 10 52 
11 81 1 
43 99 17 
83 42 23 
86 32 25 
63 37 97 
49 52 77 
69 60 70 
97 99 58 
35 60 76 
90 94 38 
8 37 96 
89 92 85 
77 82 97 
56 36 12 
100 33 18 
95 48 96 
75 41 34 
77 2 50 
88 70 83 
94 55 78 
89 42 83 
44 63 16 
25 87 93 
78 66 51 
24 19 82 
49 19 16 
15 71 47 
37 11 54 
34 54 46 
55 75 60 
100 3 64 
97 96 56 
17 13 15 
49 91 19 
76 85 17 
31 84 67 
21 64 100 
82 15 68 
28 40 83 
92 23 24 
28 56 73 
3 16 30 
53 85 90 
93 56 83 
72 69 13 
10 57 13 
65 73 91 
12 17 47 
17 31 29 
49 29 51 
3 82 28 
70 4 77 
73 93 8 
88 52 86 
49 95 100 
43 98 57 
74 6 78 
80 24 69 
66 33 69 
10 97 54 
1 78 97 
67 12 77 
31 23 76 
27 88 10 
56 43 100 
14 7 94 
77 6 89 
37 55 89 
27 46 14 
85 28 54 
9 64 36 
54 86 44 
71 73 11 
21 50 74 
47 16 30 
9 40 10 
63 77 66 
81 83 71 
94 86 99 
25 85 37 
17 11 1 
93 96 97 
48 63 10 
67 49 97 
29 48 13 
24 59 22 
17 77 24 
75 79 94 
85 86 76 
83 5 69 
67 56 69 
89 80 46 
36 41 12 
15 48 44 
48 15 8 
94 76 39 
1 6 43 
15 84 89 
12 70 59 
26 5 46 
43 21 65 
47 25 82 
8 59 17 
27 73 70 
37 19 17 
74 54 72 
96 100 51 
72 57 38 
50 100 47 
35 80 6 
65 10 22 
57 3 75 
50 5 98 
91 85 94 
64 53 79 
29 63 78 
62 81 12 
27 77 98 
27 86 37 
78 69 63 
65 10 52 
52 51 54 
45 73 100 
88 25 78 
89 69 85 
27 97 62 
25 30 37 
25 21 74 
69 80 94 
33 58 57 
19 54 33 
63 29 71 
47 1 85 
75 70 14 
12 11 37 
81 32 73 
99 100 48 
91 85 97 
35 94 9 
97 80 3 
54 13 28 
56 2 84 
23 38 45 
62 76 88 
66 6 61 
3 52 9 
82 81 41 
98 99 7 
42 86 33 
81 29 69 
45 60 10 
44 63 53 
51 15 1 
95 18 52 
85 63 81 
25 36 8 
16 69 20 
22 81 55 
34 42 15 
81 19 92 
42 23 99 
80 26 1 
9 98 65 
35 96 86 
90 48 54 
77 6 74 
73 5 76 
80 53 62 
52 13 23 
37 52 51 
29 7 53 
11 54 88 
17 47 52 
11 22 99 
83 46 35 
57 31 45 
35 91 78 
38 16 28 
82 1 50 
48 11 78 
74 35 76 
36 29 78 
45 40 55 
54 74 51 
35 61 11 
74 95 29 
12 42 83 
6 91 57 
71 65 30 
12 68 87 
72 40 90 
10 33 47 
27 92 88 
61 100 16 
6 54 58 
36 63 66 
33 20 59 
77 52 5 
63 57 36 
41 68 78 
44 5 54 
11 10 2 
6 35 71 
91 27 60 
49 92 48 
25 62 78 
47 44 1 
12 27 19 
77 8 100 
92 14 35 
46 21 60 
90 16 62 
62 18 60 
99 77 31 
60 73 66 
34 94 32 
64 95 63 
3 57 10 
22 35 8 
22 89 10 
83 29 7 
18 61 40 
25 72 46 
70 53 76 
60 89 68 
21 46 3 
36 95 7 
27 33 2 
29 94 32 
65 59 1 
64 17 95 
55 94 75 
44 69 92 
67 25 74 
22 86 51 
57 84 32 
26 59 17 
8 74 96 
97 85 7 
76 36 80 
17 28 31 
17 79 68 
78 70 15 
76 62 56 
97 79 63 
63 83 61 
15 42 69 
66 93 22 
29 45 70 
10 47 5 
56 25 81 
27 48 73 
25 76 41 
67 76 25 
99 52 59 
16 68 24 
37 34 31 
52 49 54 
71 1 97 
23 95 36 
20 5 48 
3 24 25 
74 37 89 
98 88 97 
38 11 85 
48 92 84 
71 80 19 
92 99 48 
99 53 87 
72 76 70 
75 100 79 
19 14 60 
67 23 57 
98 5 79 
66 4 10 
27 58 86 
3 4 34 
46 47 67 
100 91 61 
75 89 59 
4 68 15 
100 70 53 
26 42 84 
68 21 74 
39 13 82 
21 81 25 
68 75 81 
77 18 32 
54 78 18 
77 34 9 
24 15 18 
37 46 96 
86 4 17 
54 5 56 
68 36 81 
14 73 69 
15 89 67 
73 44 58 
60 97 62 
40 1 67 
13 16 51 
35 42 15 
90 3 60 
85 50 60 
73 81 85 
6 32 79 
65 69 38 
85 81 37 
3 33 19 
96 63 76 
6 5 42 
11 24 63 
1 37 12 
35 59 22 
82 34 50 
36 96 72 
83 67 71 
64 68 6 
82 27 57 
23 53 68 
22 12 53 
43 86 10 
7 32 17 
95 97 72 
38 27 76 
94 9 47 
23 52 70 
92 99 77 
23 46 88 
99 34 11 
83 3 35 
66 51 33 
9 58 78 
24 20 12 
67 50 20 
68 96 64 
26 33 98 
95 76 72 
50 34 90 
68 31 49 
35 94 6 
95 82 79 
17 57 5 
7 44 36 
59 78 72 
15 90 44 
74 30 41 
88 95 90 
83 29 5 
71 95 52 
19 84 70 
91 64 60 
23 53 8 
39 14 60 
66 73 37 
11 32 84 
25 37 92 
66 37 81 
75 9 69 
1 28 54 
77 51 48 
96 31 30 
54 80 15 
97 44 78 
75 40 37 
2 21 78 
58 81 10 
53 5 86 
30 4 39 
2 59 80 
25 29 61 
3 79 12 
22 66 45 
62 98 29 
75 74 41 
84 100 67 
14 77 66 
87 91 23 
1 79 11 
30 64 48 
45 55 18 
80 86 7 
12 14 48 
71 2 96 
52 30 31 
28 39 83 
46 67 4 
11 96 90 
55 24 8 
45 73 72 
21 83 95 
91 88 98 
38 51 70 
64 99 57 
57 96 91 
29 41 93 
11 62 89 
97 30 47 
73 51 44 
13 16 86 
26 15 20 
29 50 40 
59 55 74 
89 57 22 
47 21 10 
29 75 56 
19 20 13 
70 89 42 
16 88 20 
94 84 87 
53 93 49 
58 27 37 
17 35 32 
89 81 57 
90 2 99 
25 16 32 
17 70 25 
37 56 72 
54 30 56 
54 21 15 
5 96 60 
39 58 90 
84 17 27 
44 14 56 
10 44 35 
12 57 54 
25 20 32 
92 22 15 
88 70 84 
13 29 54 
35 1 90 
6 11 80 
4 2 95 
16 87 50 
91 66 55 
49 37 75 
30 46 23 
66 39 53 
62 84 8 
61 48 56 
100 16 72 
68 85 78 
47 20 21 
89 88 29 
61 7 81 
60 49 41 
31 93 76 
51 28 52 
21 84 94 
6 46 94 
32 1 61 
89 95 38 
25 17 42 
88 35 50 
33 62 80 
36 80 95 
7 26 56 
85 23 4 
65 9 10 
18 70 5 
79 11 46 
13 31 63 
70 37 84 
21 7 59 
88 45 47 
58 32 88 
35 63 66 
70 34 32 
97 48 31 
3 67 35 
70 29 38 
26 28 40 
79 8 38 
65 80 70 
27 67 85 
47 39 13 
16 60 43 
73 39 62 
81 65 86 
45 15 33 
23 68 36 
69 94 71 
100 35 65 
6 17 34 
92 70 72 
78 85 4 
62 82 76 
77 90 61 
42 59 89 
66 70 38 
28 71 87 
81 51 29 
100 28 15 
23 99 72 
31 68 40 
71 22 15 
100 94 43 
72 78 34 
92 65 42 
28 19 53 
39 73 11 
54 35 75 
84 26 78 
94 38 43 
71 37 19 
28 38 97 
11 90 49 
61 83 18 
44 64 4 
18 92 63 
64 34 96 
52 24 42 
65 16 25 
89 61 54 
25 15 6 
59 3 44 
23 32 22 
83 30 20 
55 39 9 
81 47 12 
74 62 90 
62 59 87 
33 9 54 
88 43 35 
91 11 67 
41 55 61 
98 68 37 
58 54 83 
7 61 32 
21 50 28 
28 72 40 
80 67 44 
55 70 13 
35 67 36 
83 34 69 
9 70 87 
43 39 99 
84 80 29 
42 33 44 
4 27 78 
93 24 13 
96 26 31 
69 84 29 
87 12 27 
64 29 98 
89 62 15 
64 53 93 
77 37 44 
15 33 20 
90 89 57 
35 21 14 
51 6 91 
84 87 34 
7 73 67 
33 100 45 
60 58 4 
97 74 10 
64 74 39 
46 84 93 
94 58 26 
53 95 73 
27 7 50 
10 88 9 
33 34 74 
96 5 82 
56 72 22 
37 34 91 
30 45 95 
75 21 3 
98 96 41 
34 54 4 
81 67 73 
24 20 10 
32 8 94 
46 28 75 
51 29 32 
82 63 36 
73 40 50 
84 98 32 
20 65 36 
81 28 36 
5 48 31 
2 91 75 
22 52 69 
41 18 54 
30 48 38 
53 71 64 
70 76 6 
20 96 10 
10 58 8 
52 87 89 
29 68 39 
90 92 3 
53 55 17 
59 88 29 
17 40 4 
54 16 57 
57 4 40 
81 75 54 
1 49 48 
97 74 20 
66 89 36 
88 52 23 
58 39 49 
27 11 85 
72 86 68 
39 33 91 
78 41 63 
52 78 50 
86 54 70 
16 78 39 
3 51 89 
57 100 8 
33 13 76 
55 24 13 
34 11 73 
7 61 54 
65 22 88 
65 8 24 
99 79 64 
13 44 15 
99 3 78 
36 68 34 
54 25 17 
17 60 42 
13 8 33 
63 61 14 
44 85 1 
45 64 9 
59 92 61 
39 91 82 
67 94 10 
95 76 81 
99 52 53 
49 72 5 
72 28 4 
50 91 13 
89 63 20 
89 53 82 
82 59 30 
26 100 44 
66 26 87 
22 50 25 
46 55 67 
5 73 45 
79 21 48 
20 89 24 
35 20 59 
16 83 88 
66 54 46 
4 58 3 
87 23 28 
36 32 68 
83 37 8 
23 63 48 
63 18 8 
57 22 26 
12 16 78 
63 99 60 
47 23 72 
90 4 94 
35 59 86 
15 24 98 
79 33 46 
44 95 93 
2 78 43 
24 66 41 
36 76 38 
35 32 38 
19 33 51 
37 68 91 
17 4 12 
15 18 4 
71 31 8 
80 59 53 
38 23 5 
21 5 36 
55 16 57 
32 50 6 
81 1 77 
1 43 96 
70 49 53 
95 13 43 
5 65 71 
18 89 7 
19 37 92 
72 64 99 
63 6 15 
13 28 100 
94 84 41 
69 50 8 
40 67 7 
54 78 21 
16 11 18 
71 37 90 
15 53 67 
33 46 6 
22 82 31 
22 13 42 
32 81 64 
2 41 71 
90 37 65 
67 55 25 
56 65 86 
62 61 36 
90 31 92 
40 39 89 
15 2 97 
36 51 73 
64 87 11 
15 28 33 
68 46 20 
45 60 22 
67 19 61 
12 78 81 
62 36 2 
16 99 98 
13 84 2 
73 85 58 
33 38 84 
60 65 91 
100 64 86 
43 77 69 
8 27 12 
89 88 61 
17 74 6 
50 47 24 
6 97 5 
64 9 8 
70 35 49 
23 18 81 
97 51 40 
57 31 75 
48 37 56 
68 93 90 
45 27 29 
21 99 97 
20 100 2 
56 84 4 
21 92 84 
29 78 35 
2 28 26 
60 9 56 
83 38 9 
58 49 13 
100 34 4 
49 99 91 
76 20 54 
47 18 23 
79 22 29 
47 85 37 
59 11 53 
99 3 18 
16 52 10 
24 100 50 
53 36 44 
52 48 35 
89 62 59 
56 75 24 
6 61 35 
10 7 37 
66 74 28 
67 99 27 
14 59 61 
26 82 25 
12 11 22 
78 17 28 
53 35 55 
85 62 34 
19 32 25 
68 27 43 
33 62 54 
27 91 58 
97 79 23 
34 8 35 
62 51 98 
31 73 23 
14 13 4 
92 97 11 
12 36 79 
94 79 57 
67 51 55 
61 23 100 
3 39 75 
40 24 53 
16 61 43 
92 77 62 
47 31 18 
70 49 46 
96 4 37 
5 48 19 
26 100 75 
64 99 39 
63 62 61 
83 29 69 
72 89 71 
87 46 80 
25 22 76 
6 79 54 
52 36 48 
100 52 68 
46 6 92 
14 3 57 
69 5 41 
81 80 35 
95 45 8 
56 35 62 
88 85 58 
72 97 45 
53 67 71 
72 80 28 
72 56 45 
14 27 84 
50 11 56 
2 25 91 
25 28 33 
37 11 61 
30 96 70 
57 2 34 
30 32 29 
13 29 14 
22 21 3 
29 100 77 
54 10 22 
100 18 23 
91 36 90 
90 93 61 
86 14 15 
79 91 52 
69 11 88 
66 5 99 
15 54 44 
32 24 53 
83 15 28 
54 67 65 
15 60 33 
6 69 9 
87 18 81 
95 81 7 
43 48 37 
81 71 24 
89 63 88 
63 81 82 
41 26 68 
14 27 86 
85 87 100 
54 26 57 
38 65 86 
25 44 15 
9 84 12 
21 75 49 
96 74 26 
12 57 21 
53 4 92 
34 52 88 
17 85 88 
21 76 27 
1 41 79 
83 46 91 
23 1 82 
66 9 20 
15 11 95 
1 28 92 
74 21 35 
18 33 81 
23 28 79 
60 75 26 
52 80 94 
21 45 2 
68 79 26 
5 87 62 
33 12 85 
21 67 24 
59 94 33 
43 32 40 
49 33 27 
1 64 30 
94 43 20 
28 6 48 
100 91 87 
36 73 12 
13 61 40 
95 17 48 
80 67 86 
47 41 27 
46 71 43 
24 61 73 
94 82 20 
42 66 86 
43 65 100 
18 67 23 
90 73 97 
95 83 16 
20 49 50 
41 17 50 
7 46 40 
11 33 22 
11 95 16 
53 98 22 
83 92 27 
79 19 42 
31 65 50 
37 60 65 
79 81 96 
55 86 15 
99 88 1 
40 7 68 
86 33 63 
93 23 43 
17 64 41 
58 52 49 
78 85 28 
79 44 86 
38 23 65 
83 17 46 
56 11 39 
72 84 18 
52 20 26 
46 49 4 
6 89 91 
98 43 18 
98 69 11 
59 81 66 
42 86 95 
86 29 57 
61 98 47 
83 70 1 
52 41 2 
25 76 96 
49 86 21 
26 89 28 
66 74 41 
35 100 97 
7 35 24 
33 30 29 
75 22 35 
33 67 27 
62 88 6 
38 50 23 
1 80 73 
39 88 64 
31 55 80 
36 70 81 
99 29 18 
13 74 63 
87 97 28 
57 92 16 
8 85 49 
70 16 40 
97 35 76 
61 92 9 
85 8 7 
44 10 2 
29 66 86 
30 85 46 
34 72 35 
6 31 41 
19 91 80 
29 73 38 
77 16 48 
20 90 37 
96 56 39 
55 37 30 
24 90 44 
17 49 50 
81 23 46 
19 17 22 
13 81 2 
26 68 75 
47 89 70 
9 44 35 
82 62 47 
47 11 66 
9 54 41 
73 85 41 
89 55 65 
17 7 58 
53 57 12 
15 69 17 
96 13 29 
38 5 44 
8 97 92 
48 28 61 
12 2 27 
63 99 55 
87 97 70 
12 7 68 
29 28 26 
69 63 94 
38 10 14 
53 38 61 
22 61 42 
82 40 67 
65 99 39 
85 65 24 
7 40 49 
38 18 42 
50 11 78 
84 14 60 
98 43 28 
17 70 86 
15 64 100 
20 57 16 
20 1 44 
19 3 68 
69 40 33 
67 84 39 
99 12 76 
3 17 92 
9 71 57 
2 73 92 
97 79 99 
62 9 8 
94 40 29 
20 62 91 
38 12 26 
99 77 83 
81 61 78 
66 15 84 
76 85 79 
76 66 78 
31 39 27 
17 13 67 
69 57 27 
70 99 63 
100 91 46 
96 39 82 
43 28 51 
31 16 5 
30 89 68 
71 74 7 
31 100 77 
92 66 69 
56 3 16 
84 29 86 
18 73 83 
47 17 33 
9 4 7 
71 20 22 
56 92 49 
57 70 58 
77 29 44 
74 19 52 
32 60 62 
29 25 59 
26 80 72 
2 98 83 
5 84 88 
99 15 23 
82 22 98 
31 56 90 
72 2 11 
93 34 8 
98 21 43 
20 4 88 
85 56 47 
35 94 100 
43 22 67 
62 97 22 
93 84 42 
92 83 95 
32 80 54 
43 24 39 
45 31 18 
83 12 36 
99 3 17 
92 24 70 
92 1 15 
2 82 72 
66 68 12 
43 77 98 
51 3 11 
63 70 6 
34 90 31 
26 51 35 
75 32 40 
2 68 34 
59 49 95 
26 57 66 
24 39 4 
95 77 73 
99 82 23 
15 46 24 
24 29 51 
29 100 59 
58 53 14 
39 92 57 
61 29 27 
44 97 66 
90 84 51 
6 20 72 
29 88 68 
19 1 93 
35 42 16 
69 49 17 
34 90 77 
43 18 13 
59 20 97 
75 76 41 
54 80 84 
17 30 62 
34 88 99 
97 5 99 
18 69 36 
39 65 29 
44 84 68 
85 52 37 
4 35 22 
85 62 61 
67 49 28 
33 97 59 
55 37 10 
81 12 76 
9 95 89 
58 14 84 
25 82 24 
83 15 65 
82 92 18 
62 73 96 
13 48 17 
6 96 66 
55 99 93 
13 18 3 
56 93 4 
87 10 36 
1 76 23 
40 48 97 
60 53 28 
80 67 92 
61 69 41 
41 25 78 
21 83 76 
53 91 21 
7 24 49 
66 56 1 
8 4 29 
14 78 71 
55 12 16 
26 20 64 
65 6 24 
38 50 82 
29 39 15 
22 58 33 
19 96 61 
37 27 32 
47 83 46 
46 36 78 
24 35 3 
44 11 48 
50 61 21 
93 8 86 
76 57 9 
76 1 82 
2 89 40 
83 47 72 
80 100 14 
62 13 69 
96 79 41 
75 35 20 
42 36 85 
86 70 25 
22 48 69 
33 74 75 
55 39 15 
61 36 75 
60 87 30 
53 52 72 
96 7 43 
67 55 35 
15 65 90 
85 83 13 
91 62 69 
28 10 82 
30 38 45 
57 40 25 
91 74 93 
20 52 12 
3 18 15 
47 72 53 
21 3 48 
71 20 70 
68 48 16 
66 11 64 
32 44 94 
9 100 83 
90 61 45 
1 33 75 
67 47 42 
9 34 49 
90 20 95 
43 73 17 
36 47 73 
59 56 52 
43 66 71 
82 97 88 
80 16 30 
87 39 76 
69 59 49 
70 98 92 
23 48 7 
5 39 34 
7 67 78 
9 23 92 
63 40 61 
89 52 30 
16 86 90 
5 39 74 
22 98 57 
67 35 62 
36 55 76 
57 58 27 
3 26 81 
18 3 20 
57 28 24 
50 19 46 
73 61 82 
7 15 90 
3 16 38 
36 34 72 
34 5 85 
44 41 76 
19 32 37 
19 6 74 
37 54 14 
81 38 42 
10 71 91 
44 10 55 
7 32 91 
59 45 36 
78 12 21 
98 83 97 
70 47 80 
7 57 24 
98 63 93 
6 67 32 
96 53 100 
7 27 23 
86 40 64 
41 82 97 
64 60 73 
69 16 49 
12 19 4 
88 11 37 
88 82 49 
58 96 25 
33 28 95 
26 55 59 
17 76 3 
8 7 53 
28 27 65 
52 65 90 
95 84 77 
5 35 88 
99 76 33 
35 38 33 
87 97 67 
27 24 60 
20 25 78 
98 74 40 
26 17 94 
95 40 38 
28 25 65 
12 76 87 
59 58 57 
84 37 33 
72 54 70 
94 22 76 
32 76 75 
61 95 58 
47 87 90 
36 20 89 
98 79 21 
2 100 4 
4 37 11 
55 4 21 
6 98 66 
22 95 20 
72 16 68 
8 86 49 
31 73 27 
35 92 89 
70 91 74 
61 84 33 
45 56 31 
34 72 49 
76 23 58 
15 78 88 
100 36 66 
56 38 30 
90 95 54 
54 31 72 
86 57 97 
37 31 14 
3 21 15 
92 16 36 
70 95 74 
27 59 33 
1 73 32 
87 31 11 
14 32 31 
59 49 28 
66 52 34 
47 17 46 
17 70 15 
55 88 68 
41 51 39 
18 77 25 
48 5 92 
57 13 93 
44 2 9 
36 21 46 
27 61 37 
37 26 20 
52 39 48 
20 84 16 
4 49 68 
85 51 6 
55 19 98 
91 97 32 
26 29 47 
67 29 60 
69 55 19 
76 49 32 
38 68 82 
63 100 82 
19 22 18 
23 22 73 
36 87 63 
81 7 38 
64 79 47 
20 50 25 
12 15 86 
89 53 38 
96 14 80 
44 5 78 
72 29 61 
22 3 44 
63 53 50 
65 51 88 
98 33 46 
4 32 56 
69 9 84 
58 79 25 
41 53 27 
87 70 48 
18 42 5 
51 30 15 
8 79 20 
86 84 98 
27 73 98 
27 54 34 
75 50 68 
65 49 64 
98 80 17 
13 47 10 
18 32 34 
80 66 3 
58 43 52 
65 25 4 
14 32 79 
42 55 7 
72 69 39 
58 10 43 
55 70 9 
39 87 85 
10 48 33 
97 36 5 
55 94 90 
70 82 58 
10 56 66 
95 77 44 
28 9 50 
65 26 93 
36 34 91 
92 68 19 
71 67 96 
25 6 79 
54 82 74 
70 47 45 
30 26 15 
65 54 77 
31 64 30 
15 20 3 
12 62 64 
72 59 4 
43 10 61 
52 44 35 
99 76 45 
23 18 32 
9 95 73 
86 62 69 
43 42 48 
12 57 52 
68 45 52 
36 60 20 
88 25 41 
13 70 14 
14 58 23 
16 68 30 
90 12 62 
17 49 52 
26 66 91 
48 16 62 
75 2 22 
21 97 17 
77 66 71 
100 12 27 
25 43 96 
49 2 18 
88 2 49 
29 37 55 
41 54 32 
46 51 31 
13 60 66 
21 50 10 
27 32 8 
13 88 21 
71 26 68 
99 28 57 
86 58 40 
87 38 21 
72 80 18 
72 58 27 
59 75 14 
17 50 85 
61 94 57 
18 55 43 
33 32 8 
84 100 41 
44 3 11 
93 34 37 
74 34 19 
24 66 45 
7 39 88 
97 14 24 
52 12 38 
87 27 41 
41 29 82 
60 53 79 
17 59 33 
12 29 87 
35 58 9 
40 8 35 
41 8 50 
82 65 14 
64 47 95 
22 99 75 
33 18 60 
78 15 18 
64 19 77 
90 16 88 
13 85 30 
35 61 66 
31 81 95 
70 62 73 
30 88 28 
66 27 63 
51 70 56 
29 73 25 
76 63 29 
21 70 71 
80 45 59 
88 74 11 
13 2 77 
53 49 33 
90 10 1 
15 1 88 
98 40 45 
28 69 1 
18 74 27 
15 27 93 
99 2 35 
55 29 4 
89 23 97 
8 97 91 
21 73 26 
35 97 61 
75 70 69 
17 81 58 
4 41 40 
33 5 58 
36 86 17 
78 65 1 
73 44 76 
34 25 17 
58 53 15 
72 28 88 
51 71 39 
89 81 32 
64 90 91 
98 43 29 
30 40 87 
43 91 35 
74 41 47 
73 32 56 
8 78 48 
58 71 45 
56 29 24 
87 31 23 
69 51 41 
56 14 92 
62 27 87 
89 41 51 
13 27 9 
92 95 46 
60 34 94 
63 36 22 
88 76 41 
80 51 60 
4 93 11 
71 38 8 
81 87 46 
78 32 15 
91 65 21 
20 93 64 
46 78 15 
8 85 68 
6 49 81 
98 70 59 
77 71 55 
16 2 94 
38 42 94 
23 69 31 
59 34 44 
50 33 49 
80 17 25 
88 97 8 
72 80 87 
25 19 57 
59 58 6 
74 75 79 
16 82 26 
1 17 87 
93 98 22 
86 24 70 
74 66 86 
20 54 34 
49 85 15 
67 44 48 
30 73 83 
40 68 100 
52 26 93 
88 85 33 
1 95 19 
14 77 1 
66 21 93 
3 62 41 
68 41 30 
29 36 87 
98 68 17 
39 98 62 
19 5 74 
3 65 78 
78 68 86 
91 78 94 
20 88 12 
82 98 81 
21 37 70 
74 73 45 
25 100 96 
20 25 61 
93 24 2 
67 19 95 
81 92 37 
62 77 47 
2 34 63 
17 26 31 
64 50 97 
38 97 72 
58 56 98 
17 58 99 
4 64 66 
99 53 83 
27 13 46 
68 46 76 
36 55 59 
25 39 1 
83 46 90 
21 56 69 
91 94 93 
46 3 72 
45 52 89 
54 63 75 
71 69 15 
46 55 80 
9 58 13 
83 31 98 
41 60 67 
99 79 19 
76 78 54 
4 14 38 
94 46 47 
79 49 20 
43 91 57 
3 77 57 
82 83 71 
64 49 18 
24 22 36 
7 54 95 
5 32 26 
68 55 84 
17 84 94 
92 25 28 
56 71 30 
99 43 47 
53 21 78 
3 8 23 
10 35 34 
70 99 36 
52 13 24 
25 1 67 
12 1 79 
66 97 23 
99 21 52 
98 77 22 
11 25 43 
74 95 31 
27 76 3 
9 24 52 
74 53 10 
70 23 51 
23 27 81 
55 59 63 
68 59 73 
21 88 29 
57 38 1 
55 37 87 
20 92 55 
44 64 37 
2 7 15 
43 61 89 
76 62 80 
8 15 55 
94 37 17 
63 5 60 
33 42 2 
30 9 42 
23 58 9 
25 14 8 
72 35 12 
92 22 13 
98 28 67 
25 11 16 
97 85 13 
63 94 59 
67 95 65 
72 93 24 
85 43 87 
88 49 55 
66 61 77 
74 37 7 
67 74 81 
52 14 100 
96 35 52 
14 28 55 
74 53 49 
97 23 1 
40 11 73 
55 65 75 
95 45 31 
29 22 77 
100 62 9 
55 69 83 
29 25 21 
16 3 84 
8 11 92 
87 16 37 
22 7 81 
27 77 56 
9 44 95 
75 26 19 
87 21 78 
87 25 8 
41 12 91 
75 5 62 
59 28 56 
89 66 82 
42 14 78 
7 93 18 
79 17 43 
62 29 25 
84 47 34 
18 72 87 
1 7 44 
5 34 100 
48 81 89 
86 24 69 
60 46 95 
48 58 72 
34 84 73 
87 73 66 
85 97 53 
80 36 55 
7 47 4 
24 66 12 
95 84 76 
27 84 93 
52 49 28 
43 64 23 
41 12 17 
4 62 82 
26 90 46 
26 3 90 
37 88 90 
30 33 37 
64 61 54 
42 17 53 
61 17 98 
11 87 54 
90 69 38 
54 46 87 
76 7 13 
18 87 52 
100 5 93 
87 41 19 
22 43 68 
53 43 35 
56 75 51 
11 89 44 
41 54 24 
91 98 69 
66 34 94 
46 13 89 
93 38 25 
43 36 85 
12 85 93 
68 51 76 
7 68 90 
64 14 92 
75 41 91 
31 45 88 
5 63 44 
37 21 24 
100 92 95 
84 63 78 
30 90 79 
87 71 31 
93 84 49 
26 76 23 
17 96 86 
73 89 49 
37 69 66 
94 80 40 
9 51 97 
94 87 75 
25 39 26 
52 10 31 
92 68 45 
84 52 3 
13 51 95 
38 92 49 
33 10 30 
3 94 6 
31 19 39 
61 75 51 
81 74 52 
33 56 60 
55 81 60 
32 44 81 
90 93 48 
74 84 39 
26 27 87 
13 66 85 
36 90 12 
60 35 99 
47 62 67 
33 62 37 
90 96 72 
90 66 36 
71 15 18 
3 42 74 
19 36 57 
66 8 94 
37 53 3 
3 27 78 
87 10 37 
44 51 46 
22 61 63 
59 88 9 
38 39 21 
18 7 29 
58 13 52 
77 91 10 
35 38 45 
1 20 6 
38 18 62 
26 61 36 
85 31 84 
24 33 14 
59 8 87 
6 36 56 
43 77 84 
82 88 93 
14 92 85 
93 63 80 
27 57 90 
45 35 15 
62 20 71 
56 91 10 
58 38 87 
72 78 61 
57 37 71 
87 74 49 
7 29 57 
68 31 84 
7 64 24 
100 70 58 
9 86 84 
7 9 17 
48 92 20 
91 48 58 
81 31 39 
76 91 49 
36 100 47 
8 53 36 
48 6 56 
43 3 35 
23 96 70 
79 71 61 
37 12 82 
73 85 79 
34 10 20 
23 50 22 
4 83 48 
84 8 87 
84 87 5 
25 2 85 
80 8 85 
35 28 72 
6 56 52 
31 82 72 
96 53 24 
61 12 96 
52 83 21 
98 39 79 
53 56 73 
41 5 50 
87 24 42 
45 44 8 
89 8 60 
92 39 76 
14 33 10 
46 33 89 
29 10 94 
4 85 43 
71 42 90 
8 73 29 
15 36 7 
15 49 70 
91 73 56 
21 81 65 
36 51 48 
42 82 26 
45 27 78 
8 56 53 
8 79 21 
20 13 22 
52 76 69 
87 74 25 
52 23 81 
99 86 8 
43 24 100 
85 82 64 
57 84 5 
35 78 39 
5 61 51 
20 73 29 
63 16 21 
8 92 64 
75 74 73 
24 31 86 
33 4 64 
6 25 87 
69 36 85 
81 30 39 
17 78 99 
78 92 89 
68 78 79 
84 6 27 
79 82 45 
40 21 16 
78 24 56 
98 31 24 
38 48 18 
38 98 88 
3 52 10 
12 40 11 
98 22 69 
16 48 14 
90 41 53 
47 72 24 
57 41 40 
51 54 3 
56 1 38 
12 56 94 
17 81 3 
82 60 56 
95 17 47 
63 42 60 
30 12 89 
34 67 13 
67 20 58 
80 67 18 
3 25 80 
8 58 65 
31 97 90 
58 47 9 
91 68 34 
44 75 79 
49 2 75 
72 66 65 
40 17 67 
53 10 61 
80 91 47 
8 36 31 
37 42 98 
7 22 19 
37 43 87 
58 41 52 
9 61 73 
74 28 53 
34 54 44 
54 76 79 
73 16 61 
66 30 79 
86 63 96 
93 41 42 
47 39 72 
43 5 82 
49 34 29 
59 87 53 
13 84 85 
79 51 48 
18 43 68 
36 52 88 
12 88 23 
85 57 66 
91 88 7 
72 37 64 
1 13 49 
90 97 13 
69 44 48 
38 80 46 
61 60 26 
99 59 16 
75 61 59 
3 27 17 
18 82 7 
42 82 25 
12 51 43 
7 65 27 
10 65 100 
23 11 4 
71 12 43 
5 21 64 
95 5 87 
77 74 19 
45 12 39 
11 21 56 
59 3 50 
72 39 58 
70 23 41 
61 99 60 
36 95 26 
57 100 45 
9 76 73 
62 87 36 
52 9 25 
1 21 15 
49 100 33 
49 19 26 
58 97 30 
36 12 65 
31 50 6 
72 89 76 
29 89 70 
84 98 35 
96 32 49 
52 92 26 
51 13 65 
47 5 41 
2 17 55 
9 72 40 
87 71 67 
83 28 20 
16 26 40 
86 17 27 
22 48 24 
32 84 76 
42 39 86 
2 22 17 
74 56 76 
2 77 58 
68 69 14 
31 33 77 
99 6 77 
67 5 97 
36 29 48 
65 98 28 
26 40 56 
29 85 3 
71 77 87 
40 77 81 
65 17 55 
33 73 97 
64 53 84 
16 71 91 
67 28 95 
51 63 49 
92 98 5 
97 72 78 
14 64 80 
16 57 1 
15 91 77 
16 54 53 
66 72 81 
34 39 30 
2 27 71 
22 41 69 
77 1 41 
29 16 48 
71 42 84 
36 97 98 
3 34 72 
55 33 84 
6 14 51 
9 19 8 
65 13 96 
100 91 42 
100 3 70 
99 30 86 
92 24 71 
28 88 26 
50 72 74 
25 89 2 
75 76 17 
91 46 95 
62 39 93 
44 54 51 
25 11 89 
37 50 3 
24 32 78 
61 7 29 
56 97 90 
63 12 36 
29 64 39 
68 54 34 
57 32 88 
64 51 73 
34 44 98 
35 81 61 
36 85 89 
48 14 6 
41 2 65 
28 58 13 
95 72 99 
95 33 37 
67 13 55 
33 2 30 
22 46 38 
15 92 62 
29 48 88 
57 31 96 
43 38 67 
60 88 52 
54 100 58 
32 57 54 
95 50 36 
15 54 33 
93 34 17 
9 53 40 
100 14 30 
87 78 62 
93 44 33 
58 73 69 
18 3 100 
71 34 80 
87 34 40 
49 31 43 
39 61 24 
81 30 15 
60 71 21 
81 74 15 
11 100 99 
65 20 61 
18 68 19 
45 13 80 
89 25 61 
52 30 8 
65 69 61 
16 85 90 
94 63 88 
40 2 20 
39 76 35 
33 14 69 
62 29 5 
91 19 26 
45 80 14 
16 93 52 
42 17 72 
15 69 18 
20 88 69 
58 94 53 
77 74 24 
40 52 64 
30 11 5 
34 2 12 
12 95 31 
67 7 60 
36 46 35 
32 38 37 
33 30 80 
100 5 67 
47 54 82 
91 44 66 
51 7 29 
79 53 77 
58 50 77 
57 25 48 
23 50 10 
88 13 75 
40 71 100 
37 41 98 
56 17 38 
49 62 100 
4 73 34 
82 81 31 
77 36 4 
97 37 77 
6 63 73 
80 17 7 
1 59 62 
86 45 63 
2 65 78 
11 28 72 
41 49 50 
99 7 3 
29 95 26 
48 90 79 
16 37 43 
33 18 85 
54 99 71 
15 41 92 
98 54 72 
64 45 96 
92 71 70 
71 39 15 
71 9 65 
25 68 15 
63 83 18 
99 82 25 
56 98 11 
40 63 15 
53 71 26 
1 90 23 
93 49 27 
62 12 27 
31 69 65 
32 82 12 
47 46 80 
41 5 78 
15 79 4 
89 51 47 
34 32 89 
31 85 17 
92 64 43 
80 20 22 
99 9 84 
29 94 15 
11 73 43 
45 20 25 
15 100 10 
87 60 69 
18 5 19 
27 28 81 
74 82 9 
19 16 21 
45 41 33 
51 32 13 
30 65 86 
69 45 27 
86 64 49 
66 29 67 
45 60 90 
77 20 53 
98 2 24 
98 95 83 
87 18 70 
67 74 1 
24 68 14 
17 75 44 
35 11 51 
1 55 99 
37 46 18 
29 85 70 
64 88 10 
34 17 53 
28 23 35 
15 53 84 
3 24 63 
22 65 85 
4 36 62 
99 77 14 
81 47 8 
35 4 1 
96 34 4 
56 5 74 
32 62 82 
66 17 2 
23 5 79 
14 31 49 
5 8 99 
66 59 34 
43 27 6 
15 19 3 
29 14 89 
44 9 99 
9 32 78 
90 68 5 
40 30 4 
62 17 33 
85 98 36 
20 50 88 
15 7 76 
30 94 67 
77 86 79 
35 30 38 
92 64 69 
5 42 59 
49 50 58 
99 14 18 
22 17 59 
85 92 34 
1 27 56 
21 8 26 
10 67 75 
80 19 85 
10 32 63 
33 49 46 
21 62 40 
87 3 74 
53 93 1 
61 97 72 
86 67 40 
71 99 14 
42 64 91 
87 30 96 
72 78 40 
91 73 37 
43 17 6 
97 96 47 
96 15 100 
35 4 16 
60 49 10 
38 98 61 
53 62 34 
67 70 46 
16 73 10 
66 61 53 
75 24 36 
90 21 4 
96 46 43 
18 60 45 
2 98 55 
2 84 16 
93 35 86 
76 65 43 
41 8 26 
94 27 56 
14 99 74 
69 53 14 
47 31 86 
65 6 26 
85 92 71 
39 12 48 
7 51 36 
43 80 76 
31 16 69 
92 94 59 
23 2 48 
92 73 63 
55 37 20 
45 56 33 
31 66 8 
1 5 99 
18 13 58 
33 32 12 
98 31 36 
48 23 66 
44 99 25 
78 12 60 
4 51 69 
25 76 12 
75 14 6 
71 50 97 
39 85 26 
12 25 49 
48 86 72 
86 8 71 
6 22 16 
43 62 52 
19 5 94 
34 12 51 
53 62 78 
62 79 27 
41 22 15 
75 34 94 
16 76 36 
82 66 7 
73 33 84 
23 41 57 
45 85 34 
34 23 22 
84 42 40 
51 12 8 
21 72 41 
41 26 28 
10 95 93 
85 64 10 
52 39 7 
90 14 69 
37 36 7 
76 90 39 
58 70 30 
89 85 74 
15 23 71 
32 51 99 
36 97 88 
91 19 14 
1 89 40 
90 93 47 
55 56 72 
59 42 14 
31 25 59 
2 83 54 
7 26 97 
26 85 76 
8 48 28 
56 74 77 
69 35 52 
11 93 91 
39 46 77 
25 78 48 
87 46 34 
17 53 25 
60 1 97 
28 88 91 
75 30 4 
22 82 69 
91 28 26 
42 3 62 
85 80 81 
71 76 40 
23 88 65 
95 49 19 
49 44 87 
54 10 55 
33 71 83 
63 95 72 
14 79 12 
39 2 66 
27 64 39 
60 70 32 
87 8 27 
42 44 71 
65 2 96 
8 24 37 
76 62 12 
61 92 51 
89 32 95 
16 25 41 
58 55 22 
90 67 44 
81 32 27 
26 3 57 
86 42 67 
75 65 8 
83 44 87 
61 100 29 
69 94 49 
35 76 1 
5 100 96 
31 35 47 
94 54 33 
70 51 24 
86 68 70 
35 82 72 
16 99 63 
87 16 29 
25 44 74 
79 48 5 
80 57 28 
59 49 98 
69 47 44 
33 55 46 
46 81 60 
53 79 50 
10 68 40 
75 60 64 
74 8 73 
38 2 29 
75 74 70 
74 41 48 
93 95 40 
18 48 68 
84 43 5 
7 35 97 
21 100 54 
1 61 52 
1 78 74 
93 88 37 
37 86 5 
81 5 43 
17 24 97 
52 31 55 
13 73 81 
86 98 74 
51 75 29 
21 31 33 
36 88 71 
57 67 80 
50 42 25 
38 42 30 
9 1 20 
58 93 90 
96 50 6 
10 62 90 
89 93 16 
89 71 81 
91 23 5 
13 3 69 
16 3 12 
67 61 27 
70 9 46 
27 32 55 
40 1 54 
43 56 46 
98 16 2 
74 82 29 
16 35 21 
13 73 7 
20 67 12 
68 97 57 
9 82 18 
78 69 6 
52 25 6 
50 58 57 
40 80 72 
45 17 82 
21 93 62 
30 17 73 
24 5 4 
75 15 34 
9 87 4 
12 43 93 
55 84 49 
23 3 46 
64 21 55 
75 69 78 
96 40 100 
54 20 29 
50 100 14 
12 61 52 
27 65 20 
27 29 72 
35 63 65 
71 41 65 
43 6 55 
37 48 16 
77 7 78 
45 7 35 
98 2 33 
84 83 92 
37 83 64 
27 33 10 
65 95 71 
27 60 22 
51 24 33 
63 88 12 
12 24 97 
60 81 53 
8 87 66 
76 66 35 
63 22 69 
24 74 28 
13 77 60 
19 69 64 
38 72 2 
57 24 38 
12 75 43 
79 41 70 
10 61 80 
22 84 62 
64 93 7 
13 22 49 
88 84 18 
57 24 33 
95 44 81 
93 37 38 
94 88 35 
49 51 33 
4 27 8 
6 82 35 
60 54 37 
7 66 48 
78 81 96 
78 37 55 
94 84 71 
28 75 95 
95 82 97 
73 32 94 
43 58 90 
93 9 88 
2 35 75 
65 98 85 
1 60 30 
67 64 11 
95 82 50 
76 91 42 
26 32 30 
34 90 48 
34 57 80 
85 91 42 
88 30 46 
47 30 31 
33 72 45 
20 43 96 
60 41 47 
36 95 9 
16 22 24 
58 84 95 
14 78 87 
22 72 46 
21 45 52 
51 99 72 
10 2 50 
52 64 78 
24 8 42 
29 9 31 
19 59 27 
24 74 1 
34 15 3 
24 51 41 
22 90 36 
61 19 57 
90 53 15 
51 56 35 
43 64 10 
63 93 33 
34 66 41 
75 85 37 
33 91 45 
47 7 83 
7 93 74 
11 24 85 
99 82 57 
51 13 22 
7 90 30 
46 56 96 
65 55 24 
52 44 2 
58 20 54 
17 48 39 
8 98 93 
59 87 54 
19 100 6 
36 26 73 
50 47 26 
59 81 37 
40 33 100 
45 94 68 
21 90 23 
47 80 8 
56 23 100 
80 60 61 
100 91 94 
3 55 42 
9 76 41 
93 22 36 
40 80 3 
92 70 35 
18 79 16 
39 66 5 
92 11 37 
11 10 73 
75 5 27 
4 28 54 
70 80 13 
29 74 5 
22 65 66 
43 99 26 
98 80 21 
21 26 24 
99 84 29 
5 78 37 
18 69 8 
36 58 28 
58 99 98 
14 44 42 
20 94 91 
52 81 24 
67 63 68 
15 72 98 
18 57 85 
50 78 34 
68 49 39 
42 18 54 
78 32 31 
75 12 67 
2 17 49 
56 80 98 
7 19 40 
5 61 68 
41 80 43 
43 65 83 
24 98 49 
96 16 49 
76 59 78 
96 77 60 
8 19 1 
98 9 15 
14 95 63 
66 68 33 
34 46 53 
35 2 80 
42 84 73 
90 60 59 
26 16 2 
50 92 43 
94 81 65 
97 74 37 
41 3 68 
49 51 47 
72 25 2 
68 85 1 
46 39 82 
13 42 4 
81 26 2 
11 41 96 
95 47 55 
64 23 69 
7 28 51 
86 14 65 
51 95 62 
11 39 10 
88 83 33 
44 2 86 
61 98 29 
81 80 59 
81 10 74 
31 61 33 
73 53 47 
22 87 50 
69 20 45 
79 38 39 
16 1 52 
76 66 89 
35 38 83 
75 62 25 
96 81 64 
84 31 98 
2 14 17 
51 8 22 
64 99 19 
33 77 70 
3 14 65 
88 3 41 
96 82 49 
45 28 8 
2 25 86 
5 15 55 
48 71 64 
90 65 12 
69 40 35 
29 43 77 
7 32 75 
58 78 95 
76 17 61 
88 5 87 
43 46 30 
18 88 64 
86 24 59 
79 41 2 
60 96 72 
36 96 95 
58 89 73 
24 23 67 
33 50 35 
20 76 13 
92 67 55 
21 7 27 
54 27 25 
11 44 58 
2 30 100 
3 69 63 
41 13 24 
18 44 34 
47 29 85 
14 52 69 
73 63 18 
61 47 95 
86 71 18 
16 13 9 
68 66 96 
16 68 13 
2 52 94 
84 60 34 
45 100 36 
2 94 10 
14 23 85 
35 6 38 
63 12 15 
28 36 56 
9 7 20 
98 23 76 
17 42 27 
34 58 31 
99 88 9 
80 69 44 
25 18 2 
97 100 7 
45 30 39 
6 55 69 
79 28 77 
100 72 57 
20 66 43 
76 38 53 
99 100 6 
36 62 14 
5 3 97 
52 45 13 
27 76 22 
55 75 54 
1 85 43 
71 5 42 
49 61 26 
60 19 52 
70 64 84 
66 64 27 
75 38 86 
10 60 23 
13 26 23 
92 42 38 
7 83 50 
85 70 86 
17 25 38 
68 70 72 
39 44 36 
83 58 98 
84 38 1 
59 87 1 
10 61 63 
37 68 38 
45 24 63 
91 54 73 
91 31 25 
22 25 91 
11 61 49 
22 91 41 
81 79 42 
60 56 81 
81 25 79 
30 98 50 
48 85 36 
40 12 51 
83 38 14 
49 14 25 
87 60 96 
66 20 59 
14 49 77 
95 9 77 
62 68 46 
36 99 30 
52 56 2 
53 92 100 
36 76 32 
55 32 20 
47 51 59 
66 84 93 
12 35 81 
26 7 1 
72 59 3 
71 16 5 
39 33 41 
99 58 37 
14 26 62 
59 98 64 
99 57 37 
79 91 24 
15 10 95 
13 34 84 
32 89 68 
47 4 35 
30 75 98 
64 26 83 
59 50 6 
100 14 72 
88 50 46 
94 66 83 
55 92 58 
39 83 79 
29 85 36 
1 85 27 
75 90 33 
13 65 80 
16 91 86 
73 45 58 
2 32 41 
47 4 42 
99 2 27 
100 74 36 
5 49 96 
19 28 10 
48 91 80 
68 3 74 
21 91 54 
58 93 100 
45 39 75 
1 50 79 
39 92 60 
75 57 63 
57 47 11 
86 4 64 
30 21 65 
24 66 47 
16 77 58 
73 98 88 
44 59 69 
76 93 25 
71 21 13 
88 17 86 
22 26 43 
7 3 20 
15 84 10 
24 98 54 
40 64 45 
40 31 2 
56 92 21 
91 3 25 
72 17 28 
29 2 73 
2 51 89 
59 57 13 
13 59 63 
17 33 86 
40 21 9 
4 51 57 
95 58 34 
63 57 51 
8 96 9 
40 79 54 
14 42 5 
18 11 50 
27 67 3 
4 53 17 
19 98 85 
22 58 59 
49 95 65 
99 30 81 
95 35 47 
87 79 31 
8 99 47 
75 8 93 
90 29 59 
7 82 96 
86 4 56 
70 93 44 
39 6 60 
62 61 24 
46 96 73 
99 55 57 
80 48 82 
86 50 66 
61 66 83 
47 90 70 
86 24 10 
55 48 91 
7 83 52 
68 46 49 
5 34 75 
26 24 96 
2 89 77 
69 77 84 
85 62 92 
53 27 54 
97 13 36 
91 25 28 
60 23 70 
43 1 36 
71 68 10 
37 89 34 
7 10 64 
2 45 93 
49 54 73 
38 50 53 
49 58 59 
43 65 85 
67 81 25 
70 29 52 
80 92 68 
23 60 12 
93 78 27 
17 86 46 
12 100 99 
49 24 38 
33 62 47 
58 40 24 
50 75 59 
42 99 29 
52 85 76 
45 21 16 
46 16 64 
40 27 30 
29 1 28 
64 60 57 
100 71 23 
69 50 88 
40 74 67 
69 46 48 
96 41 25 
49 78 25 
82 58 47 
64 21 1 
7 46 47 
83 88 100 
13 60 42 
42 9 63 
72 78 81 
13 26 84 
74 51 85 
12 46 26 
61 55 56 
6 51 57 
65 37 81 
95 30 37 
98 99 8 
19 74 3 
39 15 80 
31 48 3 
41 15 86 
42 54 7 
1 83 65 
83 16 39 
38 50 93 
60 81 48 
84 7 78 
46 16 85 
36 3 46 
81 44 51 
38 46 94 
86 23 91 
90 10 16 
58 75 44 
99 48 32 
48 86 21 
41 18 65 
79 46 86 
91 70 20 
3 52 59 
35 73 18 
66 84 64 
54 99 61 
88 47 29 
42 90 20 
100 68 17 
3 86 74 
26 9 19 
50 42 91 
10 38 83 
88 39 24 
33 60 62 
40 24 6 
47 90 32 
18 39 97 
2 83 93 
15 35 74 
82 63 67 
35 42 36 
96 78 35 
92 24 6 
13 84 59 
32 65 91 
13 76 38 
65 61 68 
47 26 2 
25 39 84 
74 31 35 
38 76 72 
25 84 75 
38 54 6 
24 59 15 
63 87 47 
15 75 98 
62 88 51 
78 40 66 
64 79 26 
8 6 71 
50 100 4 
20 17 95 
40 42 24 
84 22 37 
56 92 22 
14 27 63 
86 7 27 
29 47 77 
88 48 49 
41 43 56 
19 67 3 
33 60 64 
5 88 4 
60 20 77 
34 67 3 
9 59 6 
36 72 52 
19 40 52 
38 12 82 
54 80 33 
47 99 13 
36 71 53 
65 12 23 
51 78 34 
5 12 75 
87 19 91 
37 22 12 
74 78 33 
54 2 24 
68 51 7 
33 50 64 
69 91 87 
71 39 89 
10 58 64 
89 64 56 
81 13 71 
31 40 56 
24 20 35 
68 50 12 
40 66 32 
85 6 100 
57 51 2 
56 96 73 
23 69 35 
46 97 70 
27 53 77 
47 30 25 
33 29 41 
31 14 4 
69 25 56 
39 31 60 
63 57 69 
69 26 49 
50 80 11 
81 7 30 
72 89 91 
74 36 41 
31 34 86 
8 45 93 
81 43 7 
66 3 14 
64 93 33 
5 44 26 
89 9 57 
47 65 23 
99 25 51 
97 42 36 
47 43 15 
40 27 37 
58 77 27 
12 44 47 
33 25 90 
55 15 4 
32 46 95 
55 74 69 
33 76 46 
90 60 32 
65 69 19 
90 7 1 
66 27 98 
81 48 40 
27 51 74 
42 19 72 
23 100 55 
51 36 63 
52 32 39 
13 8 89 
1 7 12 
94 79 67 
85 47 92 
50 78 3 
5 44 42 
12 58 63 
1 37 70 
97 19 100 
13 44 40 
85 80 71 
97 14 34 
81 39 14 
12 91 78 
54 93 46 
35 37 52 
7 21 3 
71 33 96 
33 12 60 
47 68 72 
40 77 99 
81 43 17 
66 10 22 
70 16 49 
92 26 42 
71 36 84 
19 86 77 
18 5 96 
59 97 66 
80 57 10 
43 48 38 
47 96 98 
47 38 20 
34 45 88 
71 45 67 
12 88 29 
71 41 89 
69 71 86 
16 53 26 
6 30 99 
14 51 96 
73 53 84 
57 97 12 
51 56 39 
88 42 47 
84 32 34 
21 88 33 
91 68 29 
7 88 12 
20 42 59 
35 95 18 
2 67 8 
45 100 13 
49 43 71 
27 67 11 
17 34 56 
100 16 93 
65 45 94 
79 100 67 
52 1 71 
62 68 17 
32 53 39 
76 82 22 
23 47 59 
10 73 40 
39 13 42 
10 19 3 
79 86 21 
48 90 32 
37 29 62 
47 91 20 
44 27 46 
88 98 37 
5 50 18 
71 92 83 
21 1 33 
71 14 41 
53 35 62 
91 96 85 
28 63 91 
36 76 14 
47 80 98 
64 12 15 
45 74 59 
63 87 16 
79 40 36 
10 19 11 
98 71 56 
30 7 65 
61 68 78 
67 84 41 
31 66 17 
2 50 73 
86 61 23 
76 22 66 
86 60 24 
32 60 38 
19 79 16 
87 30 6 
55 76 95 
54 15 24 
1 34 100 
10 24 97 
26 99 37 
43 4 12 
87 57 70 
23 46 22 
19 49 84 
93 97 51 
78 64 20 
63 81 19 
77 75 11 
33 51 99 
61 21 3 
90 44 89 
100 39 61 
96 62 74 
66 59 70 
71 95 35 
67 79 27 
62 20 7 
66 2 98 
74 85 99 
27 60 68 
23 26 10 
76 33 84 
61 24 7 
13 54 67 
11 48 59 
66 97 2 
11 4 22 
54 31 18 
45 99 23 
61 90 76 
51 26 10 
94 97 74 
16 27 84 
14 21 13 
50 100 55 
75 70 39 
21 31 49 
11 29 52 
74 79 93 
32 27 67 
1 88 61 
68 45 34 
11 20 65 
5 3 47 
45 99 21 
72 95 70 
91 97 89 
82 100 19 
31 54 39 
27 94 22 
44 46 57 
59 87 82 
3 94 93 
74 25 78 
67 93 38 
83 66 58 
68 48 77 
35 70 59 
24 62 89 
20 27 2 
73 12 64 
84 87 51 
19 42 59 
96 9 74 
29 46 24 
72 90 71 
72 95 87 
13 53 9 
17 65 35 
57 3 97 
53 86 24 
38 42 52 
88 77 8 
42 6 86 
70 17 45 
14 70 72 
15 29 16 
94 59 80 
92 11 18 
75 56 61 
10 14 24 
25 42 94 
90 88 92 
94 88 41 
26 18 64 
40 14 68 
84 77 53 
73 50 45 
33 49 81 
18 10 74 
68 80 88 
41 48 21 
39 100 54 
1 99 71 
88 98 35 
85 84 12 
83 48 66 
52 66 72 
63 28 4 
91 2 60 
72 48 82 
68 97 49 
14 96 8 
35 66 47 
64 52 73 
93 99 61 
23 5 14 
85 96 74 
39 53 29 
49 81 94 
56 8 83 
95 13 45 
16 96 64 
8 1 81 
79 78 60 
24 1 15 
59 68 78 
61 40 81 
50 78 5 
46 60 67 
4 86 55 
73 51 39 
92 95 84 
61 4 71 
31 48 67 
41 33 64 
66 52 69 
56 87 85 
99 3 82 
54 5 71 
86 68 22 
72 16 2 
6 32 98 
69 35 79 
49 42 51 
98 20 45 
72 76 37 
18 71 75 
100 87 28 
89 49 53 
17 39 13 
13 29 5 
22 46 40 
24 40 47 
27 60 72 
98 1 34 
25 2 13 
10 16 55 
31 3 8 
57 41 6 
83 7 92 
68 47 6 
39 42 27 
41 27 100 
67 3 99 
11 32 7 
34 44 33 
87 23 9 
13 56 95 
88 54 82 
25 63 67 
42 4 53 
68 75 92 
69 20 93 
73 48 14 
98 95 32 
68 16 85 
34 90 29 
52 56 20 
8 23 97 
93 16 22 
40 72 14 
16 56 49 
93 83 39 
91 24 94 
1 18 54 
67 1 4 
45 43 37 
97 42 50 
64 48 77 
46 42 48 
80 17 9 
40 44 53 
39 3 51 
42 51 68 
90 40 97 
72 13 19 
69 27 94 
69 77 55 
95 41 99 
23 66 21 
89 37 99 
20 57 80 
3 85 33 
89 41 80 
65 95 36 
6 9 44 
90 87 53 
48 65 36 
78 13 1 
40 53 7 
84 100 82 
8 98 85 
9 26 29 
100 28 8 
15 54 55 
12 59 21 
98 1 68 
76 66 65 
66 67 90 
74 6 95 
96 56 38 
81 6 74 
80 69 65 
6 95 36 
19 42 38 
36 93 71 
62 12 68 
30 65 40 
80 18 59 
16 39 20 
43 21 40 
6 42 45 
27 28 57 
79 29 42 
81 37 1 
72 69 68 
37 11 27 
74 2 95 
52 87 5 
83 18 71 
62 100 97 
52 5 91 
89 60 18 
3 98 85 
51 30 25 
100 26 62 
43 36 35 
46 14 3 
31 29 66 
92 18 5 
74 40 53 
55 3 30 
65 62 42 
18 58 90 
74 86 93 
41 52 59 
47 93 51 
63 31 3 
92 94 37 
23 83 57 
93 86 55 
19 54 44 
14 89 36 
1 41 94 
4 28 18 
59 8 45 
40 3 30 
16 66 40 
53 92 8 
25 64 26 
96 25 97 
80 91 13 
97 38 29 
90 13 56 
90 94 15 
21 29 61 
80 4 10 
86 35 60 
24 32 22 
77 7 34 
90 31 63 
88 75 55 
41 60 73 
55 35 81 
94 20 79 
94 44 8 
49 54 89 
77 37 30 
90 26 89 
10 84 62 
76 11 90 
71 12 66 
43 73 83 
97 39 27 
19 73 79 
47 1 51 
55 2 34 
80 37 100 
20 36 34 
87 69 76 
4 62 46 
1 63 42 
17 9 1 
46 39 100 
74 16 31 
67 84 73 
2 80 87 
4 18 16 
65 52 33 
91 71 3 
28 88 94 
31 15 69 
100 67 58 
42 32 90 
9 7 6 
21 63 82 
14 3 42 
59 81 97 
4 80 92 
71 10 35 
31 18 16 
20 79 14 
20 55 52 
52 29 8 
77 78 22 
67 59 40 
46 24 60 
63 54 61 
76 94 91 
17 6 47 
27 40 79 
33 97 52 
75 85 63 
61 54 57 
4 43 58 
39 100 4 
46 71 49 
68 74 59 
92 12 16 
28 58 16 
93 86 61 
98 76 50 
49 24 63 
88 47 43 
56 9 39 
40 66 14 
72 31 21 
44 7 60 
99 24 21 
58 28 55 
49 86 51 
70 88 1 
91 71 22 
62 96 52 
27 32 98 
45 1 30 
27 96 94 
55 87 25 
6 53 18 
3 40 88 
3 80 76 
57 45 96 
48 8 12 
68 69 49 
75 37 3 
38 91 83 
74 95 47 
11 32 92 
96 97 23 
3 15 92 
55 31 92 
36 23 65 
18 11 5 
88 43 45 
89 15 51 
93 99 41 
63 49 62 
66 23 57 
12 1 59 
57 49 45 
84 18 47 
4 94 33 
94 24 58 
38 25 31 
87 96 6 
66 64 19 
96 5 74 
26 42 25 
13 20 5 
37 48 88 
24 11 64 
20 31 71 
33 61 14 
89 10 85 
47 77 60 
77 28 76 
57 19 44 
17 95 100 
12 41 88 
3 82 80 
47 46 90 
14 75 88 
84 7 77 
15 19 75 
89 19 98 
20 2 39 
95 4 77 
8 58 95 
3 43 79 
84 98 4 
34 90 39 
90 94 31 
16 69 63 
5 62 100 
99 47 56 
83 15 87 
96 83 12 
23 73 12 
28 64 19 
75 15 33 
82 56 48 
57 15 93 
86 70 61 
87 79 52 
4 83 94 
63 62 47 
70 94 33 
53 91 85 
66 60 3 
8 95 19 
99 72 80 
41 63 30 
5 99 98 
1 7 63 
84 19 40 
97 75 10 
16 27 18 
75 65 26 
99 21 5 
35 90 5 
9 69 61 
96 4 39 
24 4 3 
81 70 13 
83 7 14 
87 77 70 
67 80 84 
4 96 17 
84 78 71 
51 87 27 
2 9 99 
38 15 26 
19 65 45 
68 43 94 
47 75 9 
15 3 88 
14 79 4 
62 4 19 
12 84 68 
59 23 49 
12 37 45 
59 74 98 
72 44 89 
68 79 99 
68 40 60 
98 7 8 
23 20 18 
23 86 99 
56 92 53 
22 74 24 
97 27 35 
2 81 53 
34 24 29 
15 62 42 
7 95 21 
39 24 46 
14 23 99 
11 80 99 
56 57 41 
28 41 79 
3 15 71 
33 93 74 
36 46 10 
68 3 49 
7 20 6 
77 78 62 
56 21 8 
57 36 9 
56 10 43 
92 67 24 
12 96 15 
29 11 48 
9 2 97 
42 66 7 
85 87 93 
56 65 80 
33 9 31 
14 11 82 
31 24 21 
43 11 18 
78 69 29 
70 26 53 
27 80 75 
59 44 36 
85 20 50 
23 18 21 
57 98 82 
71 82 21 
93 81 66 
47 58 89 
43 30 23 
45 39 73 
96 38 2 
60 46 74 
14 38 94 
19 85 76 
19 74 7 
93 33 47 
54 27 9 
35 37 94 
49 17 63 
14 93 56 
39 99 38 
37 24 64 
38 20 76 
23 49 74 
77 53 91 
32 91 86 
56 86 93 
25 40 88 
25 4 27 
5 23 63 
92 68 21 
12 49 97 
56 87 46 
97 29 51 
60 98 53 
2 85 68 
33 85 70 
26 44 20 
23 48 70 
39 89 38 
15 54 51 
18 8 48 
81 48 35 
11 45 15 
57 34 51 
96 46 8 
8 11 25 
71 97 48 
58 91 9 
99 84 82 
63 20 60 
1 20 30 
66 36 99 
38 10 34 
74 2 30 
81 21 34 
88 37 84 
73 38 61 
71 33 93 
63 54 45 
66 68 45 
12 58 85 
58 55 75 
66 46 97 
70 4 50 
69 58 18 
2 50 15 
43 49 95 
8 70 66 
43 99 15 
62 5 4 
92 70 75 
66 38 63 
67 39 56 
69 2 43 
70 53 36 
66 29 60 
18 15 73 
21 8 84 
8 20 51 
28 83 82 
35 42 68 
97 99 93 
31 33 74 
91 98 1 
43 51 96 
46 40 65 
67 36 76 
95 6 38 
77 72 44 
56 77 88 
3 85 77 
79 34 20 
1 4 60 
66 96 3 
93 50 80 
38 15 25 
77 47 24 
92 36 24 
56 16 11 
97 81 10 
43 2 80 
15 33 99 
25 9 67 
9 72 49 
20 69 71 
10 2 19 
14 3 6 
71 44 9 
78 7 6 
46 54 61 
46 71 54 
52 17 57 
1 5 61 
52 48 41 
52 34 46 
96 18 51 
66 89 61 
75 13 62 
85 29 63 
68 88 4 
26 52 59 
34 26 54 
5 88 15 
29 14 44 
21 62 100 
5 21 19 
91 24 11 
29 6 94 
1 39 35 
29 63 50 
91 6 15 
4 37 9 
70 40 11 
58 5 83 
25 36 37 
5 6 91 
10 8 36 
46 89 76 
88 85 8 
41 73 20 
13 47 16 
28 24 60 
67 61 63 
50 85 68 
14 2 4 
74 54 85 
51 37 91 
22 1 97 
26 89 79 
77 5 76 
98 3 94 
71 10 27 
7 60 73 
62 87 12 
97 42 9 
14 45 1 
94 35 30 
27 86 39 
65 69 30 
93 2 23 
54 74 57 
22 9 95 
79 77 67 
70 96 9 
27 70 62 
88 41 87 
33 54 14 
86 24 67 
8 19 25 
85 33 50 
1 18 13 
43 30 2 
26 36 20 
61 32 88 
58 79 36 
67 58 68 
86 92 19 
86 23 5 
57 22 28 
60 59 34 
85 30 54 
58 40 48 
14 88 65 
67 81 82 
91 53 63 
47 98 13 
11 5 53 
63 65 83 
73 47 30 
63 32 1 
7 1 20 
66 47 94 
11 52 67 
32 58 61 
75 100 67 
9 19 37 
29 19 66 
61 60 70 
55 56 38 
63 18 39 
6 71 60 
1 94 32 
25 6 73 
87 23 16 
66 68 10 
71 73 64 
94 34 87 
88 47 55 
84 47 81 
45 34 54 
42 74 70 
20 53 90 
28 44 59 
13 96 18 
87 47 9 
38 27 39 
19 86 55 
97 16 73 
67 55 14 
16 60 24 
53 19 52 
34 26 5 
37 13 42 
48 12 2 
53 87 52 
66 63 67 
15 29 61 
78 91 77 
51 22 63 
23 72 36 
30 16 66 
20 37 79 
4 31 98 
2 57 20 
19 73 43 
45 17 38 
78 30 29 
21 68 91 
51 17 2 
16 79 23 
96 22 75 
35 61 46 
50 44 75 
26 40 75 
91 7 33 
69 77 40 
23 82 70 
87 80 26 
24 50 26 
19 21 61 
3 69 100 
51 24 8 
93 31 27 
24 61 91 
10 82 75 
15 6 58 
83 84 97 
47 6 98 
15 99 94 
94 4 44 
35 48 43 
48 4 100 
82 63 58 
94 28 46 
25 9 79 
83 67 58 
12 38 69 
88 87 20 
41 55 52 
43 22 60 
19 70 69 
62 28 93 
1 76 73 
71 66 99 
50 46 33 
40 79 53 
44 30 54 
88 32 43 
69 41 6 
30 15 66 
19 33 16 
75 36 67 
98 45 5 
94 18 43 
24 69 98 
10 80 55 
18 63 72 
73 38 52 
49 4 16 
75 19 85 
87 65 92 
54 100 9 
88 56 19 
37 19 85 
2 20 18 
10 1 19 
49 98 3 
68 1 93 
62 27 58 
27 23 68 
10 23 64 
36 58 5 
99 2 32 
75 63 100 
49 38 72 
79 30 82 
55 36 100 
13 75 79 
79 57 89 
61 29 12 
75 22 72 
27 29 74 
45 54 5 
78 58 24 
9 79 10 
65 98 4 
26 12 4 
77 42 39 
50 70 68 
15 52 70 
3 61 54 
64 21 97 
79 40 1 
93 38 20 
92 81 93 
99 86 12 
83 2 41 
90 18 14 
31 52 96 
41 19 48 
45 58 80 
66 79 11 
75 32 100 
6 3 27 
65 33 77 
13 22 31 
17 61 47 
73 82 68 
61 100 17 
38 26 51 
98 35 70 
20 96 57 
26 81 68 
20 95 74 
14 25 45 
98 14 5 
23 59 26 
51 25 18 
47 33 3 
97 59 80 
57 38 93 
58 55 4 
45 26 99 
45 77 64 
47 36 26 
96 8 79 
72 71 24 
10 50 4 
86 18 19 
21 32 72 
49 7 19 
76 69 83 
20 39 29 
63 77 9 
19 89 39 
40 78 48 
86 91 2 
37 20 69 
43 4 10 
10 62 43 
11 14 62 
13 67 43 
13 69 67 
24 10 67 
34 1 15 
97 36 28 
78 59 58 
91 97 62 
17 96 23 
53 75 95 
12 66 27 
25 42 8 
31 80 87 
60 32 100 
11 12 63 
30 56 50 
68 32 70 
38 9 17 
55 37 27 
97 26 81 
51 9 19 
88 92 55 
1 84 65 
49 56 55 
19 42 26 
74 22 47 
97 32 41 
65 79 20 
23 92 84 
96 23 44 
22 31 51 
73 59 3 
56 71 29 
52 84 54 
51 19 30 
6 19 14 
92 98 37 
23 92 55 
50 40 56 
30 17 50 
50 47 38 
98 74 48 
1 22 24 
12 99 92 
93 43 29 
27 26 60 
62 77 1 
6 38 56 
88 95 100 
89 98 25 
29 36 7 
80 72 82 
54 22 91 
92 75 41 
83 51 68 
41 59 39 
44 31 46 
29 27 11 
63 98 39 
59 46 71 
77 30 45 
74 43 95 
5 79 96 
5 82 69 
95 75 8 
99 24 49 
8 28 34 
83 23 87 
38 87 60 
93 81 84 
19 55 96 
88 46 78 
13 68 64 
52 29 48 
91 36 64 
90 17 16 
85 91 74 
85 53 4 
87 19 76 
69 71 92 
97 15 24 
93 43 46 
100 27 11 
23 21 17 
72 73 38 
81 71 41 
62 48 61 
23 64 31 
8 45 98 
75 82 66 
56 98 42 
73 50 10 
34 5 48 
58 38 54 
5 97 17 
89 34 63 
56 39 23 
13 22 40 
48 30 91 
99 16 80 
20 23 55 
11 32 1 
3 17 62 
67 37 62 
3 8 13 
72 40 68 
83 92 64 
91 2 13 
26 21 74 
15 6 27 
41 20 12 
27 64 35 
7 14 41 
73 58 26 
90 58 7 
59 99 68 
88 16 92 
41 59 29 
41 64 44 
84 44 2 
35 80 70 
51 35 90 
28 62 85 
42 100 46 
2 20 49 
100 86 88 
40 63 31 
57 96 33 
2 57 52 
93 82 29 
84 83 60 
33 46 94 
64 35 99 
60 58 69 
68 33 44 
42 8 90 
79 35 24 
29 23 73 
84 9 40 
58 87 49 
40 1 68 
85 9 63 
2 69 22 
74 72 100 
59 35 47 
41 82 34 
42 79 58 
50 55 60 
38 11 82 
12 21 56 
11 65 44 
29 52 68 
52 1 32 
47 83 11 
53 51 11 
50 25 63 
6 8 90 
54 6 25 
18 38 87 
63 71 26 
50 12 90 
55 31 70 
94 77 14 
43 26 55 
10 22 62 
47 65 90 
48 87 23 
1 32 99 
85 55 38 
18 25 56 
90 76 96 
62 42 77 
77 37 31 
87 98 63 
31 12 1 
48 3 2 
76 10 86 
77 72 12 
76 25 78 
95 46 27 
91 45 71 
81 26 41 
41 11 15 
24 67 100 
98 77 6 
35 12 38 
7 29 100 
22 19 44 
75 83 26 
52 11 32 
70 89 11 
43 46 13 
68 5 46 
91 78 97 
41 51 40 
67 47 58 
70 90 67 
45 13 73 
56 27 32 
34 33 3 
28 42 37 
54 65 89 
90 40 66 
24 31 70 
26 24 70 
42 46 3 
43 44 97 
35 17 50 
10 89 25 
3 2 93 
19 28 47 
29 97 61 
23 55 73 
86 65 40 
5 45 19 
55 93 19 
78 9 69 
62 72 74 
96 49 45 
24 63 53 
79 2 34 
1 61 35 
93 47 41 
37 68 67 
13 40 17 
84 52 43 
56 6 16 
71 32 27 
72 73 64 
52 62 66 
85 7 51 
78 51 68 
50 12 83 
23 15 90 
74 53 84 
38 46 31 
85 58 35 
59 58 31 
68 77 29 
56 59 85 
45 30 51 
56 18 71 
9 83 63 
95 42 76 
39 66 40 
17 10 9 
26 9 28 
43 28 25 
61 66 78 
59 36 53 
82 63 41 
84 82 69 
76 28 66 
10 29 18 
95 87 35 
84 81 82 
80 9 12 
50 80 10 
32 5 60 
56 12 13 
21 88 10 
76 63 35 
37 73 16 
94 29 48 
22 73 39 
45 100 60 
13 69 98 
85 48 87 
28 41 45 
75 23 1 
35 42 34 
84 24 98 
100 38 25 
17 76 71 
67 83 89 
68 78 72 
57 6 45 
63 94 18 
24 48 15 
14 77 98 
76 86 5 
85 56 84 
48 69 60 
6 96 2 
3 78 45 
97 44 9 
26 10 7 
78 8 30 
89 59 1 
55 2 8 
95 87 27 
83 69 42 
17 53 29 
24 28 9 
12 59 38 
50 87 26 
63 26 35 
9 51 59 
34 97 52 
16 32 24 
33 98 57 
44 98 87 
52 40 43 
80 64 19 
83 27 2 
77 11 33 
84 98 66 
56 94 71 
12 7 3 
43 10 16 
22 14 26 
43 54 26 
50 65 12 
89 79 85 
77 86 28 
51 56 21 
13 64 80 
4 53 90 
45 18 67 
37 61 39 
49 10 37 
46 54 19 
61 4 12 
48 64 18 
50 81 56 
94 40 16 
29 68 92 
51 11 86 
6 96 5 
4 63 85 
53 20 45 
12 42 27 
22 70 58 
48 43 62 
22 59 89 
40 78 52 
97 78 29 
79 86 89 
31 53 8 
89 88 93 
71 74 36 
51 98 25 
5 47 14 
89 8 92 
62 27 35 
27 91 75 
74 42 13 
83 90 27 
89 97 57 
75 83 48 
85 8 5 
34 64 25 
37 29 15 
66 54 34 
49 39 30 
12 63 50 
28 44 53 
89 97 27 
69 45 24 
81 76 37 
32 21 58 
24 76 47 
41 46 44 
62 92 12 
50 86 55 
89 95 86 
24 70 81 
47 93 64 
15 1 74 
43 73 14 
46 85 3 
51 83 15 
63 48 53 
22 19 76 
17 42 7 
74 84 32 
85 60 49 
97 37 21 
89 55 59 
38 28 8 
88 82 56 
80 27 55 
1 51 89 
79 9 50 
70 59 97 
12 37 77 
24 66 43 
88 48 30 
74 34 41 
74 35 5 
38 9 11 
81 23 91 
68 99 11 
84 76 91 
28 74 21 
36 90 24 
84 64 80 
98 3 74 
49 72 2 
33 38 47 
34 25 13 
50 80 44 
6 60 84 
17 74 15 
76 54 65 
2 26 34 
85 50 82 
89 92 57 
84 77 26 
34 9 36 
25 11 28 
39 32 90 
13 8 27 
30 78 87 
24 17 20 
3 56 82 
16 1 33 
8 24 100 
98 42 80 
93 48 27 
16 32 43 
31 30 67 
87 13 78 
27 98 53 
16 8 76 
57 40 34 
75 22 40 
49 8 32 
33 64 12 
60 81 4 
53 50 45 
9 55 44 
4 2 47 
24 57 63 
85 25 61 
87 42 25 
42 72 23 
94 54 14 
38 2 28 
3 75 87 
28 34 38 
76 46 48 
30 33 45 
80 66 43 
53 46 37 
49 18 17 
42 32 51 
20 73 74 
6 46 40 
51 40 80 
8 90 49 
27 32 47 
26 69 6 
64 2 24 
20 48 23 
83 76 90 
15 92 100 
50 72 37 
100 87 75 
1 16 72 
15 88 90 
74 90 2 
17 1 96 
26 39 12 
43 75 6 
87 47 79 
8 19 78 
74 32 46 
17 60 29 
45 29 20 
89 59 80 
45 92 81 
19 93 89 
63 71 37 
87 27 72 
32 5 68 
14 65 45 
64 83 41 
17 12 19 
65 29 97 
100 37 3 
21 60 36 
9 92 87 
19 68 35 
9 48 39 
85 94 100 
49 72 19 
48 80 51 
93 26 4 
60 74 33 
48 75 33 
49 7 71 
42 8 61 
60 52 59 
29 78 38 
81 1 79 
93 81 34 
46 80 44 
21 81 60 
74 59 83 
100 71 24 
17 42 16 
85 54 80 
41 76 14 
73 62 10 
57 50 13 
71 5 76 
11 13 23 
25 84 1 
45 54 42 
81 35 71 
100 78 90 
37 11 41 
66 15 2 
23 74 62 
72 15 71 
48 9 55 
7 55 65 
78 19 69 
26 59 80 
38 24 99 
90 9 14 
31 18 23 
16 67 46 
19 78 97 
51 12 7 
72 69 99 
1 39 100 
18 93 65 
46 71 13 
1 51 41 
64 98 80 
74 29 73 
80 49 56 
34 49 94 
12 39 37 
15 79 59 
60 80 87 
63 16 36 
63 71 58 
49 61 10 
72 15 90 
36 54 9 
58 39 19 
94 80 12 
40 73 21 
34 85 11 
58 13 93 
97 23 25 
25 67 4 
35 59 19 
24 31 45 
97 78 11 
61 21 6 
52 61 49 
8 3 95 
37 52 67 
18 46 52 
47 25 31 
86 45 66 
27 7 60 
45 61 27 
89 99 34 
55 91 14 
60 35 95 
66 17 88 
7 65 51 
88 78 31 
77 17 45 
69 20 48 
37 53 8 
2 68 35 
49 82 84 
34 29 50 
4 43 59 
20 83 84 
20 27 45 
79 74 48 
30 2 39 
1 11 38 
75 72 65 
62 43 77 
47 48 6 
76 42 49 
74 80 87 
40 32 20 
29 48 28 
83 77 87 
28 27 70 
6 85 38 
26 24 32 
43 65 10 
77 34 10 
66 36 53 
79 45 20 
8 74 69 
34 28 6 
64 52 28 
65 75 95 
20 62 67 
96 74 63 
24 18 20 
79 43 71 
3 76 71 
78 22 30 
34 75 60 
72 67 23 
100 66 58 
37 24 65 
80 27 23 
49 35 90 
41 20 53 
76 42 53 
38 62 91 
48 30 86 
52 55 8 
54 52 72 
47 58 91 
9 50 13 
81 33 26 
72 58 38 
26 73 18 
31 36 79 
2 46 95 
95 22 86 
98 5 8 
27 25 58 
40 20 13 
1 33 10 
93 20 25 
40 51 4 
22 96 68 
74 84 26 
29 94 98 
96 45 25 
79 85 40 
20 59 40 
10 4 8 
74 94 67 
82 92 77 
36 9 44 
4 90 80 
100 93 17 
71 47 80 
91 96 48 
92 8 33 
35 86 83 
17 36 11 
55 22 39 
88 48 21 
90 63 56 
77 33 38 
12 45 98 
41 38 54 
4 1 32 
22 81 85 
25 15 94 
53 47 26 
61 70 14 
83 87 93 
13 20 98 
77 97 94 
56 4 37 
85 86 95 
24 63 85 
18 44 10 
85 39 50 
30 26 13 
84 3 98 
85 49 80 
25 6 64 
44 74 71 
73 86 20 
5 96 27 
20 96 26 
26 43 57 
28 73 37 
48 26 78 
23 27 20 
19 5 50 
52 57 56 
81 10 43 
40 34 14 
62 83 78 
48 91 16 
7 38 79 
31 28 13 
47 43 19 
28 85 33 
56 29 27 
86 68 14 
20 56 59 
36 45 81 
8 96 66 
28 83 96 
25 53 11 
75 49 89 
81 100 16 
23 62 36 
60 2 16 
66 1 62 
48 98 8 
74 32 93 
10 14 30 
19 27 71 
11 62 37 
97 48 23 
91 64 39 
39 1 76 
26 3 12 
42 53 39 
40 60 28 
100 22 87 
49 51 10 
29 74 4 
95 31 44 
43 89 21 
71 78 48 
78 85 74 
95 42 78 
59 93 67 
25 21 1 
70 89 63 
67 26 58 
70 30 45 
8 9 99 
33 16 29 
54 92 35 
30 87 65 
43 31 51 
26 86 94 
33 32 19 
87 1 31 
84 50 76 
43 68 78 
44 85 2 
65 79 17 
7 29 34 
27 79 88 
95 54 82 
33 22 59 
12 33 92 
81 31 28 
15 61 80 
66 1 23 
94 11 57 
76 40 64 
67 6 53 
43 66 37 
13 4 39 
24 1 68 
83 67 98 
53 5 55 
88 42 92 
11 78 99 
7 75 48 
6 44 25 
78 64 45 
58 50 9 
6 59 18 
52 27 44 
11 16 35 
89 92 100 
6 74 12 
84 31 41 
89 67 97 
17 51 60 
56 79 53 
59 17 54 
21 35 25 
57 100 44 
77 53 71 
92 74 20 
69 96 45 
98 77 37 
62 28 22 
71 88 5 
23 62 89 
14 60 99 
5 52 8 
66 24 95 
34 68 20 
15 27 22 
93 83 63 
40 30 54 
96 37 84 
90 63 37 
33 50 39 
56 27 91 
70 39 99 
75 4 90 
82 68 100 
66 55 57 
53 47 49 
77 14 33 
42 63 52 
82 16 91 
35 73 92 
98 71 77 
99 55 4 
40 44 18 
63 72 81 
8 4 67 
67 77 57 
38 9 62 
33 22 67 
17 78 96 
64 99 48 
43 40 64 
92 35 30 
49 44 80 
74 33 84 
19 48 24 
63 27 30 
42 55 67 
6 69 37 
31 27 44 
28 70 61 
19 58 86 
53 36 92 
63 46 99 
75 67 13 
72 25 57 
18 17 53 
93 24 29 
91 85 98 
52 35 10 
32 61 15 
45 72 14 
41 25 100 
73 63 20 
98 30 73 
23 48 11 
5 20 26 
62 26 88 
10 22 91 
7 20 25 
65 33 74 
66 52 29 
45 15 38 
62 27 25 
92 93 86 
88 79 29 
6 94 25 
18 77 88 
40 9 80 
58 3 44 
73 65 83 
4 47 88 
29 22 18 
20 69 29 
33 89 76 
96 14 82 
49 61 9 
18 32 51 
18 66 92 
3 9 90 
97 25 74 
80 1 89 
21 82 80 
56 36 31 
51 22 17 
34 44 40 
10 12 56 
66 93 12 
34 71 56 
41 72 87 
55 30 74 
75 16 30 
4 74 69 
10 22 13 
61 81 53 
91 73 3 
93 18 79 
76 24 51 
88 37 12 
44 92 8 
86 57 15 
87 41 35 
46 26 64 
28 60 9 
40 67 23 
90 86 42 
83 4 45 
41 28 25 
56 59 61 
76 11 83 
95 80 42 
9 97 93 
41 3 90 
57 42 70 
25 42 35 
35 96 63 
40 21 78 
27 48 33 
73 55 3 
47 63 8 
58 45 98 
9 50 97 
56 93 9 
33 69 22 
18 8 45 
90 87 10 
67 11 61 
33 77 95 
51 94 59 
94 79 27 
46 94 91 
67 41 61 
88 78 53 
93 40 77 
75 93 30 
32 75 43 
65 79 46 
71 32 18 
89 84 6 
25 86 44 
72 73 60 
44 2 76 
91 16 69 
41 78 23 
94 76 67 
49 12 80 
8 16 64 
16 62 55 
21 94 25 
58 7 55 
31 58 29 
74 89 2 
19 61 65 
58 97 26 
69 99 88 
9 20 31 
92 48 97 
64 3 92 
79 74 17 
1 44 59 
96 61 79 
23 68 3 
74 93 90 
6 97 62 
56 74 38 
16 80 84 
31 82 75 
76 90 19 
99 44 53 
38 3 99 
15 75 77 
82 52 20 
75 69 85 
96 83 64 
26 95 18 
6 41 33 
22 31 87 
39 49 52 
59 77 4 
86 24 30 
73 1 86 
66 32 64 
60 87 55 
74 100 84 
98 68 36 
100 20 29 
93 94 23 
72 26 18 
33 39 11 
44 40 90 
73 82 70 
63 36 38 
65 18 1 
91 65 4 
81 69 46 
16 53 85 
29 97 94 
49 45 30 
78 34 89 
43 34 38 
12 23 97 
1 91 51 
82 36 60 
4 78 75 
35 31 64 
58 74 42 
17 51 57 
61 99 32 
17 93 77 
36 38 30 
79 82 56 
4 34 75 
84 90 20 
12 73 83 
26 43 95 
54 69 72 
15 35 31 
66 64 95 
62 30 1 
100 95 48 
8 85 46 
13 47 7 
41 8 6 
45 59 67 
4 97 94 
43 22 61 
14 78 84 
78 18 31 
33 32 94 
21 90 76 
64 6 70 
81 79 23 
72 44 69 
45 25 3 
52 77 93 
28 16 94 
18 97 66 
29 18 64 
4 69 71 
92 96 84 
25 80 72 
36 62 17 
42 19 66 
95 39 28 
25 27 31 
60 81 82 
28 41 34 
35 86 99 
11 21 20 
16 29 49 
13 27 29 
100 27 72 
22 95 100 
87 76 37 
24 12 10 
45 92 55 
11 31 77 
77 45 9 
58 52 26 
85 30 49 
59 33 74 
14 86 45 
66 48 58 
84 83 69 
26 2 46 
5 97 14 
41 67 18 
75 100 37 
35 6 66 
19 67 4 
97 22 17 
15 34 93 
59 67 82 
16 34 56 
79 49 37 
32 35 10 
61 5 75 
8 4 47 
81 25 70 
71 5 80 
62 61 93 
2 60 39 
21 27 75 
26 86 75 
21 32 9 
60 70 3 
26 3 5 
7 11 62 
71 22 34 
85 24 7 
46 18 66 
94 85 86 
66 81 28 
85 84 67 
12 76 18 
50 62 9 
19 76 81 
42 91 26 
48 64 42 
86 87 64 
79 4 86 
18 45 81 
12 9 22 
25 50 60 
91 42 70 
83 72 18 
4 54 74 
58 97 86 
62 69 42 
51 44 57 
87 27 37 
15 82 70 
94 34 89 
57 97 92 
47 78 44 
40 82 36 
30 88 57 
12 61 32 
21 84 10 
24 44 6 
57 26 10 
72 62 55 
54 2 26 
85 70 82 
30 9 23 
51 42 87 
42 82 74 
43 36 13 
37 75 92 
64 21 12 
27 7 48 
6 98 63 
62 92 7 
85 8 55 
20 89 26 
93 17 99 
55 9 2 
70 24 32 
95 25 55 
50 51 27 
30 67 17 
72 32 78 
38 89 37 
62 14 2 
14 88 1 
45 31 91 
13 53 14 
21 86 50 
39 80 21 
19 42 28 
80 85 31 
59 23 88 
87 55 72 
26 43 81 
4 68 27 
79 70 85 
22 12 26 
75 95 91 
75 6 19 
49 86 54 
45 49 46 
70 82 76 
5 97 89 
88 57 5 
16 33 12 
37 87 53 
2 86 81 
77 63 85 
10 44 53 
77 3 86 
41 93 68 
49 91 40 
50 60 90 
84 91 80 
75 89 29 
94 22 84 
51 46 65 
29 59 99 
31 7 22 
50 75 49 
67 61 53 
72 78 24 
80 26 62 
65 25 17 
28 90 72 
48 88 59 
7 5 39 
47 86 41 
33 22 39 
91 56 98 
55 30 21 
29 62 100 
65 36 58 
34 55 67 
95 42 21 
19 76 23 
10 7 82 
19 5 70 
35 51 17 
72 10 6 
9 78 88 
70 80 97 
31 78 51 
41 42 53 
95 49 84 
83 15 68 
47 57 78 
100 67 18 
49 8 18 
46 54 12 
61 100 25 
63 11 83 
91 62 31 
54 26 22 
62 21 15 
52 9 31 
21 50 14 
98 44 28 
90 64 56 
81 46 29 
17 52 51 
27 59 32 
76 50 46 
86 58 91 
18 47 96 
72 14 69 
49 53 65 
10 76 71 
71 80 52 
25 51 43 
8 62 89 
61 58 96 
72 66 8 
10 96 12 
75 27 41 
84 48 4 
81 57 87 
25 40 84 
37 80 78 
89 84 37 
13 32 25 
77 38 41 
48 72 53 
46 76 45 
37 26 32 
93 48 28 
93 44 18 
34 12 50 
89 11 56 
25 28 26 
29 25 31 
4 90 25 
58 49 34 
76 1 57 
14 78 95 
93 81 3 
67 65 97 
60 95 41 
77 21 49 
49 10 24 
48 87 54 
7 60 45 
62 12 3 
41 46 2 
22 14 28 
87 92 27 
40 19 53 
51 6 20 
93 5 24 
7 50 28 
97 71 76 
44 79 99 
29 21 28 
27 31 52 
91 42 93 
83 8 72 
91 90 7 
66 6 16 
69 94 58 
93 79 66 
9 75 61 
38 78 43 
74 78 71 
82 57 49 
49 43 98 
94 44 26 
1 99 65 
35 67 82 
32 78 35 
71 11 12 
29 90 83 
94 40 34 
57 98 34 
88 38 21 
88 96 70 
38 14 21 
38 42 39 
37 17 9 
28 82 72 
40 2 22 
64 88 31 
55 33 86 
66 68 90 
72 62 33 
3 56 88 
26 23 35 
22 30 55 
2 63 75 
1 19 14 
85 46 66 
36 76 3 
19 90 71 
37 50 94 
26 13 77 
1 84 67 
18 34 81 
37 21 72 
82 87 63 
74 23 35 
54 86 29 
74 40 30 
74 34 16 
36 44 18 
61 53 55 
13 95 9 
60 11 51 
23 32 86 
57 91 79 
77 19 35 
49 83 96 
44 6 12 
29 60 41 
76 36 62 
1 70 62 
88 84 50 
9 36 21 
6 46 24 
98 47 97 
17 15 14 
11 68 63 
35 34 53 
93 97 20 
79 72 20 
94 82 56 
94 95 57 
20 84 58 
93 72 77 
71 65 61 
32 59 30 
30 85 14 
63 97 72 
10 78 97 
1 87 85 
41 99 14 
95 15 96 
98 6 28 
51 99 91 
30 80 38 
49 15 18 
55 21 13 
2 67 65 
28 14 85 
74 1 38 
36 30 50 
77 42 40 
29 19 76 
40 61 45 
60 96 31 
23 95 63 
69 64 79 
99 60 22 
78 90 25 
41 59 72 
73 88 28 
58 79 84 
58 69 87 
75 97 94 
20 51 89 
93 99 88 
77 31 50 
66 83 85 
64 97 9 
28 46 43 
69 5 57 
30 35 6 
36 41 43 
70 1 97 
19 53 25 
41 39 60 
52 9 97 
51 80 75 
49 53 90 
88 55 45 
28 70 54 
49 51 58 
66 51 17 
34 82 26 
8 24 92 
31 48 53 
87 68 80 
72 94 49 
2 57 25 
63 18 13 
53 88 71 
67 1 48 
18 1 53 
17 14 88 
49 52 70 
55 86 78 
48 50 82 
60 39 97 
77 8 32 
81 17 71 
71 8 84 
82 24 56 
85 26 66 
87 53 97 
6 65 41 
59 39 43 
21 15 53 
1 85 70 
24 10 66 
32 82 48 
52 7 61 
55 13 6 
75 17 35 
42 41 15 
43 73 67 
62 35 9 
58 100 82 
15 1 79 
80 3 56 
22 80 79 
34 49 70 
51 48 65 
87 40 76 
47 15 31 
35 1 73 
89 98 57 
74 7 42 
51 90 10 
62 23 17 
19 35 72 
8 77 63 
9 63 41 
55 52 71 
82 16 52 
12 29 99 
65 56 62 
8 61 45 
99 9 18 
36 10 72 
19 32 24 
59 28 50 
83 8 25 
2 20 4 
26 74 1 
66 58 99 
23 7 70 
14 95 65 
72 93 54 
69 84 70 
26 76 1 
21 72 74 
5 20 83 
15 81 8 
25 64 76 
8 39 17 
78 18 86 
30 99 43 
86 71 53 
14 81 19 
88 36 30 
32 59 99 
71 44 24 
38 78 97 
81 2 91 
37 11 89 
57 70 47 
90 70 38 
35 39 75 
45 40 9 
82 60 26 
58 26 47 
61 88 67 
79 44 28 
55 7 37 
15 48 30 
2 6 12 
97 48 80 
89 31 51 
89 57 65 
80 55 100 
40 42 56 
88 87 95 
48 54 6 
48 72 49 
14 52 7 
57 39 50 
81 23 30 
45 56 26 
23 49 85 
67 57 96 
49 29 62 
24 65 41 
25 2 74 
62 47 98 
4 93 92 
57 93 21 
27 10 94 
9 34 96 
1 36 19 
24 40 94 
79 2 82 
98 97 95 
32 43 77 
11 20 100 
64 16 23 
28 51 53 
57 87 24 
22 32 70 
2 70 92 
51 9 72 
25 27 8 
54 53 91 
35 49 64 
24 22 6 
92 29 14 
22 89 40 
100 93 53 
10 29 33 
49 62 25 
34 32 85 
28 94 18 
100 38 92 
41 70 56 
62 9 16 
84 66 81 
92 74 96 
64 23 1 
72 27 86 
16 86 72 
19 99 71 
32 86 54 
60 50 22 
81 34 45 
73 94 2 
95 22 57 
75 55 66 
47 54 95 
48 61 37 
83 92 58 
30 84 96 
81 46 79 
6 26 47 
20 32 78 
14 12 36 
43 70 60 
13 82 74 
47 93 55 
38 65 17 
64 86 94 
40 18 20 
75 33 69 
90 44 93 
76 49 57 
71 76 94 
39 60 26 
22 5 32 
62 35 10 
95 53 14 
55 76 97 
49 92 28 
95 54 42 
11 48 57 
76 96 94 
79 33 50 
48 47 51 
17 95 28 
70 54 9 
60 49 57 
77 12 78 
86 66 98 
12 100 39 
7 97 15 
97 84 29 
1 10 80 
100 44 69 
48 49 99 
14 11 45 
49 32 23 
52 41 61 
91 4 19 
27 45 47 
22 48 13 
72 14 19 
25 18 60 
75 19 23 
35 8 48 
73 85 43 
65 46 64 
63 33 74 
78 66 37 
67 14 49 
31 14 11 
12 82 8 
26 94 65 
13 39 43 
28 90 6 
35 76 36 
35 4 18 
27 50 76 
81 49 21 
60 58 44 
79 73 77 
64 8 99 
49 21 8 
93 34 13 
88 25 76 
87 76 58 
66 81 49 
73 18 80 
19 63 85 
20 2 84 
25 43 87 
38 2 1 
7 3 84 
36 93 67 
58 70 2 
88 55 2 
57 91 100 
10 16 85 
44 99 35 
53 44 84 
21 62 51 
95 49 52 
12 72 87 
99 18 78 
22 80 51 
81 79 51 
79 17 52 
68 48 15 
100 31 8 
82 68 6 
93 38 47 
25 73 1 
31 26 64 
3 77 7 
90 14 68 
62 61 97 
6 80 37 
66 70 58 
47 27 48 
8 21 80 
24 43 50 
29 21 8 
13 48 52 
34 63 76 
32 73 14 
53 72 26 
3 38 84 
37 80 33 
16 48 27 
49 13 32 
1 29 79 
52 40 12 
89 49 29 
79 78 7 
52 33 17 
49 37 80 
99 7 15 
66 83 73 
78 57 25 
59 71 12 
71 80 17 
85 82 31 
25 79 13 
51 91 45 
34 25 31 
37 80 97 
52 8 86 
93 5 31 
93 21 88 
80 82 84 
47 90 24 
34 13 2 
88 78 37 
100 70 88 
85 84 62 
18 33 9 
29 60 21 
7 32 87 
40 94 64 
11 89 5 
10 12 13 
64 75 96 
64 8 54 
58 88 68 
78 85 65 
1 44 97 
95 57 4 
86 14 29 
67 13 64 
98 16 29 
66 95 8 
83 43 17 
27 66 8 
100 2 25 
24 39 81 
79 48 22 
8 64 45 
41 10 21 
69 15 52 
13 54 43 
67 79 10 
47 78 5 
90 58 56 
1 9 85 
48 13 6 
94 51 58 
15 18 6 
90 98 84 
30 39 97 
57 31 46 
49 28 83 
61 58 34 
59 3 75 
21 54 60 
26 32 56 
24 19 9 
67 49 62 
38 12 28 
58 42 71 
96 40 77 
46 72 74 
47 6 64 
35 33 91 
5 16 99 
65 39 73 
29 14 74 
21 84 69 
3 31 70 
16 30 93 
38 25 42 
58 53 44 
87 9 16 
69 41 13 
86 21 91 
3 33 37 
8 24 40 
16 30 43 
4 12 99 
36 69 11 
4 51 68 
84 10 87 
53 57 18 
60 34 69 
20 25 51 
49 15 90 
94 57 76 
76 100 35 
97 50 77 
45 21 44 
4 55 60 
58 93 14 
54 91 85 
46 75 96 
83 92 74 
63 32 25 
65 81 60 
62 13 25 
29 11 28 
1 100 85 
15 16 41 
32 82 49 
64 97 22 
40 62 29 
19 13 39 
41 80 31 
34 19 14 
59 86 83 
53 38 49 
84 34 6 
100 22 30 
20 70 6 
38 89 76 
6 11 76 
66 29 79 
66 23 99 
70 71 83 
47 10 18 
89 63 37 
87 97 15 
20 88 61 
13 32 33 
75 48 72 
24 42 79 
89 40 83 
12 51 50 
21 55 99 
68 35 54 
13 3 68 
79 89 17 
29 90 4 
35 17 94 
45 98 91 
3 10 25 
100 26 36 
60 99 50 
77 83 96 
9 69 86 
14 39 12 
63 13 92 
1 10 98 
33 3 94 
65 4 26 
38 9 50 
98 72 96 
6 14 55 
11 64 40 
71 33 88 
58 42 40 
51 93 7 
36 67 21 
33 64 3 
51 21 17 
27 99 46 
43 53 64 
11 41 95 
43 67 83 
11 88 14 
100 38 90 
100 36 3 
4 66 29 
62 23 27 
1 65 82 
75 62 55 
94 51 86 
95 61 84 
12 81 17 
33 36 40 
6 92 54 
61 27 57 
8 11 90 
92 8 77 
2 99 43 
40 65 27 
77 31 30 
27 71 58 
81 3 83 
81 27 90 
73 44 63 
68 96 63 
9 50 19 
32 18 90 
1 46 39 
21 27 31 
49 93 89 
53 40 80 
83 60 100 
49 31 45 
23 75 88 
32 59 38 
56 84 55 
90 88 10 
71 43 70 
93 79 60 
30 23 89 
77 50 9 
30 29 23 
11 18 30 
93 6 43 
50 23 55 
64 19 10 
80 71 98 
29 25 24 
9 48 41 
74 2 83 
3 44 79 
44 10 82 
11 5 57 
36 62 37 
35 65 16 
14 44 17 
57 26 48 
62 87 23 
49 38 25 
81 54 90 
14 23 62 
66 79 9 
21 22 100 
77 27 93 
75 65 38 
45 43 27 
93 44 81 
73 43 50 
73 62 51 
18 30 100 
92 5 74 
55 34 86 
78 63 58 
94 23 99 
22 53 28 
38 34 60 
19 46 40 
68 97 19 
8 18 17 
82 68 23 
2 95 60 
11 88 22 
3 4 90 
71 76 36 
81 77 25 
78 37 90 
28 26 42 
59 77 32 
96 17 53 
