10000
100000
53 35 43 
15 51 78 
36 45 54 
41 31 80 
96 99 24 
54 49 45 
62 75 5 
98 3 71 
11 14 12 
60 6 8 
28 17 95 
79 10 9 
49 9 61 
54 14 91 
85 1 87 
26 60 75 
75 28 43 
85 81 37 
79 23 91 
38 40 95 
23 26 56 
63 95 15 
52 54 59 
27 54 78 
83 48 75 
62 79 29 
68 79 99 
14 31 49 
49 27 29 
34 82 50 
48 43 62 
54 16 53 
83 41 34 
24 61 91 
44 84 62 
65 37 24 
59 49 28 
18 43 16 
8 21 56 
10 34 45 
19 87 55 
60 87 55 
32 51 13 
100 87 28 
79 67 100 
68 41 85 
30 33 29 
95 99 73 
41 2 52 
35 21 25 
95 19 41 
73 94 32 
67 30 31 
24 46 39 
8 50 1 
35 21 14 
27 17 3 
57 40 38 
29 74 33 
16 25 64 
65 62 56 
48 79 21 
47 62 77 
31 86 47 
100 5 62 
54 80 85 
41 91 12 
69 81 95 
61 20 72 
47 22 74 
24 15 54 
97 17 21 
91 96 85 
33 72 62 
1 33 21 
62 92 12 
50 9 77 
34 67 13 
57 96 90 
53 46 24 
48 10 63 
50 76 98 
79 26 23 
92 17 18 
94 87 8 
100 92 89 
51 77 30 
44 67 87 
96 46 75 
63 85 73 
43 25 2 
44 58 60 
68 66 45 
50 67 20 
27 48 93 
58 49 34 
87 27 92 
37 57 71 
47 34 84 
65 37 75 
10 60 45 
28 58 13 
24 35 79 
63 38 36 
51 35 56 
27 26 44 
62 6 37 
25 47 78 
88 48 29 
88 18 77 
93 49 84 
100 94 46 
73 54 74 
62 35 10 
45 92 55 
76 91 87 
35 95 87 
54 41 9 
27 11 85 
34 74 41 
69 17 15 
49 76 57 
49 11 90 
18 29 22 
74 53 28 
32 26 30 
74 63 5 
6 11 22 
53 33 15 
54 22 91 
70 42 89 
41 33 39 
19 42 38 
58 65 32 
64 39 83 
26 29 61 
71 99 93 
24 19 51 
33 54 94 
10 16 90 
99 40 77 
63 25 32 
28 19 2 
76 77 98 
37 72 56 
81 3 45 
75 50 23 
29 39 20 
53 4 92 
3 48 94 
94 59 10 
74 97 94 
20 28 93 
52 62 43 
49 63 7 
58 26 48 
46 56 43 
40 37 46 
14 40 9 
1 67 74 
53 51 55 
33 100 39 
94 71 84 
44 41 46 
11 37 88 
57 96 4 
41 28 34 
42 49 36 
74 56 38 
99 3 82 
81 23 91 
82 11 84 
83 39 79 
26 95 1 
6 74 77 
95 60 82 
29 52 70 
99 57 2 
33 77 38 
99 83 13 
29 60 23 
30 99 36 
49 97 67 
55 98 1 
67 64 13 
43 41 39 
42 49 46 
21 32 72 
53 37 87 
44 80 46 
25 85 21 
4 88 94 
62 29 25 
69 61 65 
68 72 69 
63 35 96 
23 1 75 
20 59 42 
4 12 19 
82 100 11 
5 34 26 
67 81 60 
37 52 51 
92 1 28 
67 30 95 
10 17 64 
64 26 23 
54 41 32 
9 10 65 
66 31 9 
29 46 87 
18 43 45 
70 49 15 
12 58 20 
12 20 52 
70 52 15 
33 57 58 
5 96 6 
68 25 53 
33 75 1 
5 75 99 
31 55 70 
36 69 18 
9 1 17 
93 27 31 
33 26 99 
76 45 46 
91 64 93 
25 15 94 
57 88 32 
68 24 14 
98 8 5 
38 22 46 
52 55 88 
86 98 74 
46 32 74 
29 90 34 
5 17 69 
45 21 44 
50 59 75 
99 77 83 
55 8 24 
40 1 67 
26 78 21 
10 17 32 
32 9 21 
93 20 46 
35 48 81 
80 2 59 
49 73 35 
41 51 89 
45 74 17 
51 58 94 
23 17 96 
54 5 45 
52 35 37 
56 1 44 
74 42 82 
80 32 54 
61 29 12 
79 75 44 
97 32 23 
20 18 3 
76 95 93 
26 9 50 
56 76 27 
68 59 6 
37 72 76 
45 17 77 
11 53 51 
38 73 52 
54 92 5 
9 75 69 
90 66 40 
58 53 15 
15 27 45 
89 96 91 
91 7 90 
93 88 21 
26 53 70 
64 47 95 
94 80 52 
43 10 64 
57 14 83 
68 31 65 
72 31 52 
95 56 37 
22 20 51 
38 35 36 
98 74 3 
93 97 66 
100 36 69 
44 24 90 
87 18 38 
88 35 43 
22 12 37 
12 1 70 
24 75 28 
91 60 17 
50 87 55 
100 88 83 
89 62 98 
54 91 85 
80 98 56 
98 26 93 
67 1 25 
30 27 59 
83 98 2 
26 57 22 
25 89 11 
21 13 8 
61 17 98 
46 65 40 
99 30 81 
82 54 47 
15 33 45 
18 15 4 
34 75 15 
68 38 93 
96 19 85 
49 14 25 
7 18 52 
92 93 81 
67 71 18 
38 34 60 
19 5 50 
91 95 19 
5 34 100 
28 60 26 
51 86 11 
54 49 8 
37 55 51 
98 97 95 
6 77 52 
49 2 14 
52 9 31 
52 50 62 
78 51 31 
58 49 39 
10 25 21 
93 81 11 
22 89 71 
4 15 68 
66 8 96 
100 61 66 
35 59 86 
89 92 57 
94 69 96 
87 71 40 
5 87 84 
50 53 45 
66 6 97 
10 84 62 
43 55 54 
20 5 48 
90 97 13 
83 35 86 
14 72 66 
29 14 89 
70 2 58 
25 30 56 
3 99 67 
56 39 57 
1 66 56 
5 93 100 
65 28 41 
91 21 31 
55 1 81 
92 8 66 
37 75 3 
30 90 7 
39 5 74 
64 26 79 
62 27 25 
69 78 52 
45 64 40 
78 82 81 
97 72 38 
98 74 6 
32 86 27 
96 83 64 
18 16 11 
74 17 6 
97 78 1 
75 2 89 
58 97 26 
19 99 64 
67 28 81 
72 35 82 
2 25 91 
63 2 34 
1 42 43 
58 81 35 
87 25 8 
10 32 63 
65 21 2 
95 37 30 
55 14 16 
90 93 24 
54 65 59 
97 72 63 
38 32 60 
64 5 21 
7 66 48 
45 100 36 
38 34 28 
95 21 83 
74 47 86 
14 79 62 
47 36 73 
99 79 30 
47 18 10 
34 51 57 
70 96 23 
49 50 75 
87 12 72 
6 3 94 
2 34 12 
93 96 97 
98 77 19 
60 37 65 
74 53 49 
69 4 71 
18 3 13 
22 44 37 
46 59 61 
30 3 40 
50 45 14 
5 86 76 
77 42 62 
13 44 40 
85 1 100 
53 27 98 
3 58 7 
43 85 65 
22 96 93 
96 83 41 
42 82 25 
12 36 56 
31 24 18 
56 40 26 
12 51 34 
43 22 67 
77 91 10 
43 95 71 
53 88 58 
55 65 7 
18 53 1 
56 98 29 
84 53 44 
7 23 6 
5 11 44 
64 9 8 
97 5 30 
8 85 88 
1 33 29 
47 69 40 
80 33 54 
41 68 26 
17 46 75 
14 16 46 
4 51 57 
88 69 99 
6 50 32 
28 62 89 
85 81 63 
35 9 44 
33 15 75 
61 92 59 
45 39 12 
27 52 49 
5 45 98 
72 5 49 
15 97 61 
94 20 77 
27 62 70 
100 64 10 
67 34 3 
15 17 20 
74 46 60 
47 5 14 
69 3 63 
98 71 77 
67 41 84 
27 85 67 
45 41 28 
90 66 67 
49 84 95 
86 25 2 
33 99 19 
86 97 31 
48 63 53 
42 66 6 
52 8 30 
68 70 82 
45 28 34 
55 71 66 
41 80 89 
3 23 99 
7 15 36 
79 12 3 
57 45 49 
71 43 58 
7 44 32 
17 96 22 
26 14 22 
57 36 21 
51 88 65 
79 46 65 
2 37 57 
29 28 48 
38 36 31 
58 20 54 
70 82 79 
13 97 9 
3 45 23 
81 86 4 
45 64 77 
64 23 1 
6 51 85 
15 22 28 
83 76 69 
55 59 89 
38 23 21 
73 8 29 
29 87 61 
92 96 23 
18 64 49 
78 12 77 
33 12 60 
47 74 30 
68 16 72 
71 43 1 
2 20 49 
86 48 98 
94 44 11 
20 98 45 
29 98 58 
44 64 4 
57 91 6 
40 4 51 
17 14 88 
41 40 7 
39 100 25 
15 45 11 
16 93 77 
20 31 64 
18 77 58 
35 52 44 
76 74 54 
40 43 71 
67 24 89 
26 43 85 
61 17 76 
35 67 55 
15 88 3 
52 83 21 
20 16 7 
88 44 47 
3 70 31 
100 55 60 
25 89 5 
81 82 38 
94 84 5 
59 80 69 
5 90 26 
67 76 95 
29 54 20 
56 7 26 
88 48 30 
36 14 18 
18 23 32 
68 59 99 
27 15 22 
33 94 3 
75 90 33 
3 26 56 
45 14 36 
15 29 61 
41 13 59 
13 39 47 
95 72 76 
60 91 2 
99 22 79 
100 19 17 
98 68 58 
29 48 83 
72 48 49 
8 25 83 
6 60 71 
17 66 51 
66 97 46 
89 34 94 
67 80 44 
65 93 26 
96 51 11 
56 72 55 
81 43 26 
60 39 73 
1 79 50 
73 26 18 
86 66 45 
66 27 64 
8 4 40 
79 10 67 
47 26 36 
65 84 94 
12 62 64 
74 38 68 
64 52 78 
99 80 72 
68 57 72 
45 62 14 
91 92 75 
69 15 52 
48 69 20 
52 56 20 
33 94 4 
4 26 93 
54 53 91 
21 25 1 
42 73 84 
63 85 19 
81 23 30 
83 73 30 
15 51 83 
5 16 15 
55 74 69 
7 17 9 
10 11 2 
22 11 12 
78 86 18 
58 69 87 
21 98 80 
20 16 84 
44 73 37 
58 93 13 
41 77 1 
93 23 2 
16 57 15 
21 46 36 
92 97 48 
42 44 5 
92 2 73 
94 97 77 
62 37 36 
23 83 69 
83 79 100 
82 19 59 
96 53 78 
15 72 98 
58 23 76 
43 28 27 
38 84 8 
11 98 56 
92 80 4 
21 50 28 
30 31 96 
24 13 94 
71 47 80 
56 77 38 
27 63 66 
66 95 22 
34 60 75 
88 56 4 
87 31 23 
96 79 8 
55 23 98 
86 56 4 
23 44 30 
9 51 57 
55 53 61 
95 39 20 
37 84 45 
4 45 83 
38 62 18 
93 34 37 
54 72 98 
66 17 88 
50 29 34 
82 67 35 
18 46 37 
3 80 40 
12 82 32 
36 75 61 
3 12 62 
35 39 56 
35 4 1 
8 28 45 
33 8 13 
25 70 76 
64 88 39 
94 40 24 
8 48 28 
66 85 46 
3 57 26 
51 49 36 
79 100 32 
69 97 25 
57 77 3 
68 66 10 
81 68 75 
32 39 53 
33 3 37 
57 70 66 
35 52 69 
61 13 24 
30 42 45 
84 87 94 
43 87 85 
27 93 77 
14 17 2 
93 79 60 
90 99 38 
57 72 26 
91 73 65 
74 3 86 
72 12 54 
74 72 100 
6 35 66 
74 10 18 
14 59 75 
81 28 48 
74 80 81 
73 26 36 
99 30 86 
30 58 17 
9 71 30 
56 4 93 
64 21 72 
61 63 10 
1 54 28 
38 21 35 
77 73 33 
58 8 65 
33 80 30 
90 7 58 
26 20 75 
72 44 96 
20 25 61 
32 75 4 
83 3 35 
72 39 85 
19 37 9 
72 3 46 
82 68 15 
58 40 48 
65 17 38 
98 14 18 
49 59 69 
45 71 64 
73 23 86 
29 77 43 
35 62 77 
87 16 25 
13 64 80 
43 22 61 
59 28 56 
32 25 21 
83 40 78 
8 9 62 
43 30 46 
26 31 53 
80 55 46 
86 27 17 
5 8 52 
65 80 69 
31 40 2 
1 37 81 
97 22 17 
46 39 77 
56 61 55 
51 92 61 
15 17 14 
43 66 7 
64 85 76 
47 31 30 
99 62 77 
95 9 77 
24 51 71 
88 41 12 
21 8 29 
19 37 34 
49 35 90 
81 37 76 
60 48 51 
69 56 21 
98 37 42 
13 2 25 
5 85 34 
82 59 87 
28 94 16 
12 88 63 
66 16 6 
60 63 5 
90 48 52 
41 74 36 
75 58 29 
45 38 15 
22 2 54 
41 2 66 
48 84 4 
58 75 67 
1 58 17 
81 21 38 
57 40 11 
90 4 97 
34 62 53 
19 30 17 
19 25 32 
13 16 51 
44 19 64 
1 54 95 
54 92 35 
51 6 91 
86 14 68 
8 35 49 
56 1 27 
53 36 44 
91 24 73 
67 36 93 
3 37 50 
96 56 73 
45 27 20 
48 24 79 
53 17 55 
74 27 51 
35 4 18 
81 91 10 
93 80 52 
83 29 75 
36 26 61 
41 59 14 
21 94 25 
71 53 3 
40 1 54 
39 98 62 
71 88 37 
92 2 70 
9 75 98 
30 87 65 
45 80 14 
74 40 67 
14 89 72 
67 89 43 
86 66 98 
22 29 9 
99 8 5 
53 7 46 
77 84 95 
78 37 55 
96 22 33 
97 31 81 
93 43 23 
5 15 55 
40 61 13 
77 38 80 
57 11 93 
46 14 55 
83 87 23 
99 47 56 
99 45 76 
29 40 94 
18 55 45 
71 26 53 
36 24 75 
1 13 49 
18 20 36 
68 89 30 
17 59 29 
30 8 37 
84 90 21 
41 48 21 
76 17 85 
1 29 79 
18 17 43 
40 45 94 
38 42 18 
92 78 66 
39 25 54 
99 57 28 
26 12 39 
3 96 66 
71 90 42 
94 31 78 
41 55 19 
7 15 76 
94 78 55 
60 83 62 
87 40 76 
97 96 37 
99 77 6 
38 44 5 
11 16 46 
83 8 81 
14 6 94 
62 33 37 
65 78 17 
3 68 74 
53 62 78 
79 43 71 
7 53 18 
66 26 20 
70 75 74 
10 18 44 
22 10 54 
71 8 58 
68 66 30 
92 41 28 
71 96 2 
95 7 54 
28 40 35 
97 23 43 
35 28 18 
77 18 6 
72 92 98 
90 4 64 
27 80 46 
58 72 39 
39 1 46 
50 68 3 
6 40 97 
17 61 69 
95 78 14 
16 82 52 
28 42 26 
27 2 33 
1 4 60 
59 3 50 
66 12 95 
52 7 61 
93 19 89 
97 78 19 
12 76 87 
3 62 42 
58 64 25 
96 17 32 
40 55 21 
70 55 39 
56 21 12 
28 79 44 
20 86 73 
63 75 54 
40 21 37 
97 17 79 
77 70 4 
71 5 80 
77 63 8 
3 76 63 
44 67 90 
84 42 81 
60 33 56 
35 92 89 
96 78 17 
19 7 6 
86 19 58 
75 83 97 
55 81 17 
68 60 99 
28 95 33 
98 86 100 
24 66 47 
38 13 23 
47 86 41 
21 92 58 
92 35 30 
35 78 27 
72 21 95 
16 68 48 
16 34 56 
7 35 45 
41 38 68 
32 75 76 
16 2 94 
83 12 36 
8 42 25 
27 95 87 
76 23 26 
65 12 30 
24 46 29 
1 24 15 
84 32 79 
84 77 26 
40 89 2 
2 57 25 
3 81 83 
98 96 3 
18 70 36 
16 43 81 
52 11 29 
47 2 26 
1 81 11 
51 63 49 
91 73 3 
79 31 43 
96 78 14 
16 59 17 
68 4 27 
71 90 37 
81 67 73 
42 76 53 
85 28 42 
60 87 30 
86 5 6 
28 22 13 
26 19 75 
27 71 23 
56 39 67 
37 81 66 
92 80 66 
49 40 66 
66 35 63 
56 21 92 
39 42 38 
38 12 60 
28 29 26 
31 21 6 
17 24 97 
64 7 98 
86 55 33 
11 71 29 
46 39 87 
83 30 51 
1 7 44 
90 20 95 
43 13 39 
22 71 17 
90 66 68 
22 80 20 
5 91 37 
96 13 29 
47 66 11 
8 58 95 
87 23 95 
49 77 52 
56 45 76 
70 75 92 
25 37 30 
94 26 86 
60 33 64 
26 95 36 
41 90 3 
49 61 26 
99 100 6 
93 10 95 
20 13 19 
34 37 5 
12 63 58 
10 48 33 
3 66 48 
44 47 70 
2 96 6 
22 94 30 
11 96 90 
41 72 87 
29 70 38 
7 93 64 
74 7 93 
30 2 33 
62 11 14 
13 66 47 
71 99 1 
86 24 67 
62 33 17 
40 36 82 
56 6 35 
62 99 68 
76 90 73 
14 75 12 
67 71 45 
16 85 67 
49 57 82 
35 85 33 
27 38 76 
23 66 57 
40 37 15 
30 74 2 
33 11 86 
26 25 42 
89 61 88 
85 62 92 
90 65 52 
66 100 74 
46 6 92 
100 45 73 
10 25 19 
40 10 68 
10 7 26 
3 65 69 
13 25 62 
19 45 10 
9 12 22 
69 71 2 
86 96 18 
82 29 70 
14 54 37 
32 85 21 
13 9 53 
99 12 100 
96 18 47 
19 73 79 
23 10 50 
12 13 79 
96 48 8 
20 4 2 
39 2 91 
7 53 13 
72 14 53 
76 47 24 
56 42 81 
67 75 36 
28 50 9 
100 6 19 
66 23 1 
14 62 50 
35 16 42 
32 29 39 
5 73 45 
27 98 80 
95 44 31 
62 29 37 
50 31 65 
5 97 17 
6 50 96 
95 55 79 
31 100 77 
4 90 29 
94 12 80 
51 99 64 
44 13 17 
52 32 11 
14 72 19 
86 35 68 
81 42 87 
3 59 44 
40 94 72 
63 93 62 
3 66 53 
88 79 27 
18 95 35 
62 28 93 
66 43 71 
53 10 61 
20 79 96 
82 8 91 
39 13 42 
25 39 52 
2 16 98 
20 62 67 
55 8 15 
58 62 66 
34 40 14 
46 91 83 
35 95 61 
31 1 70 
39 52 59 
88 86 83 
86 94 91 
77 13 2 
63 18 39 
67 20 13 
18 85 68 
56 91 10 
91 53 63 
93 42 41 
39 17 3 
9 39 72 
80 22 51 
1 19 36 
17 42 25 
68 8 85 
76 27 100 
55 89 65 
87 39 74 
31 4 51 
13 1 78 
93 91 94 
52 9 24 
47 45 61 
97 21 23 
39 80 15 
11 84 32 
13 2 34 
20 73 54 
37 78 5 
88 8 86 
9 99 44 
83 29 41 
83 38 91 
46 40 86 
29 11 44 
15 4 25 
49 99 91 
66 93 3 
71 56 34 
62 19 4 
40 84 42 
23 69 31 
68 75 92 
52 62 58 
73 31 23 
23 28 87 
77 7 34 
61 38 73 
51 91 8 
30 24 86 
3 72 91 
63 18 99 
68 96 21 
62 87 12 
56 82 88 
34 27 54 
31 25 27 
12 88 20 
40 24 58 
8 47 81 
97 20 74 
51 48 77 
35 39 19 
60 75 64 
56 11 16 
50 30 98 
92 68 21 
27 59 69 
91 99 51 
12 91 78 
7 55 37 
19 3 15 
41 15 16 
44 29 77 
56 39 23 
35 69 79 
5 48 19 
19 70 86 
2 90 76 
46 52 18 
11 82 96 
15 63 69 
65 49 64 
71 94 69 
58 16 45 
41 79 96 
100 64 21 
22 95 100 
38 49 25 
52 97 33 
71 54 46 
48 73 14 
54 66 26 
72 34 3 
60 52 17 
93 15 34 
81 10 74 
78 5 50 
91 60 65 
19 95 5 
91 70 74 
84 86 29 
99 84 29 
74 24 19 
39 54 95 
39 44 50 
58 77 16 
76 44 27 
80 86 72 
62 83 53 
27 62 58 
98 97 36 
30 42 38 
39 100 99 
66 51 61 
41 29 59 
82 57 98 
86 7 20 
56 87 46 
24 51 8 
84 57 5 
10 18 90 
20 94 35 
29 69 23 
20 46 24 
32 40 65 
34 58 31 
74 51 54 
38 51 45 
30 23 89 
56 62 35 
28 81 66 
81 71 35 
1 84 38 
3 100 7 
84 39 74 
18 41 65 
49 90 8 
1 22 20 
22 99 63 
35 94 17 
83 70 72 
29 66 79 
47 33 3 
37 68 30 
15 17 74 
60 57 64 
7 20 62 
9 71 65 
54 44 77 
97 77 99 
14 97 9 
60 18 25 
78 80 5 
27 13 54 
73 17 99 
26 20 96 
99 77 20 
35 14 85 
99 100 15 
51 43 79 
9 53 70 
98 91 88 
72 74 46 
82 29 92 
98 47 97 
97 50 9 
92 96 51 
2 6 63 
38 14 4 
75 67 100 
22 65 86 
50 35 17 
61 60 3 
41 1 16 
93 99 61 
26 10 55 
51 76 68 
93 83 2 
49 92 28 
44 84 2 
20 25 32 
75 43 32 
97 82 95 
62 27 12 
14 94 7 
41 39 91 
10 50 80 
61 81 7 
3 75 21 
58 45 73 
85 14 48 
47 64 43 
24 78 32 
5 29 62 
76 82 1 
38 35 48 
15 34 2 
33 98 46 
90 3 9 
69 9 78 
27 74 11 
16 11 25 
70 95 9 
92 42 65 
5 23 38 
67 89 77 
97 44 1 
25 24 82 
60 54 94 
29 76 84 
91 96 48 
37 43 45 
11 47 57 
27 54 7 
29 36 87 
5 49 96 
75 44 43 
12 14 1 
35 41 87 
29 78 38 
13 43 54 
64 99 39 
6 56 16 
66 32 23 
11 23 4 
65 81 60 
53 14 37 
47 28 19 
87 9 4 
66 59 81 
86 58 23 
31 16 75 
59 45 8 
86 24 70 
52 24 81 
54 44 19 
97 35 19 
74 58 24 
45 74 5 
45 73 50 
41 10 32 
32 37 27 
28 42 37 
16 23 20 
66 99 36 
23 36 62 
71 89 34 
58 53 54 
40 78 72 
13 67 55 
53 87 90 
54 45 42 
46 32 98 
27 37 11 
79 89 12 
48 1 49 
54 45 63 
88 39 24 
20 60 77 
65 88 22 
84 75 25 
100 67 58 
2 20 27 
7 55 42 
31 86 34 
100 62 34 
22 40 2 
23 46 88 
10 27 32 
68 76 46 
11 1 17 
58 43 4 
54 26 43 
79 74 82 
59 33 83 
95 55 47 
85 47 37 
46 31 68 
37 65 92 
56 84 85 
19 93 55 
89 54 61 
4 7 6 
41 27 52 
36 14 12 
18 10 93 
76 21 90 
39 76 94 
22 60 45 
35 89 22 
8 59 28 
32 18 90 
76 49 32 
1 88 15 
7 53 8 
87 20 73 
54 83 58 
35 47 59 
27 74 36 
70 47 80 
98 95 32 
68 19 18 
25 84 30 
54 73 91 
29 14 44 
20 54 34 
11 15 41 
86 58 40 
47 72 55 
60 20 63 
45 14 41 
48 32 82 
7 23 62 
49 94 69 
54 87 46 
80 14 100 
23 75 19 
53 61 18 
26 51 10 
99 86 71 
12 15 20 
46 96 56 
8 44 94 
19 12 17 
62 93 21 
74 5 19 
32 78 8 
6 24 87 
78 54 50 
18 92 60 
10 84 21 
4 58 3 
40 24 78 
98 93 8 
81 39 70 
57 52 17 
18 15 6 
47 67 77 
16 15 71 
77 1 14 
25 86 34 
8 97 87 
72 17 94 
96 32 49 
69 65 30 
68 78 43 
39 15 55 
35 42 36 
7 4 9 
67 63 66 
40 74 4 
38 90 51 
15 78 71 
16 2 30 
41 23 70 
87 78 43 
59 77 6 
25 74 41 
43 22 26 
19 69 26 
64 92 8 
52 77 3 
93 20 38 
1 23 62 
63 95 12 
45 80 68 
100 87 75 
62 58 85 
34 88 65 
42 65 55 
90 63 39 
72 35 34 
12 32 61 
73 85 41 
19 86 88 
35 6 82 
75 48 33 
47 62 63 
9 38 50 
17 19 47 
55 83 69 
62 22 10 
58 88 40 
79 15 4 
38 94 90 
46 55 1 
90 63 4 
33 100 45 
64 34 25 
19 21 41 
78 7 77 
87 34 40 
88 14 75 
48 42 43 
12 82 8 
69 72 13 
37 85 19 
50 84 88 
18 44 33 
18 62 100 
46 67 47 
56 96 39 
22 85 65 
60 77 99 
45 100 13 
86 95 89 
15 60 33 
15 9 53 
41 77 38 
13 67 43 
73 1 86 
87 22 97 
50 41 38 
26 40 28 
66 97 62 
63 88 89 
34 64 60 
87 78 35 
7 6 37 
66 65 22 
20 15 3 
8 96 9 
77 34 82 
27 13 9 
32 37 26 
6 33 52 
66 25 1 
11 70 20 
35 11 61 
89 59 42 
51 85 74 
93 33 35 
56 57 41 
29 53 7 
57 79 94 
66 36 89 
91 45 98 
13 84 67 
43 60 22 
86 52 67 
29 68 42 
79 72 20 
47 98 6 
45 21 99 
97 34 14 
52 96 62 
2 73 50 
71 66 99 
92 63 73 
18 21 38 
100 70 58 
43 55 26 
77 37 66 
99 82 23 
44 99 35 
75 57 31 
62 16 60 
25 17 53 
84 53 97 
65 53 94 
83 2 41 
40 89 65 
77 83 96 
78 89 34 
42 99 29 
15 83 65 
4 30 49 
4 46 47 
70 14 61 
35 23 28 
63 36 87 
71 88 33 
64 92 83 
85 34 45 
89 62 24 
100 16 93 
7 52 59 
45 30 77 
16 30 43 
1 61 52 
57 15 40 
89 64 20 
42 9 63 
50 77 58 
33 84 38 
100 36 66 
66 46 96 
25 87 55 
30 25 51 
1 7 21 
69 34 60 
66 53 61 
86 69 24 
52 1 3 
79 13 68 
7 24 64 
100 94 85 
14 66 77 
44 3 89 
28 99 46 
39 61 24 
87 85 97 
14 24 63 
25 43 96 
61 99 25 
97 31 48 
100 24 67 
38 61 53 
35 78 32 
8 76 55 
61 28 4 
17 49 59 
84 87 85 
51 14 63 
32 24 26 
64 76 44 
43 63 82 
23 41 57 
97 49 14 
47 33 38 
40 77 42 
71 1 89 
40 99 97 
56 30 38 
68 44 84 
41 58 4 
64 1 21 
75 30 93 
14 3 57 
28 27 57 
47 1 32 
88 2 49 
45 28 4 
74 45 59 
40 67 86 
65 34 26 
16 71 91 
8 25 100 
91 6 15 
94 53 32 
86 56 65 
17 86 36 
64 20 12 
89 25 58 
11 30 5 
73 82 61 
62 36 4 
60 59 51 
66 6 96 
42 51 57 
39 51 34 
79 12 36 
87 28 71 
43 62 78 
2 75 91 
40 12 51 
2 77 50 
74 66 41 
37 70 21 
75 93 92 
51 47 48 
87 62 78 
59 33 94 
4 33 35 
48 18 68 
14 93 58 
45 33 30 
9 16 62 
16 89 22 
36 55 23 
88 34 45 
47 36 65 
59 36 53 
36 69 11 
50 100 14 
64 15 78 
98 99 16 
17 43 83 
99 21 24 
40 51 94 
92 29 17 
73 38 62 
87 91 36 
43 6 27 
43 11 33 
97 45 5 
24 40 47 
72 42 17 
100 8 24 
83 6 80 
42 44 78 
24 2 54 
33 94 70 
36 77 4 
85 68 78 
60 14 99 
41 25 35 
19 95 92 
90 1 7 
88 17 85 
26 38 45 
18 70 1 
97 23 79 
85 46 8 
97 49 12 
89 23 97 
27 24 60 
97 38 28 
97 10 81 
36 69 76 
93 50 82 
16 10 42 
28 19 48 
89 53 42 
24 23 29 
74 2 89 
42 44 1 
8 24 92 
61 85 62 
72 19 49 
23 29 73 
84 53 16 
20 9 50 
80 3 82 
13 9 14 
95 45 13 
79 17 68 
21 50 97 
58 10 81 
92 3 15 
56 86 93 
76 25 100 
68 60 89 
36 85 29 
22 88 69 
93 43 24 
20 4 29 
86 30 60 
10 85 16 
28 40 83 
4 56 78 
83 46 70 
44 15 13 
95 21 47 
8 61 42 
64 76 25 
9 30 13 
55 70 73 
53 40 77 
88 95 49 
52 32 1 
60 54 21 
48 33 80 
35 31 54 
2 72 68 
46 53 75 
30 51 19 
91 8 97 
68 89 32 
36 60 82 
30 88 28 
16 77 44 
43 66 24 
7 97 15 
65 13 96 
50 87 22 
22 77 78 
63 11 24 
13 88 93 
75 53 85 
35 53 95 
76 69 52 
48 43 35 
32 31 28 
49 3 90 
15 54 1 
64 2 39 
91 34 68 
87 3 75 
41 8 6 
75 43 12 
39 26 60 
100 13 28 
40 95 91 
41 22 1 
40 79 54 
37 96 87 
47 86 84 
91 97 85 
19 7 40 
87 6 39 
88 12 37 
27 12 28 
10 20 73 
72 24 47 
22 54 32 
20 36 34 
19 33 57 
48 46 63 
44 74 25 
58 50 9 
54 11 65 
94 86 64 
45 74 73 
43 30 14 
8 63 47 
62 4 1 
23 11 48 
44 53 58 
4 53 85 
81 71 17 
4 54 74 
81 57 87 
92 74 5 
84 74 32 
20 16 82 
69 72 39 
24 3 25 
6 14 3 
27 17 42 
56 38 17 
44 7 22 
89 84 37 
35 85 67 
3 14 65 
27 60 47 
96 78 58 
22 100 83 
18 25 77 
34 33 3 
51 40 90 
64 4 33 
77 73 71 
42 66 19 
15 85 12 
83 12 42 
69 48 60 
4 48 85 
99 76 12 
79 80 22 
56 64 89 
72 93 60 
3 60 70 
87 32 41 
84 71 15 
43 2 30 
20 85 64 
47 53 50 
13 25 79 
5 23 14 
96 18 51 
35 94 2 
24 73 61 
2 57 20 
84 74 86 
85 67 80 
27 49 76 
95 86 22 
57 64 54 
38 45 50 
31 21 33 
55 65 24 
30 44 27 
69 57 63 
76 18 12 
35 99 2 
78 45 27 
57 45 100 
51 83 68 
77 17 24 
2 17 79 
67 84 1 
66 14 3 
45 92 81 
69 93 20 
36 6 10 
32 8 82 
66 84 15 
52 71 81 
74 78 8 
2 10 19 
35 67 12 
74 33 93 
99 3 17 
11 37 62 
53 79 60 
15 64 60 
49 65 53 
73 56 94 
5 37 15 
8 27 32 
33 69 40 
47 30 13 
30 12 89 
31 74 95 
95 44 85 
21 15 1 
10 33 30 
36 10 8 
72 45 14 
39 8 78 
53 20 45 
56 45 28 
19 17 93 
56 44 14 
73 52 64 
21 83 60 
66 14 63 
93 86 47 
37 29 55 
9 36 64 
8 100 57 
60 28 53 
75 37 41 
81 26 2 
52 6 25 
69 49 93 
41 48 9 
51 9 97 
77 12 60 
73 72 64 
42 49 75 
92 75 37 
15 57 86 
14 69 33 
88 77 8 
68 62 17 
53 48 49 
89 81 64 
89 61 43 
97 78 10 
81 32 73 
9 93 56 
98 2 19 
20 95 17 
33 50 1 
18 15 83 
47 90 31 
83 75 81 
76 14 36 
72 69 99 
63 8 23 
52 97 34 
89 29 46 
61 75 51 
76 74 56 
18 83 63 
26 52 59 
38 89 20 
59 55 93 
16 96 64 
67 46 84 
79 12 1 
31 35 47 
32 33 19 
37 84 6 
74 30 55 
27 25 4 
53 24 39 
98 24 2 
66 99 70 
49 79 37 
73 72 45 
54 47 51 
70 30 47 
20 90 42 
81 17 21 
36 99 1 
50 36 2 
49 4 68 
33 28 85 
74 60 12 
71 46 13 
6 46 43 
86 29 57 
27 79 56 
32 25 18 
8 89 16 
88 52 23 
81 23 79 
38 67 43 
7 57 68 
26 47 50 
59 46 2 
1 87 59 
38 75 65 
80 63 25 
76 77 17 
39 49 30 
48 91 58 
35 6 27 
40 53 74 
36 48 29 
27 7 23 
62 27 97 
75 32 100 
61 98 29 
29 65 73 
88 53 22 
41 63 58 
83 31 17 
53 98 46 
78 25 49 
57 23 67 
88 54 82 
69 93 70 
73 69 3 
48 1 67 
57 41 6 
83 15 28 
37 68 98 
35 76 95 
81 32 44 
16 22 15 
52 93 26 
34 38 43 
64 25 26 
74 90 62 
45 67 12 
27 97 70 
54 66 43 
57 76 94 
37 85 2 
51 13 22 
72 29 85 
59 5 56 
34 76 63 
68 97 49 
4 43 50 
64 85 10 
41 3 12 
38 28 70 
93 83 39 
91 97 62 
62 83 99 
11 75 36 
78 47 57 
62 51 88 
63 37 71 
5 46 26 
4 46 93 
29 81 51 
27 14 46 
49 64 86 
47 7 13 
21 13 34 
91 94 100 
16 70 7 
41 2 18 
75 44 17 
37 91 38 
38 85 11 
31 17 85 
56 58 78 
33 22 59 
15 34 1 
42 93 91 
80 62 53 
90 27 56 
22 46 5 
86 98 60 
80 58 65 
64 71 73 
2 14 18 
51 65 13 
94 1 41 
9 97 52 
52 77 15 
72 28 90 
73 78 69 
70 72 92 
8 37 96 
67 40 59 
82 54 52 
99 19 79 
58 65 36 
21 51 33 
73 17 30 
38 53 50 
48 21 66 
66 5 99 
73 52 82 
77 43 62 
66 76 35 
88 84 12 
100 85 9 
83 42 23 
43 19 73 
81 67 82 
20 88 61 
20 1 30 
75 85 37 
48 4 45 
44 82 10 
54 97 25 
68 28 58 
11 44 48 
61 15 32 
11 99 62 
10 84 15 
29 21 78 
98 21 79 
88 42 92 
39 20 85 
28 22 14 
71 99 14 
95 8 75 
79 68 78 
42 49 76 
13 29 14 
100 71 23 
67 64 43 
36 55 59 
22 93 59 
1 69 33 
57 19 36 
83 10 47 
20 69 37 
99 23 15 
2 68 35 
17 33 92 
31 65 69 
69 60 40 
75 63 85 
29 94 15 
51 73 21 
90 20 85 
36 51 5 
85 46 14 
92 94 37 
13 23 83 
57 88 5 
69 80 24 
89 58 12 
59 58 31 
98 28 69 
58 62 64 
96 48 33 
14 11 100 
25 24 29 
27 49 93 
41 29 60 
85 87 73 
45 55 68 
5 23 63 
71 5 88 
88 34 52 
93 3 94 
16 72 1 
65 81 83 
95 38 6 
63 82 81 
76 62 100 
93 95 91 
50 89 68 
36 46 23 
81 71 41 
33 59 67 
60 63 40 
78 50 11 
89 79 86 
22 4 11 
52 92 26 
72 36 96 
67 64 11 
52 41 55 
97 44 17 
18 67 40 
21 49 75 
27 11 29 
81 78 12 
73 78 46 
65 16 35 
10 6 72 
97 36 42 
43 3 35 
42 97 50 
73 3 68 
4 2 14 
93 31 5 
20 52 70 
49 14 67 
74 8 68 
35 13 19 
62 28 22 
99 44 75 
39 86 9 
85 87 48 
48 52 11 
40 9 84 
62 96 92 
91 26 66 
2 20 39 
26 85 39 
3 34 10 
10 92 86 
29 55 44 
11 5 57 
48 80 44 
25 77 81 
89 2 52 
88 92 55 
12 65 90 
88 85 58 
89 46 80 
78 57 25 
85 10 57 
33 85 70 
50 43 37 
7 9 6 
32 75 7 
29 97 94 
75 7 48 
92 20 29 
91 68 17 
37 52 85 
38 49 24 
55 48 91 
28 70 1 
59 55 62 
36 85 89 
72 15 89 
70 52 23 
27 79 62 
18 57 85 
48 47 27 
51 26 64 
29 42 98 
99 9 18 
2 11 20 
24 74 77 
67 33 75 
88 84 37 
59 64 12 
31 20 9 
37 56 48 
43 40 64 
41 43 76 
13 48 17 
24 60 80 
31 13 33 
23 85 4 
42 44 71 
3 8 39 
3 70 66 
19 72 100 
43 40 32 
26 41 81 
56 96 97 
76 38 36 
65 82 99 
90 97 40 
49 92 61 
36 76 84 
26 21 2 
3 58 32 
64 21 12 
78 82 57 
47 17 6 
78 13 56 
90 61 95 
92 78 33 
79 77 86 
61 32 30 
62 98 51 
89 51 2 
34 20 68 
98 71 56 
95 43 49 
23 86 99 
15 71 22 
56 45 26 
71 36 88 
21 51 41 
53 64 43 
10 65 100 
17 62 73 
94 38 1 
100 67 18 
10 88 27 
89 44 48 
51 66 18 
17 72 6 
94 35 37 
22 89 77 
60 58 79 
8 67 77 
43 44 14 
13 72 55 
30 27 40 
86 5 23 
22 10 89 
94 20 45 
40 44 34 
97 62 75 
7 90 74 
90 1 10 
49 39 52 
14 45 1 
68 34 80 
20 89 26 
16 77 48 
58 18 81 
55 57 99 
73 3 31 
98 1 34 
69 27 94 
21 24 26 
66 17 31 
33 89 29 
1 30 62 
6 69 41 
4 12 90 
38 56 55 
33 15 54 
79 81 96 
41 25 68 
42 5 4 
76 70 82 
51 49 47 
30 12 37 
91 76 94 
23 49 75 
45 49 33 
28 60 9 
91 97 89 
33 54 6 
47 68 6 
96 4 76 
3 95 67 
62 95 51 
28 88 94 
29 99 63 
25 55 22 
66 61 35 
79 15 24 
78 67 100 
23 67 79 
95 27 42 
94 95 34 
37 92 98 
95 40 80 
93 24 5 
30 56 71 
9 44 71 
26 96 23 
49 51 89 
54 42 7 
65 39 64 
53 2 67 
50 86 4 
15 45 50 
79 16 18 
65 11 14 
35 68 48 
40 65 98 
2 38 96 
81 62 98 
30 95 21 
16 34 7 
66 55 75 
6 43 1 
91 94 20 
28 39 95 
17 25 60 
79 82 95 
86 14 65 
19 23 76 
36 87 62 
50 92 9 
63 18 8 
67 59 93 
6 48 28 
82 100 96 
63 96 68 
73 1 25 
14 78 71 
98 31 4 
57 73 79 
62 36 2 
44 79 3 
77 60 13 
31 36 64 
49 10 37 
82 1 2 
25 93 71 
48 44 67 
83 87 15 
39 24 51 
13 94 74 
7 29 100 
64 96 30 
99 24 23 
42 75 68 
38 63 66 
95 39 85 
37 68 38 
95 77 49 
59 94 92 
23 100 55 
58 57 27 
26 25 80 
2 34 57 
62 8 3 
39 19 58 
60 95 35 
33 13 74 
77 34 10 
14 78 66 
47 33 62 
35 86 99 
41 13 24 
21 48 33 
5 33 16 
27 75 5 
86 55 15 
9 48 39 
38 9 58 
36 78 74 
27 32 98 
36 98 85 
81 40 48 
48 81 60 
48 69 100 
34 90 50 
32 19 37 
48 16 62 
47 25 82 
29 48 11 
44 2 10 
12 35 81 
33 44 42 
94 28 52 
47 24 2 
61 46 76 
9 42 45 
52 66 29 
77 91 85 
49 84 19 
16 64 46 
44 9 90 
85 80 71 
55 16 57 
93 94 61 
15 29 77 
89 81 9 
54 27 42 
64 58 85 
6 53 96 
31 4 29 
89 48 34 
94 44 30 
23 88 72 
9 76 57 
93 83 56 
25 58 38 
6 9 46 
42 17 60 
43 80 41 
77 9 34 
68 13 11 
74 64 39 
1 51 47 
1 4 32 
61 96 70 
46 69 48 
92 1 15 
34 3 32 
27 35 62 
34 75 4 
53 3 37 
23 30 9 
25 42 13 
14 29 66 
42 12 49 
94 81 68 
41 85 64 
2 90 74 
11 62 39 
19 16 33 
85 96 74 
44 67 29 
14 7 83 
12 54 71 
79 1 72 
34 32 12 
67 61 27 
77 31 30 
65 9 72 
8 25 27 
9 36 34 
65 38 26 
88 68 75 
77 21 2 
98 97 40 
50 89 67 
15 8 17 
92 42 38 
92 26 42 
51 56 70 
48 52 39 
11 47 72 
3 70 98 
73 97 90 
9 61 69 
16 18 27 
66 58 83 
72 24 93 
100 27 7 
23 75 28 
90 76 96 
72 81 89 
18 48 38 
38 51 26 
83 7 50 
41 4 40 
6 89 91 
10 32 56 
99 17 75 
69 70 60 
27 16 48 
50 39 91 
23 60 68 
53 38 34 
94 17 51 
40 55 52 
22 89 45 
32 29 94 
38 68 31 
45 90 82 
61 4 26 
80 100 17 
46 90 47 
87 10 37 
88 83 70 
15 31 47 
10 19 64 
94 57 11 
98 45 12 
69 83 5 
89 30 52 
5 27 67 
68 39 69 
19 80 71 
33 96 67 
2 22 77 
19 99 71 
23 95 36 
45 42 6 
84 87 34 
14 17 16 
17 46 83 
83 29 47 
34 100 48 
83 82 71 
84 48 92 
61 92 52 
91 31 62 
39 1 100 
3 29 96 
73 12 23 
90 14 18 
48 61 37 
66 76 78 
68 3 19 
35 48 8 
85 47 9 
29 74 5 
5 14 98 
38 12 82 
18 71 32 
29 100 59 
72 94 49 
97 68 79 
92 18 11 
2 66 98 
10 31 49 
60 39 92 
71 11 45 
56 63 19 
40 91 82 
36 17 68 
87 72 55 
99 7 3 
88 75 21 
84 73 67 
90 68 57 
84 74 33 
50 44 27 
42 55 88 
100 30 11 
7 26 6 
21 65 91 
88 3 40 
25 20 96 
4 85 18 
80 61 15 
11 67 52 
38 90 100 
70 26 49 
29 60 66 
75 89 71 
100 57 91 
38 70 90 
45 68 34 
75 39 35 
36 22 24 
50 4 80 
93 41 22 
57 92 39 
41 22 84 
8 34 93 
62 98 47 
35 94 23 
36 78 34 
37 42 13 
73 39 65 
5 84 88 
18 75 1 
29 23 30 
74 13 60 
57 45 6 
75 94 34 
50 46 76 
13 46 27 
88 79 66 
35 11 59 
66 26 85 
52 57 56 
79 2 82 
90 62 12 
67 5 23 
12 89 10 
6 61 36 
53 33 21 
100 44 69 
50 21 61 
30 17 88 
32 42 94 
95 5 83 
70 93 44 
93 36 22 
37 77 98 
51 20 6 
28 1 29 
21 91 54 
16 87 63 
74 75 73 
8 4 45 
71 76 97 
93 87 83 
34 45 54 
90 53 85 
43 80 76 
26 34 2 
73 49 89 
2 8 67 
45 40 55 
68 86 72 
98 41 40 
99 1 18 
67 19 61 
10 40 73 
23 99 72 
69 71 33 
48 4 100 
68 58 40 
56 5 44 
41 17 12 
76 91 7 
92 12 33 
60 100 83 
43 10 61 
27 67 79 
38 54 58 
90 84 41 
58 46 5 
9 44 95 
7 24 49 
37 50 51 
50 42 47 
57 11 39 
3 12 7 
67 95 19 
29 7 36 
26 91 42 
67 63 50 
66 17 22 
62 93 19 
52 79 53 
5 68 90 
35 13 85 
69 14 95 
37 7 74 
89 84 6 
8 30 34 
4 74 69 
99 86 12 
92 25 73 
69 60 58 
97 78 38 
24 85 7 
39 70 34 
99 44 86 
86 66 30 
24 88 6 
49 17 2 
2 34 79 
67 61 53 
40 72 54 
62 17 9 
20 43 96 
21 51 58 
1 25 28 
3 10 52 
18 30 11 
93 51 50 
65 40 16 
64 2 17 
89 18 60 
38 2 29 
9 78 32 
61 14 59 
83 2 34 
70 59 12 
64 11 87 
72 99 64 
90 86 42 
81 72 78 
75 7 39 
11 72 2 
8 60 45 
1 12 63 
3 13 68 
49 56 44 
53 73 56 
28 41 79 
45 61 27 
43 98 57 
65 14 95 
48 49 99 
100 15 64 
50 68 17 
76 85 19 
56 24 6 
65 62 75 
45 60 100 
90 4 21 
88 47 55 
93 79 18 
60 7 73 
74 82 6 
95 83 16 
16 1 57 
28 26 88 
79 4 86 
54 19 46 
88 86 52 
22 78 72 
74 33 78 
93 85 87 
64 71 48 
4 93 15 
47 39 3 
24 40 76 
64 3 92 
94 81 49 
84 72 18 
66 64 4 
33 15 36 
65 62 96 
2 31 53 
3 56 82 
35 74 76 
10 16 52 
48 54 74 
51 98 35 
43 51 31 
73 3 42 
40 27 37 
4 5 62 
79 41 2 
12 2 97 
37 77 44 
78 54 18 
83 62 78 
82 56 62 
36 80 95 
16 53 94 
16 69 91 
21 86 79 
66 23 99 
77 66 39 
27 12 2 
28 36 81 
63 72 81 
37 46 16 
65 30 21 
42 13 60 
35 36 43 
34 22 71 
20 71 67 
53 36 66 
86 70 17 
41 67 18 
93 45 8 
80 90 18 
41 48 19 
31 67 48 
56 32 4 
48 73 31 
82 60 56 
14 90 35 
60 96 5 
5 25 41 
70 85 1 
42 24 52 
18 35 73 
1 43 96 
2 69 22 
20 24 19 
64 53 84 
54 80 83 
50 82 48 
24 89 19 
95 13 51 
51 73 39 
61 57 27 
29 78 97 
84 97 57 
93 81 44 
22 34 18 
66 37 89 
37 54 17 
35 80 70 
76 35 39 
91 5 6 
91 89 72 
93 81 80 
17 97 63 
77 80 56 
42 8 90 
46 11 49 
1 99 88 
92 31 39 
6 28 98 
61 32 94 
19 72 13 
48 78 71 
33 59 8 
84 98 35 
80 66 43 
41 15 22 
33 59 9 
15 68 34 
38 53 84 
52 40 66 
76 9 41 
31 33 16 
30 36 88 
69 96 53 
46 36 64 
52 28 11 
97 17 77 
25 9 54 
11 16 35 
25 45 96 
56 71 64 
25 82 99 
18 83 59 
83 2 27 
11 15 64 
80 51 90 
65 52 64 
9 29 34 
22 60 27 
63 83 93 
37 67 68 
12 36 73 
38 37 89 
87 12 1 
43 67 73 
72 94 33 
2 33 22 
23 14 85 
75 31 82 
48 18 64 
81 19 14 
62 6 97 
62 70 66 
88 49 82 
1 82 23 
52 41 61 
69 84 82 
25 42 50 
93 25 20 
11 44 58 
46 37 65 
35 38 45 
26 12 6 
94 74 82 
38 100 80 
85 3 46 
100 58 93 
100 92 53 
21 6 45 
23 48 7 
2 56 52 
69 85 66 
68 61 65 
32 97 91 
88 97 8 
63 41 15 
68 4 80 
1 30 64 
69 33 66 
88 75 13 
47 18 23 
80 6 15 
98 43 21 
14 94 10 
97 1 23 
57 46 40 
14 40 66 
49 29 8 
44 79 99 
58 78 63 
70 7 99 
7 19 49 
15 26 66 
90 45 60 
40 88 67 
98 1 10 
66 38 70 
82 70 22 
6 46 53 
36 25 10 
14 77 49 
66 21 62 
30 49 45 
19 15 75 
61 1 5 
65 6 9 
8 22 35 
70 71 21 
27 26 60 
95 28 75 
47 43 67 
98 20 43 
94 79 44 
56 42 98 
48 5 92 
85 92 47 
26 40 16 
71 80 65 
38 98 88 
16 89 93 
12 80 49 
52 38 12 
56 45 72 
87 37 43 
52 6 9 
63 45 98 
99 23 84 
79 34 20 
54 30 40 
45 38 29 
53 94 66 
12 58 85 
13 34 93 
20 29 81 
6 86 42 
88 36 48 
33 65 68 
45 31 65 
83 80 66 
73 99 14 
90 68 14 
30 29 59 
38 25 17 
92 55 67 
100 90 14 
70 99 53 
5 76 10 
15 58 39 
43 21 89 
52 17 3 
96 75 64 
51 49 10 
85 98 3 
15 54 71 
72 9 41 
61 20 79 
6 68 82 
72 2 38 
76 71 10 
87 38 21 
73 26 21 
35 11 60 
79 90 66 
92 83 95 
99 80 4 
28 22 40 
20 66 43 
20 85 38 
81 77 1 
11 33 56 
85 97 13 
86 65 47 
95 51 18 
81 39 14 
10 85 8 
2 63 90 
2 6 21 
77 93 52 
35 87 49 
66 95 64 
14 48 6 
83 37 27 
30 88 8 
7 74 71 
24 63 53 
49 67 13 
22 40 13 
18 59 6 
55 67 25 
84 96 92 
96 79 36 
58 92 12 
33 90 2 
65 88 72 
27 33 6 
42 48 2 
74 20 54 
67 37 62 
33 63 86 
37 46 53 
76 84 95 
93 80 63 
65 83 63 
22 3 6 
67 54 65 
49 69 68 
43 69 34 
22 11 33 
47 69 44 
46 9 84 
62 98 29 
40 53 60 
31 51 12 
1 38 57 
10 15 35 
32 89 66 
62 21 14 
22 2 6 
43 26 99 
34 18 58 
91 2 13 
58 37 91 
74 10 65 
66 14 21 
62 61 75 
63 31 3 
79 14 12 
41 13 69 
76 29 19 
65 29 97 
33 83 58 
12 43 71 
46 38 98 
7 42 50 
54 15 86 
25 82 27 
32 47 48 
94 75 87 
79 7 38 
89 61 50 
31 29 9 
98 27 73 
10 13 26 
58 87 38 
61 57 54 
19 37 87 
32 8 75 
94 58 53 
88 50 46 
25 81 60 
82 87 37 
33 46 76 
50 24 100 
74 78 6 
64 6 25 
93 78 38 
34 39 5 
76 28 77 
11 13 26 
66 99 58 
76 6 70 
45 12 84 
67 3 19 
13 23 26 
58 9 91 
10 9 40 
86 23 66 
28 22 90 
63 18 94 
45 33 41 
64 28 84 
32 15 21 
84 69 39 
81 13 71 
27 70 28 
94 86 99 
8 28 34 
25 37 1 
33 62 57 
6 70 20 
24 42 79 
14 95 25 
95 72 99 
35 82 88 
18 41 54 
59 36 87 
38 16 3 
1 78 74 
52 59 60 
22 95 9 
32 14 31 
34 74 16 
36 53 71 
90 95 54 
94 76 96 
40 19 46 
89 8 60 
11 69 98 
97 100 19 
32 22 24 
48 87 23 
27 68 43 
49 45 98 
59 58 6 
24 61 62 
22 6 40 
91 64 31 
41 27 100 
19 49 95 
67 1 85 
91 55 66 
27 4 78 
12 48 8 
55 37 87 
56 79 53 
46 34 87 
50 21 86 
74 16 90 
58 99 37 
19 41 87 
56 21 11 
87 98 63 
4 90 25 
51 1 62 
96 62 74 
48 92 20 
48 7 69 
83 77 87 
40 41 57 
74 42 67 
87 71 77 
82 59 55 
37 11 89 
61 21 6 
42 23 100 
61 63 15 
56 75 61 
45 49 95 
100 62 9 
17 50 30 
48 78 73 
64 76 96 
64 29 18 
29 65 45 
76 27 22 
17 27 97 
4 36 29 
66 12 93 
35 42 25 
23 36 65 
38 1 89 
93 51 97 
75 47 30 
70 51 23 
12 14 39 
91 7 32 
48 55 99 
6 30 87 
58 55 28 
11 31 87 
91 1 4 
5 83 55 
88 61 75 
38 81 85 
37 100 80 
18 3 15 
5 76 64 
41 69 22 
89 79 26 
6 63 89 
14 5 97 
9 79 92 
19 96 61 
21 8 80 
36 44 9 
78 53 51 
93 99 88 
87 18 72 
88 2 51 
39 7 5 
15 3 34 
36 48 85 
59 85 100 
59 95 67 
97 93 99 
11 86 81 
67 97 70 
40 89 33 
96 45 49 
77 14 33 
77 17 89 
78 47 53 
59 4 77 
49 26 4 
48 5 79 
84 42 76 
66 40 2 
34 67 55 
100 21 8 
18 78 15 
69 39 65 
53 8 31 
84 71 78 
20 94 9 
68 78 41 
32 59 27 
34 11 99 
86 92 19 
1 7 20 
96 45 82 
34 66 59 
52 65 10 
12 10 56 
32 40 75 
15 13 30 
64 37 83 
24 44 25 
87 27 41 
79 100 75 
15 90 50 
94 34 40 
21 27 31 
18 96 5 
10 38 83 
69 49 26 
27 3 6 
98 29 18 
24 42 8 
18 92 82 
18 78 27 
7 17 66 
13 9 50 
47 55 5 
43 13 46 
97 46 31 
85 96 53 
90 15 7 
13 52 58 
35 46 59 
89 57 98 
47 37 29 
90 47 70 
66 62 50 
85 49 15 
83 46 47 
87 53 97 
100 85 87 
79 97 94 
10 7 96 
1 4 51 
58 2 44 
59 95 88 
18 25 22 
88 58 78 
10 88 20 
50 49 41 
33 66 51 
53 35 34 
34 16 59 
63 19 8 
4 21 97 
81 17 43 
23 59 26 
78 100 99 
17 80 71 
50 27 47 
73 81 85 
72 47 53 
72 96 60 
84 100 82 
88 19 77 
34 55 2 
68 16 85 
27 42 12 
35 44 11 
91 55 68 
51 68 7 
54 59 70 
74 13 82 
51 84 90 
67 24 21 
62 84 8 
73 19 23 
9 1 85 
2 6 39 
35 5 90 
12 1 37 
16 59 18 
46 31 91 
99 11 100 
84 41 100 
100 16 72 
69 74 43 
57 100 44 
83 29 2 
95 52 49 
43 99 17 
52 55 3 
70 14 75 
48 70 87 
2 9 55 
27 13 55 
52 3 9 
88 98 37 
99 48 100 
44 50 80 
16 86 48 
94 85 86 
3 48 31 
32 51 18 
53 2 81 
14 33 24 
23 9 46 
20 58 31 
68 5 61 
23 90 1 
85 65 78 
62 11 7 
11 15 74 
43 99 95 
35 60 4 
34 94 62 
25 42 94 
80 60 51 
90 31 67 
57 30 88 
93 15 27 
29 24 51 
68 31 84 
83 37 50 
71 41 14 
66 94 8 
13 72 59 
85 46 30 
88 80 40 
51 42 87 
85 78 8 
51 98 54 
77 59 48 
13 75 62 
5 4 88 
82 62 48 
70 75 39 
43 6 74 
51 8 12 
98 68 36 
36 91 79 
21 19 16 
44 41 91 
98 64 69 
81 70 5 
23 92 55 
31 37 14 
76 89 33 
79 91 24 
65 38 23 
54 34 66 
27 25 54 
9 19 51 
96 28 83 
10 91 57 
83 21 76 
18 57 1 
5 97 6 
40 64 86 
44 63 73 
84 33 50 
10 14 63 
57 12 97 
50 99 60 
41 96 89 
15 99 94 
74 66 20 
9 34 3 
94 40 15 
68 55 49 
63 87 47 
16 2 84 
34 22 80 
43 78 7 
30 85 13 
59 47 95 
95 4 86 
18 58 69 
59 56 52 
82 87 63 
44 46 31 
66 78 4 
67 35 62 
26 50 24 
44 25 91 
49 56 8 
84 70 67 
30 45 95 
38 30 21 
79 69 34 
21 78 12 
72 38 99 
58 30 97 
87 30 96 
12 57 21 
49 33 27 
35 62 53 
7 4 85 
1 84 25 
98 72 96 
50 77 97 
54 55 10 
80 14 52 
91 25 69 
17 96 1 
87 46 18 
38 93 67 
92 71 18 
2 57 24 
83 1 70 
15 75 98 
76 36 80 
46 39 82 
33 85 12 
30 85 96 
45 31 24 
90 37 88 
17 41 50 
52 26 20 
80 87 72 
65 94 45 
83 69 84 
18 82 7 
79 31 36 
100 3 70 
14 77 94 
99 20 17 
86 59 24 
11 1 12 
28 72 17 
98 5 79 
77 56 68 
29 62 49 
29 13 48 
6 78 22 
39 38 99 
95 48 96 
15 48 24 
3 52 59 
92 24 67 
9 58 13 
44 50 54 
79 1 37 
36 91 34 
83 2 40 
81 76 45 
88 96 70 
16 81 5 
83 4 48 
66 99 62 
54 41 44 
100 65 35 
65 18 1 
46 66 68 
28 61 47 
74 92 83 
98 35 70 
33 59 74 
15 68 91 
51 42 68 
72 93 75 
20 7 6 
98 64 73 
43 39 24 
57 34 40 
79 23 28 
50 25 63 
18 43 98 
35 77 39 
36 23 90 
80 21 82 
84 56 100 
80 59 53 
17 51 26 
44 3 63 
57 51 17 
55 21 64 
53 26 47 
78 62 39 
11 63 68 
43 100 37 
18 27 31 
96 24 78 
42 14 5 
96 84 37 
14 88 1 
53 77 20 
42 80 41 
52 45 68 
98 17 68 
89 20 63 
5 20 26 
7 30 65 
93 12 43 
2 60 31 
45 82 79 
79 16 19 
42 49 51 
81 25 71 
100 61 91 
42 34 80 
27 94 20 
21 92 85 
47 6 13 
38 6 54 
43 38 78 
58 55 4 
41 64 44 
85 23 49 
92 12 99 
64 47 93 
48 63 23 
43 45 54 
80 91 13 
53 61 23 
32 33 12 
96 82 7 
87 27 37 
9 54 90 
32 78 15 
28 44 53 
89 49 93 
19 94 70 
38 28 4 
48 68 77 
49 89 75 
94 20 43 
26 87 50 
73 85 58 
33 27 59 
12 88 16 
40 29 77 
49 65 46 
14 63 61 
93 29 24 
11 5 89 
17 46 87 
67 75 7 
35 74 21 
50 17 52 
2 62 50 
20 41 73 
16 49 70 
19 68 35 
65 42 62 
32 5 60 
1 31 12 
43 73 17 
34 28 69 
72 86 6 
92 94 14 
85 43 1 
18 42 54 
67 99 27 
61 81 53 
81 30 7 
45 89 40 
8 14 5 
27 96 69 
31 22 13 
70 72 68 
37 54 11 
86 38 65 
70 85 29 
43 89 93 
44 37 66 
56 48 61 
20 25 7 
91 22 4 
27 91 39 
21 72 29 
11 84 26 
79 91 11 
6 63 70 
72 9 82 
96 22 75 
46 18 66 
98 92 70 
75 16 51 
27 40 35 
93 41 99 
30 71 37 
70 71 83 
73 34 11 
48 80 49 
77 73 69 
51 21 62 
74 22 15 
91 95 90 
46 72 77 
100 68 52 
6 54 58 
15 6 58 
76 89 72 
86 7 27 
97 75 71 
48 65 91 
33 44 93 
37 100 98 
85 78 41 
24 54 19 
7 88 17 
38 57 58 
67 25 81 
62 95 60 
6 85 38 
99 86 8 
84 4 56 
71 3 48 
90 7 68 
5 34 18 
79 71 48 
18 81 63 
74 33 75 
21 85 16 
62 100 97 
73 5 21 
61 5 75 
61 29 97 
32 43 88 
25 96 58 
100 1 34 
25 56 86 
39 8 86 
34 49 39 
28 77 95 
11 93 91 
92 8 97 
77 66 63 
54 49 52 
20 78 87 
45 69 20 
82 63 58 
41 10 48 
100 92 15 
16 12 33 
57 94 90 
29 48 16 
65 83 62 
97 27 99 
79 40 77 
13 26 49 
33 37 21 
99 79 64 
56 45 40 
61 96 29 
93 22 16 
34 46 54 
11 37 19 
26 28 91 
23 7 70 
66 61 78 
4 7 86 
57 25 72 
8 89 13 
44 73 10 
15 18 81 
75 29 89 
92 11 77 
28 25 80 
95 81 7 
1 52 71 
74 6 19 
45 25 14 
32 50 84 
6 61 66 
22 19 90 
8 48 15 
32 78 84 
73 82 70 
73 64 12 
33 65 52 
81 45 36 
42 59 5 
62 3 17 
48 52 29 
64 78 45 
100 71 60 
37 51 84 
87 97 28 
71 2 41 
1 34 28 
92 93 58 
30 36 47 
91 46 94 
26 86 75 
26 32 63 
8 94 36 
74 10 53 
67 15 89 
79 26 90 
58 26 52 
51 64 52 
59 9 99 
63 30 6 
60 86 81 
80 10 4 
33 36 17 
86 27 58 
33 43 48 
43 51 96 
40 35 36 
45 30 70 
47 56 85 
23 3 46 
95 45 11 
49 53 89 
65 5 24 
76 36 35 
33 59 17 
32 81 59 
37 11 61 
79 68 12 
70 61 28 
45 43 10 
65 87 25 
26 11 19 
27 20 23 
88 38 44 
33 86 15 
58 50 49 
3 100 36 
81 90 54 
4 8 27 
54 49 86 
9 85 70 
20 88 69 
22 69 82 
22 2 75 
38 1 74 
47 8 80 
8 42 26 
32 15 12 
2 85 25 
63 35 16 
16 48 6 
80 57 34 
48 65 26 
88 45 43 
21 13 88 
52 28 64 
31 48 42 
64 63 83 
42 70 22 
91 57 92 
78 3 50 
55 57 86 
15 94 90 
64 27 39 
88 83 28 
25 31 91 
6 66 77 
82 58 100 
99 21 52 
26 15 3 
75 51 56 
58 66 48 
53 6 67 
79 41 68 
40 39 16 
25 71 69 
68 21 18 
87 10 39 
59 13 57 
30 40 81 
28 46 94 
17 26 31 
34 51 78 
71 69 86 
70 30 96 
33 74 69 
87 3 74 
21 99 97 
72 2 49 
26 99 45 
89 15 84 
20 79 49 
57 96 31 
17 96 86 
4 40 17 
49 32 82 
72 82 47 
4 43 85 
93 38 50 
9 57 71 
5 10 47 
63 84 83 
41 7 14 
27 57 29 
24 27 65 
93 2 24 
34 24 29 
65 37 81 
93 48 23 
86 10 24 
85 84 13 
15 24 39 
96 19 55 
43 2 34 
63 49 62 
49 81 84 
31 56 55 
6 26 28 
27 77 53 
66 89 76 
9 95 13 
64 21 97 
49 34 5 
15 18 73 
57 38 50 
66 40 16 
34 5 46 
37 20 90 
53 83 52 
53 65 39 
41 74 47 
82 26 67 
42 65 77 
87 24 42 
88 33 47 
54 76 78 
70 54 72 
47 33 29 
83 76 25 
73 33 74 
7 42 17 
88 33 83 
5 44 78 
35 74 23 
96 30 37 
76 31 23 
26 60 82 
13 6 48 
65 28 38 
48 49 6 
24 37 88 
30 78 29 
19 91 49 
63 33 31 
67 20 12 
71 47 15 
29 68 91 
30 48 38 
89 48 25 
41 25 23 
72 41 21 
82 88 93 
45 58 80 
58 47 9 
64 99 57 
84 79 58 
80 82 72 
34 49 70 
19 95 6 
75 95 91 
49 64 35 
94 54 14 
14 77 99 
33 79 46 
12 96 1 
43 52 78 
15 19 90 
22 79 96 
46 20 64 
16 100 81 
50 27 76 
54 72 69 
76 37 70 
49 36 31 
49 93 53 
3 34 4 
25 28 65 
63 11 12 
99 84 82 
86 30 98 
16 69 26 
2 23 67 
98 63 93 
83 86 48 
30 68 16 
84 76 50 
87 68 12 
79 48 74 
63 18 92 
99 3 9 
24 59 16 
96 76 25 
25 28 91 
18 50 11 
19 34 12 
32 23 86 
49 55 88 
45 6 26 
45 73 13 
45 22 43 
6 44 25 
3 86 81 
84 69 21 
27 28 65 
76 85 52 
6 89 77 
20 68 77 
81 45 1 
21 81 60 
3 44 58 
59 79 15 
26 72 18 
1 38 56 
55 98 2 
59 80 89 
36 8 25 
63 30 27 
16 86 72 
85 94 91 
18 89 7 
1 88 6 
1 71 91 
10 4 47 
5 8 92 
3 24 35 
87 9 8 
14 92 85 
94 47 46 
25 55 68 
4 77 95 
80 52 10 
21 93 2 
43 98 49 
33 39 11 
49 18 4 
44 2 20 
98 85 91 
72 38 49 
22 55 30 
76 16 24 
95 31 81 
79 29 42 
3 47 5 
90 53 26 
18 80 72 
57 47 22 
64 23 93 
81 28 37 
50 62 9 
89 25 98 
6 72 76 
78 35 91 
43 32 77 
12 94 23 
42 7 62 
69 19 11 
56 78 98 
34 24 89 
56 43 81 
59 67 82 
47 19 87 
31 79 87 
24 99 38 
63 8 96 
22 35 93 
73 67 6 
17 62 69 
90 95 88 
19 61 65 
15 56 95 
16 76 67 
11 70 30 
51 49 33 
12 48 14 
93 27 78 
30 39 53 
29 31 66 
8 58 10 
89 81 54 
24 69 45 
59 45 79 
4 15 64 
3 7 77 
16 45 95 
33 51 99 
78 50 40 
57 63 35 
10 58 74 
23 75 88 
20 79 63 
22 40 75 
16 97 7 
36 65 59 
11 9 38 
87 80 46 
59 65 31 
95 49 100 
26 66 55 
75 52 56 
24 58 78 
24 59 15 
49 65 3 
70 97 59 
12 26 3 
60 27 87 
56 10 19 
76 27 3 
96 73 60 
89 24 64 
4 83 94 
30 59 32 
85 37 41 
41 80 45 
51 65 48 
17 34 53 
99 55 4 
1 80 89 
12 15 86 
64 2 28 
87 27 8 
83 82 16 
20 61 65 
67 75 13 
85 87 38 
64 71 53 
99 43 47 
7 92 62 
50 100 4 
82 56 48 
56 63 90 
49 98 24 
22 96 68 
65 12 23 
11 93 4 
85 70 96 
67 61 11 
85 49 8 
87 42 25 
4 42 53 
32 3 8 
32 84 34 
49 85 71 
50 90 72 
17 99 58 
3 13 80 
89 95 32 
49 10 24 
87 32 20 
75 39 48 
66 59 70 
31 54 3 
23 64 69 
65 95 36 
5 45 19 
57 22 98 
3 54 95 
11 88 14 
20 89 75 
58 78 97 
52 31 27 
79 43 17 
96 73 58 
85 31 80 
20 89 36 
26 54 19 
42 17 84 
50 35 64 
12 21 47 
50 16 55 
50 55 23 
21 32 92 
31 36 8 
62 56 85 
85 70 86 
65 24 8 
56 17 76 
13 69 98 
29 80 84 
30 26 33 
8 43 17 
34 78 42 
13 80 97 
54 72 83 
29 73 84 
24 89 8 
57 8 38 
61 33 14 
6 35 38 
89 62 23 
94 53 10 
42 86 100 
69 66 37 
70 78 11 
76 10 86 
100 5 67 
62 81 94 
80 57 10 
85 42 52 
85 43 18 
43 21 40 
32 21 58 
1 17 87 
27 73 48 
72 33 82 
26 27 87 
18 22 16 
88 79 29 
41 64 33 
90 93 58 
49 100 33 
86 88 89 
14 85 19 
49 19 16 
30 39 4 
16 63 69 
13 15 27 
45 31 18 
28 80 76 
42 58 74 
63 37 97 
64 15 12 
1 5 27 
89 22 57 
84 76 71 
99 83 100 
41 2 49 
63 77 85 
84 8 71 
9 94 76 
63 83 11 
31 56 90 
11 51 60 
14 92 65 
16 32 43 
16 88 11 
56 17 15 
71 31 90 
56 96 61 
2 17 66 
41 89 71 
74 86 93 
19 9 96 
15 12 16 
81 79 51 
54 32 86 
32 93 74 
30 80 9 
92 45 66 
79 25 6 
69 55 51 
97 79 63 
20 18 2 
64 19 78 
84 74 53 
82 67 63 
38 9 62 
96 24 53 
5 44 26 
68 40 60 
36 32 68 
44 64 66 
64 98 80 
44 4 8 
48 91 16 
74 71 78 
96 26 31 
55 92 58 
84 51 87 
2 3 28 
62 76 56 
88 54 11 
14 37 5 
5 39 66 
28 72 4 
17 33 47 
32 80 19 
37 6 80 
9 73 76 
58 14 53 
3 46 42 
53 88 71 
69 54 3 
88 50 85 
60 14 84 
97 44 2 
69 44 80 
13 81 3 
20 97 93 
8 72 66 
5 87 62 
51 76 24 
77 1 35 
37 66 43 
7 50 8 
20 69 44 
71 93 48 
85 83 55 
91 93 74 
25 86 44 
66 71 77 
21 40 16 
79 36 39 
71 40 95 
60 38 87 
44 63 33 
11 88 69 
74 66 43 
34 28 7 
19 42 26 
30 86 90 
92 97 59 
25 99 43 
50 74 73 
53 24 86 
22 75 35 
97 10 24 
71 29 94 
58 4 46 
92 42 15 
15 51 54 
36 92 53 
42 98 80 
29 27 80 
33 6 46 
59 45 36 
43 11 64 
91 22 71 
2 97 15 
28 63 47 
87 75 61 
46 86 17 
78 58 9 
63 46 99 
47 42 67 
27 97 89 
81 2 91 
78 40 52 
10 18 68 
2 82 72 
70 42 57 
58 81 17 
60 88 52 
93 47 51 
49 29 34 
11 71 12 
62 25 75 
39 20 16 
86 63 45 
88 86 17 
52 93 57 
75 45 39 
57 95 94 
34 45 81 
83 28 86 
98 97 83 
88 83 9 
24 32 53 
84 78 7 
12 95 15 
93 74 79 
21 60 38 
58 10 53 
59 41 72 
71 7 49 
77 33 70 
28 7 50 
76 93 25 
21 88 16 
32 21 71 
11 31 2 
91 70 20 
29 86 14 
58 95 61 
35 74 5 
45 77 25 
45 65 14 
87 41 95 
7 38 81 
43 2 69 
23 94 93 
72 48 53 
81 91 66 
77 11 75 
7 51 93 
95 79 16 
32 27 71 
20 90 84 
84 58 20 
71 74 44 
64 35 31 
58 50 57 
79 82 37 
56 27 77 
96 37 4 
15 97 87 
83 76 11 
8 26 68 
94 43 18 
58 78 95 
6 97 52 
29 79 93 
70 54 94 
29 90 84 
65 93 28 
3 78 27 
86 23 91 
79 71 44 
4 15 6 
49 58 80 
63 95 49 
70 79 85 
81 79 42 
70 55 9 
66 62 52 
83 90 46 
71 61 82 
32 33 43 
29 68 92 
36 52 48 
43 16 60 
70 1 57 
11 26 31 
40 42 58 
53 35 100 
3 66 91 
52 17 2 
67 85 32 
35 17 32 
99 4 12 
57 53 8 
21 39 38 
13 65 80 
15 24 97 
31 87 57 
12 73 83 
54 80 84 
85 28 54 
32 40 20 
27 13 29 
77 44 72 
61 63 22 
95 49 2 
24 75 88 
44 28 59 
28 46 24 
4 54 16 
84 32 76 
98 14 77 
60 27 72 
4 14 13 
65 17 35 
25 21 55 
27 10 95 
54 52 51 
13 60 41 
31 82 81 
51 79 48 
42 47 58 
79 82 56 
40 64 52 
67 22 33 
64 21 92 
59 45 96 
64 40 76 
19 82 6 
94 84 22 
76 85 54 
87 77 2 
20 50 25 
97 80 22 
10 35 52 
3 25 10 
74 29 95 
38 79 64 
58 76 66 
54 49 73 
54 3 51 
100 33 18 
97 45 72 
34 28 6 
11 20 21 
22 6 59 
83 11 47 
64 96 68 
42 77 39 
81 70 40 
49 16 12 
28 44 43 
94 38 42 
80 57 28 
70 71 20 
95 51 100 
10 72 19 
28 9 24 
80 54 11 
14 70 37 
42 77 12 
39 67 35 
65 15 10 
39 25 59 
84 13 59 
42 86 53 
92 45 68 
55 31 92 
19 100 55 
67 7 60 
61 63 8 
66 35 97 
38 41 54 
84 52 54 
79 76 75 
31 51 38 
7 3 85 
85 60 50 
55 86 80 
83 27 34 
56 49 62 
53 40 44 
7 2 15 
56 74 77 
26 28 41 
44 46 57 
94 25 39 
99 27 2 
93 59 80 
11 95 87 
41 91 36 
74 85 89 
55 51 67 
18 44 93 
83 41 79 
40 19 69 
25 54 17 
7 67 73 
97 74 44 
36 58 17 
39 12 48 
23 68 82 
97 39 20 
47 13 10 
67 27 33 
72 80 26 
82 55 33 
76 20 13 
45 37 14 
21 99 43 
99 59 78 
70 18 53 
42 9 89 
88 92 91 
16 33 29 
90 93 61 
85 84 12 
63 26 35 
65 24 41 
98 88 97 
76 41 44 
64 3 33 
32 84 39 
41 59 39 
59 44 64 
75 86 38 
77 69 43 
78 40 48 
28 48 93 
17 36 79 
24 48 22 
25 100 96 
12 90 36 
36 89 93 
38 2 61 
53 82 89 
65 4 25 
43 24 100 
40 11 70 
38 62 91 
64 97 88 
37 48 16 
86 84 97 
69 16 56 
13 42 93 
27 23 15 
57 40 25 
4 49 46 
85 6 100 
73 65 47 
25 57 70 
56 78 70 
67 49 62 
44 98 49 
17 22 98 
73 13 7 
29 50 19 
25 19 53 
13 64 68 
47 35 4 
56 58 90 
22 42 13 
59 54 17 
26 69 68 
99 79 28 
27 70 73 
24 87 81 
72 71 89 
92 80 9 
4 31 16 
11 88 22 
90 31 92 
39 80 27 
87 6 25 
38 43 48 
4 50 70 
82 27 57 
80 33 62 
88 26 95 
83 39 16 
15 86 72 
44 89 11 
5 100 96 
71 25 86 
69 15 71 
15 39 29 
82 4 62 
20 7 3 
93 73 97 
88 98 35 
18 21 64 
22 24 6 
51 78 68 
4 78 42 
56 9 77 
94 89 9 
4 26 56 
27 16 84 
41 84 31 
22 16 54 
28 9 26 
69 6 78 
16 29 49 
42 62 15 
58 25 73 
21 2 78 
13 83 85 
53 29 73 
78 64 91 
47 5 41 
39 5 9 
35 50 88 
55 24 83 
18 95 26 
41 29 22 
96 11 41 
36 90 91 
13 18 63 
2 60 66 
57 98 33 
51 52 28 
85 60 49 
35 84 26 
79 8 38 
83 79 36 
12 18 46 
13 40 93 
19 3 10 
59 84 95 
77 63 9 
13 31 3 
39 4 13 
23 46 22 
14 55 54 
56 76 44 
4 8 61 
1 4 3 
64 37 75 
76 33 41 
32 18 10 
40 62 4 
10 11 73 
25 67 74 
58 5 83 
54 100 33 
8 19 64 
52 7 39 
74 85 99 
56 81 32 
35 10 71 
64 75 22 
44 60 7 
98 74 59 
67 24 23 
37 48 76 
27 86 72 
49 87 29 
70 47 38 
85 28 62 
45 42 43 
34 36 72 
77 90 48 
27 57 69 
73 72 38 
28 35 72 
11 48 59 
45 86 14 
98 74 40 
88 74 11 
22 37 28 
82 100 63 
21 63 82 
24 40 53 
54 86 29 
26 24 15 
52 87 5 
61 22 27 
100 68 40 
42 78 14 
26 90 3 
94 27 96 
13 24 55 
72 75 65 
2 100 51 
72 99 51 
50 74 72 
72 12 31 
83 98 58 
37 61 27 
62 79 50 
92 41 15 
19 98 89 
11 29 24 
71 47 58 
18 5 42 
26 51 29 
68 31 60 
35 74 31 
1 64 86 
56 92 22 
100 62 39 
89 80 12 
81 87 18 
12 85 93 
54 52 23 
66 15 19 
26 81 97 
95 56 13 
44 12 6 
12 67 77 
49 18 17 
81 32 27 
85 98 19 
17 65 100 
22 81 55 
65 63 35 
57 97 23 
24 62 53 
93 29 41 
24 56 52 
21 7 95 
74 15 1 
39 60 41 
93 88 64 
66 30 15 
78 57 11 
12 59 38 
67 27 11 
76 39 1 
49 33 4 
90 59 60 
5 34 52 
41 52 38 
25 68 33 
81 43 78 
27 19 12 
1 59 78 
79 75 74 
32 66 47 
23 38 45 
40 46 22 
2 17 51 
28 42 4 
44 14 17 
91 95 46 
59 23 49 
49 8 32 
16 96 62 
87 19 91 
55 15 81 
36 51 31 
43 2 80 
80 62 46 
57 32 72 
40 46 7 
50 82 1 
62 5 17 
61 94 57 
17 58 16 
46 51 44 
36 3 46 
51 15 21 
23 14 69 
25 52 41 
48 62 66 
9 26 83 
82 84 49 
4 19 79 
20 84 2 
13 21 55 
51 46 65 
2 45 21 
47 15 56 
36 5 21 
69 42 83 
6 42 16 
14 11 45 
45 60 7 
73 69 90 
66 12 24 
89 38 86 
63 39 98 
94 88 63 
90 47 87 
89 69 88 
93 16 30 
49 22 36 
44 76 78 
46 64 65 
82 84 80 
28 74 79 
43 38 44 
100 61 55 
3 98 90 
8 23 2 
7 12 60 
46 55 33 
10 36 72 
3 85 26 
89 67 83 
25 8 33 
73 20 63 
13 25 76 
97 83 37 
79 76 54 
70 97 46 
53 62 28 
52 64 55 
13 56 90 
12 56 94 
58 79 36 
26 4 12 
22 13 3 
86 35 60 
94 2 52 
25 71 24 
53 93 100 
82 19 100 
64 70 53 
61 58 34 
78 86 68 
96 38 56 
66 96 87 
60 49 57 
12 75 5 
70 47 74 
60 17 51 
31 52 96 
70 45 88 
32 33 8 
53 33 13 
27 13 39 
50 41 16 
89 51 20 
28 24 60 
65 83 1 
72 29 22 
26 75 65 
11 5 97 
63 14 95 
88 38 21 
64 13 75 
93 10 89 
82 70 58 
40 24 42 
37 81 56 
65 17 25 
97 10 49 
2 1 7 
46 5 68 
65 20 36 
11 17 36 
8 32 77 
63 83 36 
35 46 25 
55 81 59 
84 74 100 
54 100 9 
26 6 42 
19 8 95 
44 64 37 
56 28 35 
9 54 33 
51 7 65 
9 92 51 
82 1 65 
33 49 50 
1 65 59 
41 46 2 
29 93 66 
15 21 62 
11 17 3 
71 97 50 
83 12 50 
65 81 21 
21 78 40 
23 80 94 
98 41 96 
57 31 45 
72 13 32 
19 3 85 
55 9 10 
99 52 16 
31 93 76 
61 75 9 
98 69 19 
89 11 56 
37 70 1 
61 2 25 
65 40 27 
41 34 82 
56 43 100 
95 78 42 
31 79 62 
15 62 89 
41 28 25 
52 74 81 
53 55 35 
17 9 71 
92 67 37 
20 47 53 
57 45 38 
76 22 15 
26 22 6 
97 24 14 
40 67 7 
38 80 14 
72 49 9 
76 8 45 
85 28 78 
70 54 9 
48 46 87 
79 91 57 
71 15 74 
3 21 46 
57 8 39 
45 27 29 
46 41 79 
88 37 48 
53 44 10 
22 81 83 
49 68 31 
16 92 57 
95 84 58 
6 80 35 
89 55 37 
62 60 18 
27 6 84 
67 85 10 
61 9 92 
45 40 98 
7 70 42 
30 42 9 
73 39 11 
34 25 31 
14 15 4 
30 78 87 
55 7 56 
97 9 44 
50 39 15 
32 74 41 
56 8 79 
64 95 17 
21 52 45 
7 1 26 
18 5 50 
2 24 64 
84 67 80 
73 95 53 
94 67 79 
47 92 12 
91 64 42 
36 78 2 
34 50 95 
97 14 100 
27 17 84 
80 27 55 
100 34 11 
77 64 48 
20 62 91 
99 25 84 
68 7 84 
81 3 26 
4 55 74 
46 68 20 
6 33 41 
32 99 61 
14 9 71 
98 75 18 
11 66 69 
13 63 74 
90 72 96 
29 21 88 
45 76 53 
40 61 45 
90 97 37 
61 81 40 
52 12 37 
76 48 25 
95 43 74 
52 31 55 
4 21 55 
68 23 27 
73 59 68 
43 30 89 
48 40 43 
1 97 70 
63 1 32 
42 15 69 
34 18 44 
53 8 56 
30 70 38 
4 43 10 
52 33 17 
17 68 92 
7 18 3 
87 77 70 
36 70 81 
2 8 41 
14 96 8 
60 77 96 
96 61 79 
53 77 56 
89 98 68 
56 17 34 
32 89 6 
97 81 36 
49 82 96 
64 62 53 
36 46 10 
73 62 51 
21 80 39 
93 6 29 
49 60 14 
34 64 100 
83 90 76 
14 85 90 
38 31 25 
6 55 49 
23 17 45 
39 47 72 
7 74 42 
73 29 25 
42 7 66 
37 89 74 
71 55 52 
90 41 53 
80 65 56 
75 6 43 
53 77 79 
66 73 87 
58 44 73 
79 14 4 
50 24 43 
15 51 72 
7 98 46 
90 88 16 
33 35 50 
24 80 22 
79 23 27 
32 27 69 
31 91 45 
62 60 3 
36 34 68 
66 8 95 
47 13 16 
35 23 69 
56 14 92 
12 39 37 
79 65 20 
43 86 10 
16 31 18 
2 27 87 
47 6 26 
65 6 41 
51 28 53 
35 94 19 
56 97 90 
21 88 10 
96 51 14 
11 53 25 
19 7 3 
35 37 87 
31 30 25 
61 7 24 
54 56 30 
60 63 42 
52 32 4 
30 51 29 
35 39 52 
42 11 63 
26 17 94 
16 75 83 
65 12 36 
76 82 57 
13 83 66 
46 33 66 
53 50 63 
76 72 25 
41 24 66 
19 34 6 
98 77 6 
93 44 3 
6 75 19 
17 81 12 
35 88 94 
63 75 70 
29 68 52 
35 59 20 
100 35 94 
67 89 18 
63 12 33 
13 25 41 
47 24 4 
38 83 97 
53 87 52 
5 58 30 
82 91 39 
9 40 53 
42 91 11 
25 37 92 
47 73 5 
31 48 53 
81 25 79 
77 74 19 
64 87 86 
58 52 49 
85 42 36 
40 25 84 
85 44 1 
19 40 92 
26 69 100 
46 24 79 
27 25 58 
96 56 17 
83 81 98 
16 45 21 
73 85 7 
62 71 57 
1 15 79 
51 56 95 
78 91 77 
10 69 32 
46 45 49 
20 2 40 
27 7 50 
51 22 86 
68 11 54 
81 74 15 
20 78 81 
43 11 60 
42 100 51 
3 97 5 
42 39 89 
59 5 73 
55 56 49 
61 63 68 
18 53 17 
79 45 80 
12 65 50 
97 80 1 
70 15 72 
51 64 36 
54 75 81 
22 29 77 
88 25 76 
56 46 79 
26 84 46 
79 48 90 
15 29 16 
33 24 39 
75 44 50 
9 23 92 
87 20 24 
71 74 36 
81 21 49 
25 91 50 
31 81 94 
72 54 31 
56 36 8 
4 78 10 
50 22 39 
43 64 23 
60 99 44 
56 40 57 
20 59 3 
68 50 75 
94 17 84 
74 23 49 
7 8 98 
6 2 16 
19 72 5 
11 26 52 
82 56 24 
30 46 88 
79 46 86 
97 72 78 
3 80 25 
90 53 49 
15 82 6 
74 65 90 
11 66 87 
63 71 43 
82 42 59 
25 59 29 
54 38 66 
11 12 28 
55 22 18 
96 83 36 
26 29 47 
69 13 3 
5 63 91 
9 15 98 
16 11 95 
77 67 57 
54 82 95 
88 7 39 
89 38 53 
64 79 53 
20 13 1 
79 5 23 
24 47 50 
52 8 65 
94 83 52 
81 90 50 
74 11 23 
90 16 17 
1 62 59 
6 79 54 
19 91 80 
50 33 79 
84 71 46 
20 59 70 
37 88 93 
26 21 74 
56 29 24 
74 68 21 
81 30 39 
67 75 12 
55 91 14 
18 29 99 
96 75 36 
3 49 78 
23 46 30 
10 59 26 
75 66 82 
49 32 23 
76 91 49 
48 45 34 
14 24 10 
79 59 71 
86 12 61 
31 28 13 
72 70 95 
41 8 26 
66 1 97 
61 4 60 
27 42 39 
80 59 18 
64 99 35 
80 4 90 
87 97 70 
65 75 95 
95 56 39 
20 50 1 
56 14 93 
28 73 88 
80 50 59 
9 74 96 
50 3 44 
94 41 88 
59 95 25 
89 67 97 
58 45 28 
49 62 100 
54 33 62 
53 76 50 
33 46 50 
19 9 8 
90 86 17 
69 29 83 
91 8 27 
96 82 5 
65 82 89 
33 93 64 
57 83 21 
68 80 81 
14 34 19 
44 19 16 
47 43 34 
45 78 92 
30 38 45 
26 42 50 
88 28 91 
46 66 54 
24 56 78 
10 30 14 
84 98 31 
68 3 23 
31 51 46 
47 20 21 
95 76 10 
25 54 34 
3 57 69 
52 61 49 
90 8 6 
69 85 28 
10 88 90 
90 89 57 
38 81 57 
7 6 96 
54 91 43 
55 100 80 
52 30 31 
58 90 73 
8 2 54 
28 6 70 
56 6 36 
72 90 71 
41 14 99 
45 24 66 
26 6 85 
95 50 51 
59 66 46 
7 5 95 
62 16 93 
32 59 10 
69 80 72 
5 18 19 
96 78 35 
22 2 23 
95 91 99 
31 77 99 
68 65 84 
21 68 91 
43 51 28 
81 19 76 
94 44 32 
19 28 64 
59 79 95 
19 29 16 
61 98 47 
44 9 6 
38 75 68 
94 48 29 
82 91 16 
25 90 78 
63 14 27 
76 17 71 
69 63 78 
72 27 45 
17 54 12 
33 60 30 
18 44 36 
18 45 8 
70 54 28 
58 55 50 
10 4 72 
16 29 68 
24 40 6 
18 15 24 
67 25 76 
19 26 49 
44 11 3 
25 20 51 
29 33 10 
70 78 54 
30 68 19 
1 67 51 
1 85 27 
79 26 28 
94 49 34 
74 89 27 
90 93 47 
26 8 21 
88 68 82 
69 5 55 
64 26 31 
83 38 14 
84 44 51 
48 86 21 
1 88 70 
39 4 24 
29 60 67 
30 78 22 
53 98 22 
29 74 4 
6 36 52 
3 60 82 
51 21 56 
79 91 52 
56 4 37 
4 3 24 
2 80 41 
49 58 59 
17 49 50 
43 73 14 
83 90 81 
18 8 48 
36 97 88 
80 51 40 
84 77 53 
79 82 11 
12 60 32 
87 39 76 
64 45 83 
17 15 29 
86 9 69 
66 81 93 
77 72 93 
9 65 98 
70 80 97 
92 25 28 
58 92 15 
61 75 76 
55 87 12 
39 55 46 
22 50 97 
54 79 26 
96 84 19 
21 93 100 
98 61 75 
44 61 39 
81 27 13 
90 88 30 
80 29 82 
50 19 56 
56 81 61 
46 32 62 
20 10 24 
95 96 15 
40 31 68 
53 91 21 
72 95 97 
9 95 89 
8 3 23 
69 37 67 
43 77 98 
45 60 18 
30 82 79 
31 82 72 
7 43 24 
91 57 96 
22 24 74 
55 65 17 
50 60 25 
37 60 4 
49 62 25 
89 88 29 
24 40 8 
36 50 95 
9 64 45 
24 82 96 
18 72 68 
1 74 26 
91 32 65 
82 62 90 
45 71 91 
81 74 67 
19 29 22 
57 42 52 
21 42 95 
66 13 60 
46 77 58 
27 54 9 
66 84 64 
25 46 43 
6 36 50 
30 66 79 
54 84 85 
40 35 69 
40 70 16 
14 8 25 
43 91 57 
77 85 3 
63 21 16 
16 91 100 
71 36 93 
99 16 80 
33 13 89 
75 4 93 
3 68 49 
76 22 19 
94 43 38 
73 69 30 
28 5 29 
1 10 33 
53 18 32 
6 48 20 
1 17 32 
86 58 91 
14 78 87 
49 4 12 
66 24 83 
98 71 17 
93 85 39 
7 1 75 
25 84 39 
97 56 83 
65 93 64 
77 72 66 
59 11 53 
100 71 24 
95 17 47 
64 33 12 
54 41 24 
74 76 96 
91 10 24 
26 100 53 
68 35 54 
86 16 91 
32 22 70 
66 51 99 
85 84 62 
89 17 79 
27 94 22 
31 61 33 
33 19 51 
43 16 37 
81 31 86 
34 50 78 
9 99 66 
8 84 23 
34 93 56 
68 34 54 
69 16 11 
64 94 70 
35 82 77 
51 18 56 
75 78 43 
70 97 20 
87 97 67 
8 69 68 
5 26 32 
30 48 11 
24 63 49 
21 16 46 
8 25 11 
63 99 55 
49 2 18 
80 36 55 
99 16 5 
92 44 69 
30 31 64 
34 77 36 
75 53 36 
83 72 8 
49 63 21 
13 23 11 
5 55 53 
85 4 78 
16 23 9 
89 96 39 
65 18 93 
9 19 26 
96 49 16 
25 29 67 
55 16 62 
76 42 91 
14 58 23 
25 46 72 
52 53 99 
71 19 90 
20 56 59 
85 49 30 
13 22 49 
16 37 79 
67 76 29 
76 41 75 
42 52 38 
66 17 3 
88 52 36 
41 15 84 
86 96 63 
47 73 30 
49 18 31 
53 42 17 
66 71 48 
67 89 61 
36 81 67 
8 64 54 
24 25 26 
59 28 50 
34 15 42 
77 82 97 
73 10 62 
77 14 73 
92 24 70 
85 50 33 
39 22 55 
90 14 86 
54 74 72 
47 73 53 
17 6 34 
92 30 42 
66 8 31 
9 4 37 
83 47 33 
35 80 81 
54 6 48 
76 73 50 
66 39 2 
21 37 72 
61 27 29 
2 55 88 
49 28 52 
59 55 63 
28 44 57 
24 63 57 
4 58 2 
5 70 18 
83 7 26 
28 57 24 
31 24 70 
57 63 51 
4 15 55 
79 41 70 
56 62 9 
96 7 50 
44 55 9 
60 24 18 
47 91 58 
7 24 35 
24 82 89 
16 24 68 
78 92 89 
34 31 12 
53 11 33 
68 16 13 
1 64 42 
57 31 46 
5 56 54 
63 18 2 
70 58 22 
91 94 51 
35 27 80 
49 39 68 
53 29 41 
2 65 90 
90 60 3 
68 78 61 
4 37 72 
8 75 65 
19 33 3 
44 72 69 
100 87 91 
52 18 87 
64 98 59 
48 87 54 
49 87 58 
13 59 94 
34 59 60 
2 1 38 
82 1 98 
11 100 79 
61 1 88 
35 42 21 
14 37 2 
69 62 13 
87 78 21 
33 68 44 
12 63 50 
100 64 55 
52 12 10 
22 54 26 
38 25 100 
92 67 80 
34 11 85 
43 39 59 
54 36 57 
92 12 16 
20 33 15 
64 23 27 
45 20 30 
35 86 93 
82 63 16 
60 89 74 
39 36 42 
47 78 83 
40 88 57 
28 65 53 
11 25 43 
31 27 50 
17 59 22 
71 46 37 
72 23 47 
36 65 56 
16 81 62 
78 12 60 
29 74 16 
68 72 66 
70 47 61 
36 47 54 
30 71 36 
33 71 83 
17 69 49 
62 81 12 
77 55 74 
100 70 15 
28 57 22 
100 62 26 
38 95 63 
81 18 34 
65 30 71 
14 53 13 
43 75 84 
43 1 36 
93 47 38 
66 65 76 
50 60 90 
27 69 45 
72 22 75 
41 26 22 
90 68 15 
22 58 59 
13 52 48 
79 6 32 
21 12 59 
89 45 46 
91 34 8 
8 28 38 
24 31 98 
45 63 24 
44 62 25 
37 99 89 
29 77 47 
57 24 33 
45 3 32 
8 100 77 
69 22 63 
42 68 4 
33 69 84 
20 24 12 
53 39 29 
72 15 45 
92 1 80 
85 34 92 
30 32 49 
85 56 59 
13 23 52 
66 93 21 
26 75 9 
93 45 2 
38 84 34 
85 50 20 
63 12 98 
76 92 100 
64 35 27 
79 43 3 
23 61 86 
30 80 38 
58 71 63 
57 9 49 
9 82 18 
45 64 8 
5 40 2 
92 37 17 
65 38 33 
51 91 5 
80 65 42 
95 9 41 
10 85 99 
35 30 84 
82 63 41 
97 100 46 
32 7 11 
77 86 35 
12 35 38 
47 60 41 
47 46 80 
13 34 76 
41 61 69 
87 79 52 
66 76 22 
84 80 16 
70 61 60 
27 59 19 
87 60 96 
41 88 87 
19 72 11 
77 29 68 
65 2 41 
68 100 82 
28 82 72 
33 95 16 
14 96 68 
86 63 98 
87 26 17 
77 13 26 
65 61 71 
94 6 46 
67 48 60 
60 19 52 
30 48 15 
69 83 4 
56 11 39 
18 69 68 
9 37 17 
71 56 94 
31 91 53 
57 21 93 
96 32 28 
39 55 9 
46 90 3 
34 26 54 
31 11 55 
61 72 29 
5 3 26 
21 91 86 
87 69 76 
39 64 91 
10 29 2 
16 45 93 
87 74 25 
6 95 10 
5 88 15 
16 61 100 
91 22 31 
7 53 95 
81 96 88 
88 62 76 
16 2 72 
41 84 94 
4 8 67 
91 28 63 
33 5 58 
90 93 98 
58 87 15 
47 8 24 
31 3 21 
67 20 58 
59 97 33 
51 30 48 
76 8 15 
50 81 56 
16 12 78 
72 28 88 
61 88 32 
67 69 56 
63 2 25 
70 15 78 
78 45 89 
19 36 43 
73 32 80 
65 4 97 
99 10 26 
77 26 21 
18 40 20 
68 94 43 
57 93 13 
47 27 32 
12 37 11 
25 15 44 
62 32 60 
72 86 24 
12 57 54 
85 79 40 
74 67 94 
65 26 94 
63 95 64 
25 80 17 
14 53 69 
17 34 93 
98 31 36 
81 75 15 
31 12 22 
27 13 8 
37 77 96 
30 4 75 
20 55 52 
67 62 29 
19 78 69 
26 95 29 
41 65 45 
18 22 19 
81 46 29 
70 75 69 
18 74 25 
3 85 20 
49 60 6 
78 35 58 
29 62 100 
64 26 20 
48 93 90 
1 5 99 
96 81 64 
82 87 15 
39 8 17 
44 26 49 
79 58 98 
84 52 3 
5 59 70 
43 34 27 
4 5 66 
2 40 87 
75 54 55 
44 58 75 
67 61 63 
42 26 82 
53 91 77 
68 88 4 
97 23 96 
9 87 62 
86 54 70 
16 24 22 
72 12 35 
55 14 15 
100 11 27 
66 93 36 
23 83 68 
5 97 89 
26 6 84 
58 22 49 
53 38 49 
81 12 47 
53 28 48 
41 78 5 
15 53 84 
13 24 93 
24 62 45 
93 83 80 
33 93 63 
70 58 57 
33 94 32 
86 95 85 
4 68 51 
71 15 72 
88 78 15 
63 26 38 
19 68 92 
20 34 4 
65 64 97 
68 26 75 
36 16 100 
51 36 73 
98 30 73 
47 45 27 
11 80 99 
7 62 47 
48 47 61 
9 56 68 
22 11 34 
95 38 47 
94 58 15 
41 68 3 
4 47 88 
52 91 51 
65 5 31 
19 92 81 
33 82 5 
77 18 32 
87 47 73 
69 29 99 
16 73 97 
27 46 95 
81 74 6 
2 72 25 
84 33 76 
92 74 29 
44 2 9 
10 38 43 
57 50 39 
48 83 66 
39 33 91 
20 29 45 
87 57 70 
57 4 34 
1 32 77 
52 17 79 
36 76 62 
16 3 59 
77 99 92 
50 41 9 
50 12 68 
62 73 96 
59 12 72 
43 10 65 
8 18 49 
5 12 18 
97 100 7 
95 70 74 
52 77 5 
84 63 78 
13 96 18 
93 86 61 
27 14 40 
96 44 85 
1 97 60 
98 77 2 
26 71 87 
13 99 47 
77 40 69 
94 96 86 
64 11 24 
11 72 28 
17 24 61 
39 38 89 
30 62 67 
48 64 47 
40 7 49 
52 15 22 
68 18 94 
90 15 53 
3 30 16 
34 63 89 
99 33 76 
28 67 98 
35 22 4 
81 39 24 
29 56 71 
91 17 8 
60 97 62 
41 23 78 
3 14 42 
81 47 68 
68 25 15 
4 3 100 
16 71 39 
67 23 72 
93 88 53 
30 15 51 
66 70 16 
85 61 25 
68 16 20 
36 21 67 
44 4 74 
69 57 5 
52 16 93 
40 97 56 
55 8 2 
83 92 71 
53 62 49 
9 17 10 
9 53 4 
88 2 52 
47 90 32 
72 85 35 
59 51 94 
73 31 27 
64 18 88 
27 7 60 
69 57 75 
14 15 86 
23 95 71 
51 6 65 
29 60 21 
53 91 87 
74 34 56 
61 96 12 
46 66 24 
72 59 78 
78 54 21 
46 34 52 
27 82 11 
74 33 63 
84 76 91 
77 60 36 
90 58 43 
34 67 98 
55 86 93 
22 28 67 
87 43 25 
34 83 69 
83 73 66 
97 38 46 
18 72 83 
23 42 72 
100 18 3 
78 58 25 
55 54 87 
71 60 31 
69 74 8 
35 11 51 
76 89 46 
87 27 12 
46 2 6 
50 33 64 
14 54 33 
74 56 25 
25 34 17 
13 84 26 
87 91 68 
37 77 97 
3 79 88 
81 25 70 
84 59 76 
75 59 89 
55 56 34 
8 4 29 
78 90 37 
31 20 70 
65 27 7 
20 11 12 
84 100 79 
64 71 12 
39 44 76 
25 89 2 
3 73 59 
67 60 46 
66 12 27 
9 25 11 
12 56 13 
28 82 10 
43 61 36 
99 25 51 
99 41 74 
5 23 27 
27 91 56 
85 91 53 
52 66 87 
2 83 54 
2 85 68 
75 94 61 
14 19 91 
56 39 9 
17 48 39 
37 82 12 
95 25 55 
34 62 85 
38 5 99 
71 56 18 
8 53 23 
50 3 76 
58 72 38 
22 74 42 
34 41 72 
16 84 40 
89 88 93 
81 24 70 
70 29 64 
48 70 84 
89 83 42 
89 82 12 
16 36 35 
57 63 56 
38 37 32 
2 33 92 
76 38 89 
34 7 29 
84 34 73 
84 6 50 
90 39 58 
3 19 74 
91 25 22 
84 26 78 
98 23 76 
18 23 67 
7 6 89 
69 71 20 
69 94 63 
64 6 99 
100 19 89 
45 89 20 
73 1 80 
28 69 1 
97 99 79 
1 45 10 
49 85 73 
92 4 93 
13 52 78 
57 51 6 
53 86 5 
97 41 82 
57 79 89 
53 41 86 
87 80 26 
28 78 17 
84 76 3 
47 90 16 
58 54 100 
77 9 72 
58 35 47 
99 20 22 
71 43 55 
95 100 93 
57 76 1 
64 32 27 
16 41 83 
83 29 90 
89 82 34 
13 90 76 
8 7 24 
73 60 66 
6 54 2 
66 64 32 
29 47 85 
41 37 33 
35 7 58 
87 71 31 
28 21 29 
37 84 33 
8 95 70 
75 78 83 
58 34 95 
22 48 13 
32 77 99 
57 53 47 
68 12 84 
65 82 74 
75 10 82 
2 74 83 
47 96 98 
71 5 54 
6 64 70 
90 47 65 
11 100 13 
27 41 75 
81 11 39 
39 50 85 
60 5 57 
80 3 56 
20 93 64 
46 74 4 
8 20 51 
29 39 65 
69 75 33 
46 9 80 
7 22 19 
93 41 47 
29 90 33 
20 13 40 
85 79 73 
56 35 100 
82 84 12 
29 70 45 
20 37 26 
43 39 99 
76 16 8 
90 16 62 
54 35 51 
17 63 49 
14 51 29 
42 59 19 
39 10 71 
37 43 48 
64 99 8 
54 21 49 
39 76 92 
27 19 71 
22 58 32 
19 85 100 
56 43 87 
93 37 80 
16 8 29 
94 27 56 
76 23 17 
98 39 7 
96 17 53 
63 29 76 
36 47 71 
11 87 54 
23 88 65 
39 53 95 
15 42 35 
96 81 37 
65 8 23 
9 24 19 
31 78 88 
62 69 86 
9 34 49 
2 47 4 
66 24 10 
94 79 10 
87 95 5 
25 36 97 
38 62 17 
1 30 45 
1 44 76 
100 42 91 
36 5 75 
19 44 57 
7 56 11 
21 55 30 
41 16 25 
78 71 77 
47 58 67 
66 8 37 
35 20 24 
89 32 81 
36 44 39 
30 40 87 
52 14 64 
84 4 87 
72 14 40 
26 4 37 
97 77 80 
10 8 94 
92 74 96 
53 7 42 
61 74 91 
39 89 19 
10 73 50 
37 30 86 
46 9 2 
8 31 100 
59 53 87 
9 20 66 
17 96 72 
17 47 46 
27 74 29 
15 26 43 
47 77 24 
98 17 14 
99 76 35 
89 38 61 
12 76 81 
99 18 3 
59 95 5 
51 14 6 
24 7 57 
3 93 70 
12 48 2 
74 54 85 
9 57 82 
21 29 61 
46 35 61 
64 72 97 
27 18 74 
2 52 57 
98 70 59 
100 16 31 
11 16 15 
100 29 20 
8 61 45 
64 40 94 
17 59 26 
39 99 24 
61 56 59 
87 2 24 
68 50 70 
31 44 50 
46 67 4 
77 19 86 
87 60 99 
5 41 50 
5 68 32 
36 78 29 
50 42 91 
41 24 62 
21 44 92 
98 65 28 
88 21 48 
45 55 88 
90 55 94 
58 94 69 
54 1 81 
44 3 86 
58 83 11 
2 44 85 
25 3 45 
93 18 97 
22 23 21 
56 77 17 
22 51 31 
3 50 24 
56 43 41 
32 17 7 
80 99 87 
61 54 64 
80 15 54 
97 80 3 
8 65 77 
37 66 45 
19 46 71 
7 10 64 
84 83 92 
10 94 67 
59 51 47 
67 85 30 
41 48 74 
44 80 49 
56 28 77 
91 7 33 
83 60 84 
69 45 96 
39 64 59 
46 84 93 
1 41 79 
81 18 23 
23 25 97 
83 50 91 
92 5 18 
46 87 81 
60 99 22 
87 47 79 
23 30 43 
91 65 4 
80 48 51 
76 5 73 
38 32 35 
13 92 63 
66 37 78 
75 91 41 
14 30 100 
21 91 82 
37 72 64 
19 53 57 
80 12 62 
69 98 91 
36 44 7 
36 6 95 
43 85 73 
94 33 46 
26 28 25 
32 55 20 
96 73 46 
5 38 7 
64 98 29 
86 25 70 
62 57 92 
99 57 56 
3 53 59 
60 84 6 
17 59 8 
63 59 94 
11 38 1 
63 83 9 
29 57 7 
67 31 84 
47 13 98 
14 31 11 
51 56 68 
25 78 76 
43 35 5 
31 44 27 
83 27 92 
17 86 89 
84 91 66 
66 78 57 
79 42 65 
66 4 35 
2 14 62 
31 20 71 
47 74 40 
88 99 6 
5 59 22 
39 15 71 
71 59 12 
93 29 82 
80 49 62 
97 9 42 
90 93 44 
36 14 78 
15 55 54 
18 67 45 
1 27 87 
87 34 22 
19 34 66 
23 87 62 
85 65 80 
30 50 23 
40 60 4 
97 10 75 
63 28 4 
11 33 77 
10 3 57 
87 20 88 
73 1 32 
71 52 95 
22 69 98 
90 15 65 
1 10 19 
1 11 8 
45 47 70 
2 39 30 
39 90 76 
43 17 27 
19 1 95 
2 16 26 
27 8 12 
53 21 49 
54 57 16 
96 33 42 
46 2 80 
31 96 71 
62 27 23 
96 23 44 
2 48 3 
98 18 73 
61 94 4 
85 66 83 
61 90 77 
81 98 82 
85 54 30 
8 20 79 
92 35 14 
83 82 28 
20 16 88 
49 80 85 
57 25 48 
34 81 93 
1 42 63 
49 17 52 
95 33 37 
4 96 17 
17 23 62 
25 85 37 
23 68 73 
82 54 8 
81 68 26 
64 27 20 
42 86 33 
79 66 27 
61 79 16 
38 95 89 
83 47 72 
37 27 86 
85 84 31 
84 7 77 
62 33 60 
81 13 73 
29 20 69 
81 71 24 
74 68 90 
26 93 64 
81 82 62 
18 32 34 
73 51 64 
17 7 58 
47 8 14 
50 40 29 
4 46 34 
26 36 20 
44 41 67 
9 97 67 
77 34 90 
16 67 46 
18 11 43 
60 32 88 
100 48 95 
31 42 5 
15 17 13 
55 100 36 
77 69 55 
78 61 51 
2 38 64 
95 41 99 
81 46 79 
18 10 33 
48 49 88 
73 25 68 
82 15 70 
98 94 29 
44 22 10 
78 61 2 
79 68 59 
20 41 88 
56 17 98 
39 19 13 
27 91 58 
41 52 48 
83 52 3 
89 1 52 
53 35 56 
83 45 3 
73 25 93 
93 84 27 
28 77 79 
5 90 28 
38 15 22 
28 50 85 
3 97 57 
1 24 65 
26 24 70 
47 43 15 
28 4 18 
30 90 79 
81 80 29 
38 71 8 
76 70 53 
17 42 16 
49 18 15 
98 29 39 
57 4 40 
65 19 17 
2 86 81 
10 43 81 
42 86 95 
25 79 97 
15 30 27 
79 17 74 
4 12 61 
45 81 51 
13 70 81 
42 51 13 
58 49 51 
14 5 76 
80 48 91 
94 44 4 
95 52 79 
24 32 49 
26 57 54 
8 27 66 
31 58 29 
49 69 16 
32 45 75 
49 91 40 
96 49 83 
15 11 71 
100 22 30 
41 35 19 
74 19 7 
75 93 46 
23 60 70 
29 79 46 
73 60 64 
76 49 2 
76 13 33 
92 62 77 
76 40 89 
36 63 66 
8 48 39 
11 20 100 
66 57 85 
36 61 62 
49 25 12 
60 64 91 
7 29 61 
3 14 41 
72 78 61 
27 46 34 
92 49 93 
95 85 30 
39 90 34 
26 48 78 
38 48 28 
25 15 96 
5 4 24 
29 99 59 
15 90 23 
59 74 83 
22 89 40 
76 38 20 
30 49 96 
79 25 9 
91 56 98 
67 29 66 
96 34 4 
27 33 24 
93 8 86 
75 85 69 
39 8 44 
70 51 27 
65 25 16 
40 53 80 
88 82 97 
41 25 100 
100 39 61 
77 48 74 
86 55 34 
98 33 2 
46 38 80 
19 53 28 
41 1 51 
56 98 58 
77 61 66 
68 8 4 
43 73 53 
14 76 97 
54 32 57 
94 80 69 
33 32 51 
70 89 29 
1 7 63 
44 98 87 
54 20 76 
34 98 57 
30 40 4 
24 46 8 
49 79 25 
84 83 97 
26 90 46 
75 93 8 
25 69 7 
84 9 14 
94 40 80 
35 17 75 
87 91 83 
88 62 98 
26 85 76 
69 34 89 
1 30 100 
92 74 76 
6 10 35 
23 62 74 
17 100 96 
4 17 86 
49 46 68 
9 50 21 
95 49 1 
84 98 90 
9 47 75 
24 21 37 
10 74 29 
11 66 79 
32 30 7 
35 54 32 
38 27 39 
58 99 98 
30 55 75 
87 16 29 
98 56 100 
16 33 23 
58 49 13 
1 62 70 
39 66 53 
88 48 42 
76 78 42 
10 75 68 
37 46 97 
73 3 20 
63 62 61 
89 81 48 
99 82 57 
48 56 6 
70 11 89 
2 32 41 
79 78 60 
56 31 57 
34 68 2 
17 38 63 
77 17 93 
62 9 1 
33 22 69 
83 20 28 
7 14 10 
92 6 24 
73 60 72 
63 71 29 
71 35 95 
20 77 85 
22 15 14 
33 96 57 
70 49 61 
62 27 87 
62 14 23 
35 31 15 
18 12 16 
74 5 80 
51 4 73 
80 87 68 
96 41 25 
46 91 29 
34 82 26 
85 78 74 
97 63 77 
33 55 59 
57 10 87 
79 64 69 
85 81 22 
94 38 24 
93 50 83 
14 58 84 
55 1 65 
68 52 94 
60 98 53 
64 78 20 
16 1 33 
53 35 6 
68 83 15 
100 12 31 
63 29 85 
47 20 98 
85 9 80 
25 19 57 
65 49 95 
34 19 59 
67 1 4 
54 39 100 
72 49 34 
4 53 22 
54 61 63 
27 72 58 
65 70 17 
32 16 50 
60 95 41 
14 36 62 
71 48 97 
83 42 73 
58 76 87 
41 78 25 
69 65 72 
98 44 40 
49 67 28 
41 30 68 
97 8 23 
32 19 24 
90 98 73 
15 36 34 
67 10 75 
19 43 11 
85 2 49 
48 22 69 
61 19 9 
61 47 95 
74 68 59 
76 3 71 
79 85 89 
86 88 100 
83 23 16 
13 31 35 
41 77 94 
61 59 57 
76 94 22 
50 55 86 
10 64 58 
73 40 11 
81 49 6 
96 46 8 
36 60 38 
88 45 31 
2 68 100 
91 73 37 
83 47 17 
10 95 18 
61 98 38 
29 91 42 
76 14 26 
86 71 18 
44 89 72 
66 70 8 
28 57 61 
31 40 56 
1 86 75 
12 44 72 
12 50 93 
90 56 64 
24 44 6 
25 7 72 
27 84 14 
50 49 56 
53 49 33 
92 44 30 
3 98 84 
47 36 84 
49 13 32 
21 24 91 
28 66 74 
69 25 56 
43 9 40 
3 21 39 
34 39 30 
91 14 97 
13 44 42 
27 12 14 
95 4 56 
34 32 94 
39 43 54 
45 99 23 
90 27 57 
34 4 54 
94 79 20 
41 6 31 
67 63 25 
10 45 21 
85 17 50 
47 4 73 
94 24 58 
100 70 53 
10 32 35 
45 27 41 
30 78 4 
63 9 85 
95 42 54 
77 21 9 
37 100 45 
60 50 55 
94 84 7 
68 60 25 
35 31 6 
34 33 84 
9 5 38 
95 44 77 
18 19 86 
8 50 69 
64 6 19 
69 4 51 
70 94 22 
38 27 36 
23 66 48 
33 36 40 
83 71 18 
61 99 54 
65 72 64 
67 17 30 
58 62 8 
84 10 87 
35 96 64 
50 34 12 
96 17 80 
94 99 96 
25 51 18 
3 76 54 
55 21 5 
37 68 91 
4 94 9 
94 9 47 
35 8 40 
43 73 50 
33 91 45 
9 54 36 
76 79 85 
75 39 3 
98 32 12 
25 42 56 
89 66 82 
94 71 76 
10 11 90 
93 35 97 
42 10 5 
15 46 24 
12 24 17 
32 40 66 
60 35 76 
4 89 35 
8 93 73 
87 44 27 
50 79 9 
41 42 15 
6 9 69 
38 92 100 
25 37 36 
34 89 37 
88 50 20 
54 44 34 
77 50 72 
65 71 41 
45 21 31 
83 87 44 
26 47 58 
92 71 69 
88 40 14 
12 92 88 
65 98 4 
1 73 76 
31 40 95 
6 11 80 
56 44 35 
30 39 87 
92 44 8 
43 71 61 
65 78 1 
80 100 47 
55 56 9 
97 73 33 
64 92 34 
72 80 40 
100 73 49 
72 52 86 
36 60 20 
96 26 74 
7 44 78 
80 61 10 
45 4 66 
25 6 54 
80 49 61 
54 67 13 
77 1 62 
62 82 76 
47 18 30 
72 29 42 
64 92 14 
33 18 60 
94 49 29 
20 71 62 
12 44 53 
73 7 36 
87 99 75 
34 91 77 
88 96 45 
7 33 30 
12 1 58 
49 92 38 
3 67 41 
26 6 69 
60 75 55 
6 13 55 
49 39 90 
76 74 75 
90 15 88 
21 71 13 
34 90 43 
84 64 70 
45 59 67 
33 17 86 
21 50 2 
2 3 67 
40 1 89 
10 55 37 
42 55 26 
69 5 14 
32 84 7 
16 30 47 
15 8 81 
53 63 44 
57 72 2 
26 94 19 
69 63 34 
52 16 1 
100 28 15 
83 70 74 
62 14 31 
24 82 19 
13 67 38 
46 14 49 
99 48 12 
42 32 90 
57 19 61 
4 14 90 
59 49 95 
96 39 82 
67 58 83 
8 48 78 
32 15 22 
68 23 53 
100 8 28 
46 69 81 
70 89 47 
20 27 93 
49 21 77 
18 5 11 
56 22 72 
75 34 43 
56 28 12 
75 43 59 
94 86 51 
3 28 32 
10 34 38 
23 80 27 
89 37 63 
36 68 23 
100 15 10 
68 64 95 
52 55 8 
21 90 23 
26 86 31 
40 6 60 
41 82 81 
73 20 29 
17 3 81 
54 40 21 
76 62 80 
68 71 35 
20 75 29 
28 50 1 
32 85 34 
42 100 46 
56 57 36 
54 38 76 
44 71 91 
15 18 69 
44 80 40 
74 86 66 
58 45 1 
38 20 62 
87 78 13 
52 72 66 
97 28 36 
34 32 70 
59 13 63 
13 10 57 
73 62 39 
63 16 99 
62 97 18 
59 13 53 
43 27 99 
2 99 32 
90 53 4 
40 2 82 
62 15 27 
91 66 44 
95 81 44 
28 4 12 
71 51 39 
68 76 7 
82 100 48 
17 22 2 
79 17 65 
56 45 66 
27 33 83 
28 39 19 
79 100 44 
3 20 99 
30 56 50 
88 78 25 
93 85 86 
63 36 16 
44 20 1 
47 99 8 
47 5 38 
15 43 98 
4 10 8 
63 30 41 
74 25 2 
28 76 66 
91 18 96 
89 93 55 
99 55 5 
87 50 67 
47 19 43 
85 35 58 
64 81 32 
84 66 98 
32 25 9 
4 72 59 
33 84 61 
44 13 60 
18 78 31 
2 60 39 
64 80 84 
30 76 54 
14 73 81 
80 40 62 
90 99 19 
79 29 32 
38 65 50 
68 66 33 
75 80 27 
64 96 34 
47 64 6 
90 3 4 
27 28 81 
82 84 81 
97 73 10 
73 6 63 
46 43 91 
58 42 10 
50 49 20 
64 22 78 
17 21 51 
59 16 99 
38 69 12 
50 52 47 
44 25 99 
99 10 56 
47 30 60 
97 23 48 
9 86 84 
82 98 77 
46 78 88 
22 12 53 
4 21 86 
12 29 99 
82 26 61 
58 59 78 
48 24 68 
27 46 22 
18 61 40 
9 51 72 
44 89 90 
4 43 12 
14 88 65 
41 51 39 
70 39 85 
41 64 8 
37 70 84 
21 62 40 
28 29 11 
60 17 99 
12 90 50 
89 34 99 
72 48 82 
71 44 75 
64 92 50 
21 85 19 
65 34 15 
84 52 43 
17 12 42 
68 82 73 
35 49 70 
44 30 51 
84 45 76 
59 47 23 
68 36 93 
94 54 25 
65 24 85 
10 24 12 
84 3 12 
67 30 94 
84 71 42 
61 14 81 
30 78 39 
100 94 74 
94 20 82 
99 18 14 
62 22 84 
49 61 10 
52 79 19 
80 82 25 
40 14 46 
44 70 10 
10 23 60 
28 31 81 
47 22 92 
50 55 2 
87 16 37 
69 36 85 
36 96 95 
84 53 73 
39 89 40 
88 99 34 
11 78 97 
62 28 16 
69 88 21 
42 43 54 
50 13 91 
82 71 21 
97 35 7 
100 27 72 
46 99 27 
5 53 11 
39 88 58 
10 54 27 
36 16 15 
33 68 30 
88 3 56 
68 1 71 
16 9 30 
8 74 96 
19 14 6 
91 6 26 
8 7 85 
70 62 10 
93 44 23 
44 90 40 
74 89 45 
26 82 16 
16 24 60 
29 7 51 
65 89 54 
62 77 78 
69 86 90 
78 57 60 
25 40 88 
51 1 15 
64 98 34 
2 30 25 
78 80 45 
22 23 68 
16 34 65 
60 84 34 
69 52 22 
9 46 45 
61 89 66 
45 35 41 
66 70 1 
37 69 6 
50 97 26 
54 87 59 
3 13 8 
22 63 80 
31 19 39 
14 82 93 
79 67 77 
58 7 55 
1 68 90 
9 40 2 
53 62 14 
1 23 76 
1 54 18 
25 48 78 
37 67 52 
8 24 28 
20 78 25 
15 24 81 
68 93 90 
26 33 6 
91 70 46 
43 11 38 
53 6 100 
20 23 55 
19 80 85 
25 39 17 
83 95 98 
63 67 68 
8 1 81 
54 76 65 
53 40 19 
35 10 68 
68 84 55 
90 2 99 
73 58 69 
81 36 29 
52 72 61 
86 19 25 
77 86 11 
72 53 52 
75 49 37 
27 52 44 
45 32 30 
8 37 53 
55 67 10 
73 35 1 
31 77 37 
71 42 5 
39 48 72 
77 89 2 
52 28 10 
21 70 76 
55 42 67 
20 42 38 
96 24 75 
39 32 90 
79 40 1 
64 90 91 
11 33 93 
14 8 45 
35 61 1 
30 53 84 
23 22 34 
1 39 35 
44 26 100 
63 22 37 
46 55 24 
100 11 32 
58 34 65 
71 46 59 
19 17 37 
53 44 23 
11 88 89 
51 100 11 
56 54 79 
5 44 24 
67 27 3 
89 51 1 
94 96 98 
70 49 53 
62 72 55 
97 29 17 
86 29 66 
3 21 61 
11 78 99 
67 90 70 
22 93 98 
55 11 17 
66 4 10 
26 76 81 
3 67 35 
47 86 18 
23 100 56 
12 25 76 
20 63 91 
14 1 15 
21 15 3 
53 81 60 
7 48 16 
46 47 88 
77 86 3 
76 8 19 
18 68 43 
70 36 53 
35 82 79 
85 16 53 
95 19 45 
66 30 16 
31 97 90 
95 26 43 
41 37 11 
1 25 39 
7 48 27 
9 56 60 
31 33 77 
30 37 33 
68 62 12 
22 44 31 
27 2 71 
7 12 33 
99 84 9 
29 94 10 
1 59 89 
65 78 62 
56 92 53 
28 24 74 
45 21 40 
30 75 98 
56 98 49 
95 47 35 
66 97 44 
60 45 75 
15 33 66 
41 36 12 
56 35 4 
3 93 2 
18 17 16 
76 22 25 
39 18 67 
72 36 52 
66 37 15 
96 42 37 
93 46 43 
31 11 36 
38 13 31 
54 97 14 
65 40 30 
25 46 7 
64 12 36 
24 51 41 
32 88 58 
11 31 77 
60 99 61 
28 17 58 
49 21 22 
52 12 92 
97 39 30 
61 97 35 
71 15 93 
60 55 4 
79 39 38 
75 58 55 
64 2 20 
96 83 12 
52 60 80 
98 48 74 
63 3 38 
56 87 85 
48 64 30 
24 79 59 
37 76 87 
21 56 75 
8 71 31 
66 19 64 
17 67 40 
23 46 81 
67 24 83 
60 56 81 
17 2 34 
32 1 94 
40 100 33 
55 65 8 
61 4 10 
9 87 88 
43 61 16 
99 8 9 
10 29 18 
74 65 33 
76 32 36 
47 43 13 
80 8 65 
31 98 83 
74 57 54 
92 66 69 
61 1 32 
63 71 3 
15 69 45 
62 14 26 
80 47 91 
19 79 45 
21 55 99 
55 71 77 
36 23 22 
95 80 82 
31 45 56 
37 33 80 
57 26 66 
10 43 56 
31 24 21 
21 94 13 
71 24 44 
94 40 10 
63 26 71 
95 53 14 
87 7 11 
17 14 53 
3 51 89 
26 83 64 
18 23 100 
68 41 96 
59 11 46 
81 33 26 
23 22 50 
59 32 77 
68 94 55 
4 95 2 
39 97 60 
14 54 80 
53 79 39 
21 96 57 
77 38 93 
27 20 58 
31 28 17 
31 23 5 
96 82 14 
48 20 62 
21 90 6 
94 76 47 
22 33 83 
22 58 33 
72 90 15 
49 62 45 
49 31 21 
92 93 64 
76 3 36 
76 44 2 
74 55 59 
39 28 54 
39 19 99 
89 55 88 
93 6 83 
23 31 64 
42 13 74 
37 22 84 
2 24 86 
70 24 51 
5 33 97 
89 85 43 
48 75 72 
38 25 15 
97 2 27 
59 41 52 
55 12 16 
16 34 98 
37 63 90 
80 98 17 
2 16 60 
6 96 87 
68 4 18 
22 75 99 
83 73 43 
53 93 12 
54 86 44 
72 68 78 
13 38 76 
89 59 62 
67 96 57 
14 85 28 
96 46 43 
3 24 63 
48 88 59 
26 44 94 
93 33 14 
61 81 22 
38 28 2 
93 50 80 
4 48 26 
86 64 4 
34 94 66 
22 53 28 
59 81 37 
92 8 11 
41 60 49 
76 78 35 
21 13 14 
70 63 89 
70 43 60 
59 86 83 
84 58 76 
99 53 32 
2 54 26 
6 9 2 
44 65 11 
97 76 55 
17 22 31 
55 66 22 
55 13 65 
66 4 29 
59 32 99 
61 88 19 
58 83 36 
87 8 39 
49 84 25 
68 57 97 
22 51 39 
60 4 81 
45 20 25 
7 74 91 
18 8 17 
12 10 13 
73 63 28 
95 2 46 
13 43 71 
1 8 19 
80 86 67 
6 78 7 
30 14 85 
50 90 8 
19 71 15 
57 10 35 
16 84 3 
13 22 92 
3 59 18 
8 35 65 
76 85 86 
2 12 33 
48 84 29 
28 54 13 
45 82 17 
68 88 58 
13 80 29 
65 81 94 
14 72 70 
83 5 29 
52 25 9 
11 37 92 
56 27 29 
93 43 6 
79 32 14 
36 7 37 
92 36 24 
32 58 78 
88 45 47 
12 10 96 
60 55 81 
30 16 75 
31 69 16 
26 67 91 
20 13 22 
80 55 31 
4 68 86 
91 20 36 
24 60 46 
81 92 37 
8 50 74 
9 14 90 
56 46 97 
33 59 16 
6 75 14 
92 17 6 
10 2 94 
92 65 30 
12 65 57 
97 52 79 
33 2 42 
68 62 46 
50 12 42 
90 58 18 
15 99 43 
1 79 81 
88 53 78 
90 10 62 
55 36 76 
46 32 84 
45 15 35 
76 10 90 
46 61 54 
43 40 17 
74 55 40 
69 64 19 
85 7 97 
3 40 94 
47 40 8 
72 45 33 
38 94 59 
34 70 28 
30 67 80 
25 79 58 
81 80 59 
92 30 17 
26 12 22 
25 81 56 
65 66 80 
36 66 90 
85 17 52 
71 42 58 
86 66 50 
99 7 15 
13 80 45 
15 31 67 
30 94 35 
94 59 80 
89 75 80 
93 3 81 
40 42 56 
73 40 3 
18 35 45 
51 7 12 
51 50 27 
5 75 34 
34 74 19 
56 27 32 
21 3 48 
48 69 44 
1 36 30 
73 89 58 
43 65 21 
81 92 53 
10 88 9 
79 77 73 
45 42 20 
28 11 25 
12 100 39 
56 17 33 
43 89 38 
67 83 43 
12 72 77 
90 20 53 
24 90 17 
47 31 25 
77 55 62 
82 47 62 
50 100 55 
16 21 35 
20 59 33 
5 48 34 
86 4 8 
40 6 46 
26 39 25 
55 65 16 
25 13 34 
68 75 4 
30 55 3 
7 3 8 
67 27 32 
34 13 84 
49 30 86 
27 29 72 
100 95 17 
45 12 37 
7 76 13 
81 77 40 
78 50 52 
50 87 24 
72 93 1 
26 12 46 
1 10 80 
78 49 28 
70 68 97 
95 5 81 
66 58 70 
43 84 5 
3 92 90 
54 26 48 
18 80 73 
20 1 24 
16 25 32 
56 29 18 
40 71 100 
1 81 64 
21 28 38 
97 29 38 
82 5 69 
61 18 83 
43 59 4 
5 36 50 
69 56 34 
94 52 24 
69 14 52 
87 7 32 
87 43 88 
91 35 33 
32 22 82 
36 16 19 
35 78 20 
69 19 55 
70 88 90 
80 71 98 
71 89 3 
56 23 44 
65 78 2 
59 97 66 
20 30 52 
27 25 78 
96 52 11 
69 50 88 
68 1 85 
35 51 17 
82 91 59 
19 1 29 
44 51 70 
31 22 25 
78 37 80 
3 72 59 
52 87 89 
41 29 33 
72 90 58 
93 99 55 
8 36 53 
24 60 86 
46 7 47 
76 40 90 
87 53 99 
64 67 68 
18 33 9 
73 30 24 
33 93 71 
57 23 83 
41 74 30 
26 36 81 
48 35 66 
18 23 21 
55 6 14 
9 66 79 
71 46 49 
44 53 99 
4 47 8 
3 99 38 
49 3 1 
94 58 26 
23 88 6 
73 28 37 
10 43 16 
40 78 66 
22 1 24 
30 50 58 
17 80 9 
53 42 41 
89 85 10 
66 64 25 
57 12 52 
67 32 6 
81 39 31 
28 95 67 
63 41 9 
26 64 46 
83 73 19 
16 40 94 
45 13 52 
70 51 38 
47 81 84 
89 52 45 
25 74 97 
83 100 13 
87 71 67 
76 80 10 
90 16 85 
32 19 70 
20 12 13 
83 100 9 
1 91 39 
86 58 97 
3 71 65 
97 50 79 
48 61 62 
41 82 29 
50 40 73 
53 64 2 
65 19 30 
2 56 84 
10 21 65 
77 35 19 
11 79 46 
76 100 65 
17 70 21 
17 7 97 
55 47 93 
53 71 67 
78 22 57 
64 34 88 
95 43 38 
68 12 7 
39 86 42 
74 8 52 
73 66 37 
20 17 24 
74 87 80 
13 84 93 
46 48 76 
35 100 97 
89 34 97 
78 90 100 
38 25 42 
52 56 6 
82 77 92 
22 55 28 
27 12 4 
95 5 38 
74 24 1 
90 11 8 
90 74 93 
73 86 95 
44 36 59 
1 55 99 
33 99 15 
98 77 30 
28 4 54 
18 53 6 
16 3 56 
6 94 29 
53 13 37 
97 43 47 
99 74 14 
81 16 32 
14 89 36 
59 33 96 
26 15 30 
41 75 92 
15 30 81 
43 25 28 
11 58 78 
36 100 47 
52 56 1 
97 59 80 
72 63 95 
98 29 43 
5 22 41 
71 47 74 
81 2 74 
77 64 19 
3 80 76 
9 10 2 
72 18 43 
95 100 92 
45 14 28 
98 100 95 
59 35 84 
65 6 24 
42 80 39 
63 40 15 
47 66 28 
1 9 20 
43 96 92 
48 68 15 
35 34 42 
9 82 74 
72 90 40 
7 21 27 
14 69 81 
98 27 77 
45 30 39 
64 1 5 
66 85 73 
44 61 46 
34 37 31 
39 84 67 
14 100 81 
89 58 47 
55 73 3 
53 42 33 
26 63 100 
83 80 60 
52 23 81 
47 25 30 
72 80 25 
16 87 50 
51 53 4 
61 83 9 
82 20 52 
83 92 7 
97 25 96 
59 60 86 
86 84 98 
60 53 37 
87 72 95 
68 70 86 
71 60 21 
73 25 85 
27 34 100 
59 99 52 
63 6 98 
57 6 34 
94 14 38 
21 33 88 
51 91 45 
76 5 77 
31 45 95 
23 44 76 
49 17 36 
42 66 86 
16 38 87 
1 68 40 
74 60 33 
6 84 34 
47 87 44 
31 85 16 
12 46 54 
23 84 34 
7 1 12 
66 11 64 
56 44 65 
14 72 69 
71 43 49 
55 20 92 
80 98 60 
100 60 32 
8 34 35 
80 82 48 
37 61 39 
51 37 91 
74 55 51 
66 97 23 
5 79 96 
99 8 21 
43 12 51 
8 94 32 
63 40 61 
68 93 41 
8 26 98 
83 18 73 
93 99 17 
75 57 3 
22 82 31 
6 16 22 
84 81 66 
30 77 37 
45 61 90 
100 61 25 
32 81 50 
18 75 71 
24 58 27 
60 92 49 
35 10 44 
93 9 97 
27 10 33 
90 58 29 
63 43 61 
26 23 30 
73 23 22 
19 16 14 
57 93 38 
47 39 73 
49 10 60 
7 93 18 
72 88 21 
49 15 90 
68 19 88 
38 32 58 
69 75 42 
92 15 99 
57 44 51 
15 97 54 
31 40 4 
19 25 8 
48 45 68 
76 42 4 
27 24 55 
10 34 22 
30 86 48 
67 25 4 
90 58 50 
85 16 46 
32 51 42 
37 71 19 
3 69 100 
70 46 49 
43 25 51 
31 40 63 
48 56 26 
21 40 73 
35 46 36 
29 37 15 
76 70 86 
13 5 53 
84 69 9 
32 70 44 
29 59 90 
41 60 9 
98 16 29 
45 39 73 
40 8 44 
92 23 32 
23 92 84 
37 61 31 
62 33 8 
68 64 6 
94 67 76 
77 80 55 
74 61 7 
98 41 37 
75 43 18 
22 50 25 
11 17 77 
70 99 36 
97 80 48 
3 85 33 
54 62 59 
54 80 99 
63 41 78 
66 1 99 
54 49 65 
62 17 36 
92 8 33 
94 65 77 
44 52 2 
1 40 94 
36 5 4 
75 77 50 
45 27 43 
30 51 24 
88 35 5 
32 44 83 
34 51 31 
44 73 51 
62 57 95 
9 73 61 
42 13 4 
66 62 46 
88 29 47 
99 48 22 
42 47 88 
34 89 32 
21 74 72 
40 69 76 
38 14 30 
13 54 80 
90 13 11 
92 93 31 
34 31 46 
28 10 36 
74 95 6 
18 84 88 
94 66 83 
51 91 1 
76 100 35 
97 29 99 
30 99 43 
99 1 32 
44 82 93 
60 41 73 
97 7 20 
54 99 71 
43 40 31 
95 18 52 
93 29 43 
84 7 3 
75 40 37 
75 97 94 
99 39 51 
22 56 90 
56 87 36 
3 6 91 
15 80 33 
96 43 7 
64 18 26 
68 74 81 
15 9 43 
82 38 68 
87 18 70 
54 53 27 
69 79 84 
38 30 36 
5 97 67 
11 1 25 
8 18 69 
1 51 27 
76 36 16 
65 2 96 
47 97 60 
1 93 68 
97 23 12 
42 82 41 
51 75 87 
99 32 48 
75 82 49 
40 79 53 
68 50 71 
65 9 42 
96 48 45 
69 26 56 
9 7 24 
2 91 86 
96 76 63 
2 50 16 
76 56 73 
3 62 41 
97 24 12 
82 59 30 
54 96 60 
11 50 80 
52 24 13 
63 4 85 
43 28 46 
16 92 51 
76 25 41 
100 66 58 
99 14 23 
17 15 70 
20 6 1 
96 40 100 
83 8 37 
19 55 86 
10 71 68 
27 60 91 
49 98 59 
9 70 23 
53 40 7 
99 30 6 
89 61 25 
21 33 14 
67 76 79 
11 16 4 
7 32 61 
93 47 33 
10 8 16 
82 60 20 
19 29 66 
9 78 88 
92 32 9 
49 90 30 
78 1 46 
84 34 57 
6 90 28 
83 3 73 
40 67 23 
16 28 79 
20 44 93 
35 51 4 
55 17 2 
8 95 3 
11 4 37 
6 47 48 
75 48 77 
20 58 13 
75 69 78 
8 54 22 
52 19 53 
25 78 74 
60 80 87 
35 58 9 
76 71 36 
95 76 42 
51 36 63 
5 61 40 
10 25 77 
88 19 56 
9 87 47 
22 26 97 
32 27 55 
62 97 61 
73 40 16 
3 9 80 
66 31 19 
50 77 31 
68 58 67 
68 12 66 
10 33 14 
27 28 20 
52 5 32 
69 65 19 
63 94 66 
51 100 96 
42 44 14 
77 71 53 
80 68 82 
67 84 83 
26 16 53 
37 91 34 
1 70 29 
97 37 21 
11 19 67 
69 97 45 
90 66 84 
8 87 84 
44 10 3 
27 59 89 
10 22 65 
2 30 100 
42 91 85 
54 14 56 
69 70 19 
4 31 14 
86 41 64 
13 88 15 
65 84 1 
75 28 46 
38 72 76 
81 18 33 
50 47 38 
26 48 57 
36 41 43 
69 95 23 
71 34 80 
27 71 10 
99 53 83 
84 98 24 
14 80 96 
14 41 76 
7 46 24 
30 63 52 
35 66 68 
49 63 44 
7 51 28 
39 8 15 
12 50 51 
31 46 38 
69 51 41 
74 52 19 
73 63 18 
91 94 78 
71 24 72 
9 97 2 
8 71 6 
57 41 97 
84 91 80 
86 3 6 
18 62 69 
35 67 36 
3 22 47 
6 12 74 
22 60 50 
38 59 32 
52 56 47 
83 49 28 
58 77 2 
66 71 12 
12 88 29 
62 59 87 
47 27 41 
29 97 84 
45 44 23 
64 96 42 
40 7 68 
53 18 33 
70 99 63 
67 25 9 
95 84 31 
41 61 67 
50 39 33 
99 87 42 
64 97 52 
20 42 10 
15 46 87 
24 37 63 
29 3 85 
91 42 70 
52 8 29 
32 70 24 
52 5 76 
86 27 14 
94 99 23 
14 11 82 
25 33 28 
72 13 93 
66 64 78 
16 52 70 
53 93 64 
80 12 9 
73 29 38 
10 11 19 
27 58 71 
51 29 49 
1 56 53 
10 11 39 
54 30 44 
58 55 22 
67 85 89 
13 30 26 
90 88 92 
59 8 87 
75 40 26 
63 75 57 
39 97 86 
53 64 73 
47 62 67 
8 85 5 
68 85 50 
72 35 19 
32 85 37 
93 95 45 
52 14 63 
38 44 97 
81 34 21 
1 93 19 
56 8 83 
88 25 41 
34 70 37 
58 98 45 
53 73 10 
89 23 64 
29 88 59 
42 98 86 
5 87 88 
44 3 22 
65 20 8 
39 6 60 
94 37 50 
22 79 50 
27 29 15 
9 68 37 
95 73 77 
79 8 21 
5 32 43 
54 97 10 
35 10 33 
98 99 7 
16 5 31 
96 40 77 
22 84 21 
60 46 81 
20 57 80 
38 33 35 
24 20 89 
28 82 3 
57 50 13 
9 23 87 
66 99 37 
37 13 85 
77 20 82 
32 60 70 
68 66 96 
67 96 71 
5 86 37 
24 22 59 
46 93 54 
56 40 87 
8 41 50 
35 69 16 
97 26 14 
39 13 22 
83 27 90 
90 54 48 
38 26 15 
28 33 15 
16 42 98 
28 60 40 
43 55 6 
98 3 94 
75 19 85 
45 44 8 
86 62 13 
87 65 92 
15 95 10 
11 22 99 
10 88 64 
20 7 9 
68 25 76 
70 47 62 
48 45 55 
35 38 83 
89 59 22 
43 52 22 
41 76 88 
53 76 38 
62 95 47 
61 29 22 
3 14 46 
70 71 92 
52 48 79 
71 86 53 
4 88 26 
66 9 7 
22 66 45 
68 70 32 
89 97 75 
89 40 83 
39 87 85 
35 90 51 
80 10 55 
9 17 38 
5 98 50 
100 17 61 
73 37 16 
56 73 32 
32 69 8 
6 30 35 
36 19 89 
51 40 97 
97 96 47 
47 92 15 
97 78 44 
12 59 39 
18 85 33 
59 55 34 
82 43 62 
30 16 80 
5 13 32 
43 65 100 
9 35 62 
13 29 5 
32 8 14 
11 9 82 
4 78 75 
32 62 82 
35 76 97 
77 67 68 
62 97 22 
76 80 78 
77 65 69 
89 57 81 
81 70 100 
84 33 73 
2 59 40 
15 95 11 
69 29 78 
47 49 23 
3 25 64 
96 37 46 
80 59 45 
16 23 87 
70 9 96 
30 8 78 
26 2 46 
79 40 36 
73 70 16 
2 69 49 
91 5 98 
79 22 29 
38 25 91 
76 26 1 
93 27 42 
68 94 45 
29 74 14 
80 56 32 
53 92 8 
9 44 96 
49 8 21 
97 78 17 
43 11 73 
91 19 4 
75 24 57 
4 34 100 
98 5 92 
88 92 27 
26 96 5 
24 37 8 
82 45 53 
9 38 83 
94 55 85 
30 58 70 
91 3 60 
52 86 8 
59 50 94 
2 51 57 
48 9 55 
55 75 88 
4 42 47 
47 51 89 
89 81 71 
43 49 31 
5 18 47 
44 90 15 
75 17 78 
8 31 3 
94 84 21 
65 5 71 
83 20 84 
24 80 68 
58 31 44 
18 22 27 
6 86 31 
32 30 29 
30 18 90 
14 13 70 
12 16 3 
92 48 99 
23 58 9 
97 96 68 
28 94 18 
87 2 80 
81 10 68 
96 4 39 
31 34 93 
29 82 74 
90 62 55 
43 99 2 
66 38 34 
35 1 48 
5 62 45 
86 42 67 
96 88 100 
11 20 65 
43 83 65 
78 42 53 
18 1 13 
34 46 53 
57 66 55 
64 29 39 
27 16 20 
17 29 53 
40 19 84 
87 1 31 
51 91 100 
97 99 5 
78 28 91 
19 49 71 
49 99 90 
98 68 1 
1 60 30 
3 22 21 
6 79 60 
73 33 25 
2 29 73 
87 26 68 
14 67 55 
34 33 74 
23 26 35 
10 22 66 
82 66 92 
10 89 25 
40 20 59 
28 58 16 
29 74 73 
92 22 15 
45 49 31 
84 32 98 
51 63 22 
92 3 17 
46 67 55 
35 71 6 
1 11 32 
22 39 73 
11 82 38 
92 8 77 
11 56 50 
69 44 59 
42 68 35 
100 90 68 
99 32 51 
98 8 99 
3 82 11 
24 87 83 
13 25 32 
57 97 92 
13 65 91 
60 36 76 
57 80 67 
80 90 53 
91 73 56 
48 8 98 
59 58 57 
7 95 64 
36 24 90 
8 55 85 
54 100 21 
77 86 28 
96 81 78 
25 90 33 
76 11 90 
46 51 7 
90 59 87 
13 40 19 
7 29 18 
13 36 97 
21 34 73 
69 72 46 
4 34 73 
45 70 33 
89 87 84 
19 21 61 
66 65 61 
15 74 35 
37 58 17 
96 50 32 
28 58 36 
21 3 7 
16 12 80 
93 97 43 
2 13 28 
41 15 86 
24 42 5 
29 71 12 
45 37 24 
57 93 15 
32 31 78 
26 60 67 
77 58 59 
76 3 17 
26 80 1 
8 16 80 
51 25 98 
30 7 36 
35 52 48 
96 53 100 
87 76 95 
1 71 21 
69 77 84 
38 55 85 
87 36 10 
67 61 88 
88 77 56 
97 72 61 
22 1 14 
32 73 46 
43 6 32 
40 52 43 
89 29 49 
20 95 74 
31 63 90 
27 35 97 
64 96 45 
58 43 52 
51 39 56 
8 89 1 
2 80 35 
3 100 60 
9 98 85 
92 23 24 
61 75 59 
79 13 75 
61 35 81 
91 11 24 
77 86 56 
67 65 95 
92 73 35 
56 35 19 
40 51 41 
31 25 59 
93 14 28 
34 36 13 
75 37 100 
86 8 12 
92 67 11 
26 33 98 
91 26 19 
3 60 66 
72 40 9 
86 57 97 
89 5 86 
84 4 98 
9 16 87 
14 1 30 
60 58 4 
65 76 43 
3 17 4 
49 12 100 
53 20 41 
49 1 30 
29 13 54 
21 53 15 
58 51 29 
15 82 11 
47 88 89 
49 12 13 
85 91 74 
91 90 25 
66 97 18 
66 72 81 
79 20 37 
50 19 46 
95 74 96 
28 10 19 
3 61 54 
50 35 1 
75 51 29 
50 29 66 
63 96 50 
3 78 99 
47 38 20 
86 68 22 
100 14 72 
31 20 10 
85 41 7 
70 54 40 
64 39 16 
20 96 57 
100 87 34 
66 97 2 
100 64 65 
64 24 37 
99 10 57 
19 66 43 
80 26 59 
75 12 52 
8 45 95 
78 47 44 
20 40 65 
93 81 84 
95 43 13 
52 4 24 
95 88 100 
31 29 25 
18 40 97 
13 33 32 
47 84 18 
27 60 68 
25 29 61 
100 22 87 
52 64 16 
9 23 99 
66 21 23 
81 28 4 
94 97 4 
51 49 62 
60 76 38 
67 89 64 
70 4 53 
92 77 6 
69 95 3 
77 91 15 
87 74 49 
39 17 13 
61 58 96 
86 65 40 
88 4 53 
99 1 12 
23 2 48 
75 63 100 
23 37 41 
43 36 8 
75 80 51 
78 53 21 
89 33 57 
78 11 48 
74 90 26 
7 47 83 
32 24 16 
8 82 20 
48 22 79 
59 66 20 
13 39 45 
21 62 100 
11 8 34 
38 32 51 
68 99 11 
91 27 75 
60 95 2 
87 69 60 
70 96 58 
93 39 34 
81 39 8 
26 89 28 
59 1 12 
40 12 52 
89 62 11 
59 54 40 
73 22 99 
20 30 83 
64 88 31 
100 74 36 
44 51 18 
65 26 6 
62 17 30 
23 26 43 
5 71 23 
67 78 58 
47 60 77 
23 15 71 
22 13 10 
28 2 26 
10 11 42 
24 31 62 
45 51 30 
94 46 38 
24 44 75 
43 18 55 
23 88 59 
17 64 41 
20 69 84 
79 1 11 
99 100 34 
46 100 81 
58 72 48 
100 12 27 
9 92 87 
19 5 94 
52 64 31 
39 88 70 
61 93 62 
41 72 69 
1 44 47 
84 32 57 
88 77 21 
21 75 27 
45 11 52 
97 39 18 
10 71 24 
51 90 10 
80 5 86 
18 43 13 
15 64 77 
48 15 44 
92 70 49 
57 45 96 
39 17 14 
61 36 98 
91 94 24 
94 44 20 
4 50 10 
47 44 12 
28 8 5 
86 10 6 
78 47 5 
66 87 8 
89 44 51 
22 14 89 
49 56 80 
2 75 35 
12 4 17 
72 50 37 
97 45 96 
74 75 41 
9 8 37 
84 76 72 
69 16 20 
32 36 33 
94 87 34 
44 69 33 
30 35 38 
18 30 100 
73 67 38 
59 54 45 
59 4 58 
20 6 72 
27 58 37 
64 47 79 
43 66 39 
65 64 18 
23 31 91 
13 31 63 
24 60 89 
15 2 50 
31 82 85 
93 79 50 
47 20 91 
60 96 31 
31 24 86 
42 62 69 
69 52 66 
97 44 77 
24 95 66 
10 21 28 
31 48 5 
10 16 73 
38 42 81 
84 70 69 
27 33 22 
44 27 89 
17 82 77 
11 76 6 
28 80 72 
61 78 81 
78 29 89 
9 21 81 
85 28 48 
87 19 76 
77 54 65 
27 10 94 
70 49 1 
50 65 92 
30 23 80 
3 95 33 
37 57 99 
2 95 74 
87 72 27 
85 45 39 
67 70 46 
25 70 17 
27 33 5 
53 79 50 
89 50 8 
36 5 58 
42 22 61 
5 61 51 
48 52 28 
18 66 92 
31 12 95 
100 20 2 
6 92 54 
70 86 78 
49 87 44 
82 67 40 
93 86 11 
58 92 83 
90 94 4 
66 51 78 
72 48 86 
100 61 29 
33 24 51 
65 75 25 
97 76 23 
41 9 59 
90 31 94 
12 7 88 
35 19 59 
19 17 22 
99 49 36 
66 84 93 
11 39 36 
39 89 71 
93 8 96 
37 11 59 
17 60 29 
22 100 59 
62 72 31 
63 60 99 
58 99 97 
43 45 56 
59 31 48 
79 37 21 
17 26 60 
10 43 58 
48 80 9 
21 60 46 
15 92 62 
7 1 14 
55 75 62 
91 71 10 
96 3 78 
83 26 75 
51 17 52 
34 97 53 
85 92 71 
95 84 73 
2 12 6 
43 20 25 
1 99 65 
69 90 80 
8 16 64 
69 38 65 
83 22 84 
100 46 91 
12 26 38 
35 4 16 
70 41 56 
3 68 38 
52 14 100 
12 96 15 
36 67 41 
75 49 2 
12 39 57 
88 16 75 
56 26 32 
59 9 88 
19 50 9 
37 99 26 
27 39 97 
6 9 59 
85 50 82 
87 11 10 
18 23 20 
46 95 92 
17 5 57 
95 47 74 
57 9 36 
12 36 63 
31 51 89 
99 78 18 
64 69 92 
5 69 41 
47 98 80 
3 11 51 
43 92 64 
63 68 87 
89 92 8 
51 56 33 
4 82 37 
24 45 12 
3 84 38 
10 96 20 
20 93 74 
40 51 20 
46 31 56 
16 91 83 
41 20 13 
10 14 38 
87 94 89 
41 86 34 
68 19 97 
36 43 85 
68 55 27 
26 42 97 
50 91 1 
60 34 94 
9 70 87 
33 44 34 
78 46 15 
16 49 46 
94 29 96 
28 23 18 
15 24 98 
88 16 83 
42 65 10 
71 39 50 
68 72 47 
80 86 35 
92 16 36 
49 73 99 
9 97 64 
83 18 79 
14 20 67 
17 6 43 
64 10 76 
100 64 86 
3 78 65 
82 70 23 
89 98 40 
57 96 61 
96 74 5 
46 4 62 
84 69 10 
55 81 35 
75 52 23 
40 97 92 
21 72 55 
100 94 43 
83 35 46 
65 41 36 
21 1 89 
8 97 93 
65 38 76 
49 81 33 
63 15 12 
3 74 42 
32 22 23 
28 73 56 
8 95 1 
90 89 26 
10 50 21 
26 55 59 
11 71 73 
29 65 68 
7 23 38 
81 4 100 
81 25 21 
10 3 31 
98 43 28 
82 98 22 
88 95 87 
92 97 11 
48 34 90 
67 59 20 
95 4 57 
9 4 13 
64 38 18 
48 24 90 
9 29 26 
49 37 15 
38 66 68 
65 98 85 
2 4 59 
17 37 94 
17 79 64 
84 69 29 
95 54 47 
6 37 8 
44 33 52 
10 23 64 
81 68 36 
44 11 9 
74 22 94 
44 1 59 
4 9 82 
7 96 8 
36 39 28 
42 64 48 
92 20 74 
81 82 83 
43 77 26 
91 4 26 
100 23 61 
95 45 53 
30 46 9 
39 86 52 
68 78 59 
14 56 78 
87 26 66 
35 58 2 
22 92 46 
64 82 85 
68 80 88 
8 22 19 
82 63 36 
76 15 89 
68 61 15 
5 27 73 
35 22 59 
67 19 4 
80 62 26 
5 22 32 
45 38 17 
31 69 15 
62 93 39 
71 16 56 
69 67 13 
85 67 84 
3 43 72 
15 67 53 
39 60 14 
70 55 13 
3 40 19 
20 18 24 
98 19 5 
95 81 76 
13 46 89 
34 78 72 
39 35 78 
21 86 49 
48 65 60 
88 41 3 
77 59 82 
28 95 74 
24 41 93 
100 10 69 
5 91 52 
67 58 97 
64 83 41 
81 69 29 
43 78 2 
86 61 70 
5 22 91 
79 68 26 
22 82 76 
32 41 97 
50 82 38 
72 94 39 
42 84 26 
58 9 44 
12 59 33 
30 84 96 
57 22 65 
7 61 54 
6 46 24 
65 27 20 
9 99 88 
47 15 63 
75 55 94 
11 40 64 
83 71 81 
73 32 14 
43 46 71 
67 76 36 
65 64 10 
26 7 20 
68 69 14 
40 56 50 
37 80 97 
42 5 7 
6 72 19 
14 78 84 
54 85 70 
60 94 39 
54 75 61 
67 71 83 
47 3 63 
21 71 15 
48 28 61 
24 34 18 
100 68 17 
98 28 44 
80 20 82 
11 32 92 
33 77 95 
50 45 26 
17 80 7 
90 37 94 
82 31 69 
61 83 63 
31 7 22 
10 94 62 
76 19 90 
49 23 35 
42 84 93 
14 33 28 
79 23 16 
60 52 97 
56 82 94 
63 24 85 
79 63 75 
37 55 11 
91 69 62 
52 61 12 
24 78 72 
18 13 58 
39 29 68 
95 48 17 
75 41 80 
9 46 25 
16 48 14 
38 85 2 
88 85 33 
57 63 17 
26 23 10 
1 89 31 
79 98 39 
24 30 31 
63 35 76 
62 34 4 
16 71 5 
90 69 14 
65 38 64 
97 42 99 
73 70 62 
57 53 18 
22 57 95 
65 61 72 
47 23 65 
1 9 28 
76 21 27 
21 50 14 
65 4 70 
49 8 86 
68 40 72 
15 27 97 
69 91 87 
20 4 88 
10 21 41 
7 91 88 
100 5 73 
84 52 81 
35 48 58 
79 78 7 
65 95 71 
26 10 57 
89 69 85 
49 29 13 
22 90 36 
29 56 75 
19 65 55 
7 30 23 
29 72 84 
63 6 15 
44 51 54 
31 9 33 
59 50 6 
50 43 92 
43 16 52 
99 52 50 
27 16 58 
89 57 25 
9 80 40 
71 6 88 
50 66 19 
64 55 95 
7 73 92 
33 22 39 
18 72 63 
29 78 63 
66 46 70 
68 7 8 
71 4 61 
92 22 35 
77 33 65 
57 13 53 
21 15 54 
37 3 100 
24 71 92 
21 9 40 
64 23 16 
64 85 28 
82 42 68 
16 28 38 
7 66 82 
48 92 49 
2 94 73 
47 9 73 
81 65 86 
18 2 25 
23 99 42 
47 77 39 
67 71 32 
71 30 41 
30 42 8 
36 46 78 
85 97 53 
49 80 37 
83 77 49 
91 13 4 
63 58 85 
84 100 67 
95 39 19 
62 76 12 
36 9 21 
84 52 7 
97 48 40 
48 46 42 
47 28 64 
49 4 16 
51 77 31 
98 5 99 
3 45 78 
11 73 44 
73 98 88 
9 40 45 
63 17 96 
86 8 71 
50 23 38 
70 57 50 
67 61 7 
82 7 69 
75 86 15 
87 21 92 
7 22 81 
8 98 85 
65 89 14 
11 41 95 
26 73 58 
51 55 32 
41 12 20 
88 13 43 
77 64 7 
34 81 59 
93 1 46 
32 91 86 
75 24 56 
74 53 47 
42 77 33 
90 65 37 
74 54 82 
73 25 6 
43 41 20 
56 36 31 
76 1 35 
75 79 94 
35 25 54 
24 49 99 
10 37 7 
43 82 5 
40 19 52 
10 34 20 
58 53 52 
10 50 2 
3 71 15 
57 47 4 
24 85 11 
61 73 16 
97 1 22 
51 8 22 
55 86 78 
57 76 83 
26 74 35 
54 5 44 
13 82 39 
96 38 50 
2 94 30 
11 48 57 
4 78 69 
10 22 91 
37 64 42 
3 71 91 
28 74 21 
28 19 42 
35 95 5 
71 24 45 
26 59 21 
29 55 4 
51 20 92 
20 57 16 
19 8 78 
76 71 5 
8 45 98 
85 51 7 
16 56 46 
85 18 44 
91 67 11 
49 54 89 
30 55 37 
2 80 76 
80 98 29 
71 33 96 
70 57 47 
95 32 46 
92 68 80 
14 68 40 
66 33 25 
54 72 52 
6 66 98 
24 82 95 
61 84 95 
7 4 47 
29 63 50 
68 26 71 
2 54 38 
13 51 43 
84 33 55 
70 35 59 
67 65 2 
73 86 53 
92 2 18 
93 44 95 
82 7 10 
81 45 18 
6 50 31 
8 70 10 
22 86 29 
96 14 40 
59 10 83 
94 84 57 
6 11 91 
45 73 87 
77 8 12 
35 1 90 
13 20 98 
58 15 45 
47 32 9 
99 80 5 
55 23 73 
63 95 23 
53 39 42 
2 13 84 
36 65 48 
43 22 68 
80 32 86 
30 9 54 
31 27 39 
18 15 71 
76 44 73 
71 52 80 
7 26 97 
6 55 69 
52 10 31 
28 75 13 
72 36 23 
13 44 76 
34 47 51 
5 57 58 
14 89 43 
72 32 78 
24 39 41 
67 10 24 
50 53 21 
82 22 87 
65 73 83 
53 22 38 
66 83 61 
39 100 4 
47 66 35 
40 39 66 
1 47 85 
42 35 66 
56 49 92 
9 16 13 
42 63 52 
12 40 11 
60 23 12 
73 19 90 
21 31 72 
19 70 5 
35 23 2 
22 28 79 
67 17 13 
91 3 25 
45 65 19 
63 24 88 
35 52 96 
31 16 74 
53 49 47 
23 48 20 
19 54 80 
96 63 74 
50 82 95 
9 94 35 
46 9 70 
48 58 86 
70 80 13 
98 34 44 
32 90 48 
89 94 68 
97 59 81 
22 60 68 
21 7 59 
13 78 65 
2 91 50 
86 16 13 
88 16 92 
45 55 41 
8 66 56 
74 25 4 
76 90 56 
93 25 38 
26 96 24 
20 95 22 
80 64 14 
2 75 63 
89 43 97 
36 51 7 
62 7 12 
3 98 49 
91 5 23 
63 35 27 
78 8 52 
66 79 93 
99 11 18 
70 72 76 
39 80 18 
18 4 16 
84 19 70 
27 15 6 
9 57 89 
61 60 26 
66 13 85 
59 51 9 
41 37 26 
81 82 60 
21 29 25 
83 70 84 
70 88 100 
35 26 51 
20 97 59 
22 36 63 
98 32 6 
32 78 20 
66 72 65 
35 96 86 
39 3 51 
45 9 77 
92 35 70 
89 85 92 
31 54 39 
86 30 65 
5 56 58 
41 72 58 
39 27 86 
71 1 97 
56 45 33 
76 61 90 
27 87 51 
32 58 61 
85 70 82 
43 63 37 
47 17 52 
60 14 19 
21 17 23 
84 26 74 
79 71 61 
84 95 92 
16 1 84 
64 50 97 
14 20 79 
92 29 14 
3 8 18 
46 100 39 
20 45 71 
35 91 43 
91 90 39 
70 49 52 
29 97 51 
49 86 51 
89 12 48 
57 72 100 
39 60 31 
27 79 94 
39 16 78 
17 33 20 
83 73 70 
55 16 10 
19 17 14 
95 42 80 
26 20 44 
83 26 82 
94 13 80 
38 12 28 
92 78 5 
5 20 83 
6 88 62 
57 89 65 
25 21 74 
93 88 9 
10 31 7 
8 34 67 
72 40 28 
17 63 42 
31 90 34 
20 29 18 
67 72 3 
13 7 37 
54 50 29 
26 25 82 
66 81 29 
28 70 7 
42 79 58 
47 64 67 
98 77 22 
84 55 56 
87 22 31 
53 80 67 
41 22 91 
95 75 53 
14 55 28 
30 98 45 
2 9 99 
90 85 89 
51 48 36 
18 15 30 
66 94 47 
27 11 40 
56 18 25 
10 21 47 
51 81 44 
72 46 22 
97 37 74 
71 23 39 
44 50 69 
83 7 52 
34 59 44 
2 7 19 
24 73 98 
30 91 48 
90 87 2 
80 67 18 
5 24 74 
49 56 16 
20 55 37 
35 29 78 
59 23 81 
95 73 83 
88 97 45 
62 61 26 
21 55 31 
6 61 35 
83 29 7 
78 76 59 
70 78 58 
13 36 43 
76 75 17 
45 60 77 
49 32 31 
62 88 26 
72 50 8 
90 65 53 
31 69 27 
17 22 51 
66 62 1 
6 80 32 
47 18 31 
13 2 81 
83 43 82 
5 36 27 
25 62 78 
54 98 24 
59 81 27 
45 17 70 
81 7 43 
5 43 81 
79 44 86 
65 27 97 
61 22 15 
26 55 4 
26 15 20 
91 13 95 
72 53 26 
39 50 75 
19 64 80 
36 9 95 
3 92 55 
8 55 94 
60 61 80 
85 81 80 
39 65 57 
60 73 55 
21 69 23 
41 34 66 
65 39 99 
26 17 46 
53 15 50 
56 6 38 
29 51 32 
33 31 74 
75 59 3 
98 27 42 
77 91 49 
20 79 45 
93 95 40 
14 65 82 
2 86 52 
88 78 37 
98 27 66 
57 83 51 
21 88 5 
53 47 2 
8 50 14 
56 10 66 
20 13 5 
92 17 79 
2 100 4 
100 64 3 
66 93 22 
28 39 83 
55 76 95 
6 53 13 
19 1 14 
77 37 86 
64 84 49 
65 26 4 
72 46 41 
12 29 87 
46 33 49 
44 63 5 
32 60 90 
100 17 93 
73 95 9 
74 21 50 
18 54 31 
87 31 80 
24 60 85 
2 25 100 
91 78 97 
84 36 71 
52 8 21 
67 98 83 
40 18 44 
22 97 64 
35 20 75 
27 90 71 
19 48 24 
73 14 69 
19 58 10 
97 41 96 
81 90 27 
57 12 53 
81 29 11 
41 61 55 
62 97 45 
57 87 24 
53 14 56 
42 92 64 
10 55 44 
88 70 84 
77 100 29 
25 87 93 
5 19 21 
39 99 70 
30 36 50 
74 93 64 
43 77 84 
15 75 77 
96 100 15 
10 84 49 
17 64 67 
27 41 53 
33 78 36 
10 87 90 
71 80 37 
88 43 47 
38 14 21 
24 90 47 
68 29 88 
17 84 82 
89 62 8 
65 97 67 
72 42 19 
35 94 6 
33 27 48 
66 49 81 
14 15 7 
90 96 94 
50 60 3 
42 51 58 
45 14 68 
13 83 2 
36 63 57 
18 23 31 
81 23 27 
57 46 100 
17 53 4 
90 16 86 
68 54 20 
57 38 72 
97 5 36 
94 39 29 
87 23 91 
31 68 27 
55 66 79 
34 66 52 
1 24 68 
30 47 97 
17 72 3 
40 74 30 
81 51 76 
79 19 42 
84 92 21 
91 2 63 
13 41 43 
21 60 36 
5 21 99 
42 6 5 
98 99 82 
86 62 51 
77 43 73 
8 74 73 
89 85 38 
40 71 76 
93 38 37 
14 91 53 
83 80 98 
63 85 47 
47 17 61 
87 75 13 
41 24 48 
26 100 36 
33 19 54 
9 8 45 
70 43 71 
5 27 96 
44 27 46 
17 40 13 
37 68 2 
21 84 8 
50 4 73 
42 14 59 
48 99 64 
35 39 71 
98 24 69 
70 48 23 
40 29 62 
68 83 97 
53 1 93 
6 44 85 
56 36 28 
44 16 63 
67 26 58 
38 69 90 
10 67 46 
97 10 74 
5 17 68 
85 79 46 
70 88 66 
1 98 91 
79 72 66 
86 93 92 
56 13 46 
55 63 16 
98 22 95 
12 88 23 
60 35 99 
79 40 27 
38 59 68 
14 97 11 
13 2 88 
29 31 64 
32 86 25 
52 39 12 
42 74 70 
87 45 25 
58 52 41 
46 95 60 
72 74 62 
97 44 43 
52 37 97 
15 51 89 
80 66 3 
89 97 57 
99 11 23 
43 62 10 
33 46 89 
30 84 15 
47 33 10 
73 20 74 
58 27 77 
35 10 34 
50 100 47 
70 38 88 
2 86 44 
65 55 75 
80 86 7 
37 77 12 
27 19 72 
66 85 22 
82 58 47 
15 25 6 
99 17 78 
12 82 93 
55 88 68 
58 99 88 
13 59 30 
63 19 81 
65 18 21 
67 78 7 
33 99 29 
16 48 17 
4 99 44 
54 44 15 
11 61 49 
8 57 31 
16 50 54 
37 54 60 
17 73 53 
66 2 15 
20 49 40 
100 21 22 
14 89 19 
52 7 14 
26 43 57 
89 79 75 
23 41 63 
55 4 86 
20 71 22 
52 39 32 
36 64 91 
71 68 93 
74 5 56 
93 7 88 
27 25 46 
98 92 13 
99 31 55 
17 29 31 
74 24 16 
4 10 21 
67 41 60 
47 17 12 
75 34 41 
65 80 70 
96 44 99 
8 80 85 
96 9 34 
19 98 55 
71 58 45 
49 55 84 
25 6 94 
92 37 19 
19 82 80 
69 80 45 
26 100 75 
75 90 4 
78 1 54 
23 44 10 
7 95 36 
100 73 16 
7 50 99 
42 3 55 
19 44 22 
37 27 55 
63 39 32 
35 54 75 
5 72 81 
69 13 80 
54 93 72 
91 19 96 
13 3 78 
24 38 57 
84 9 12 
77 40 93 
