1000
100000
76 62 82 
12 54 46 
25 65 28 
22 31 12 
82 74 79 
18 31 23 
38 72 76 
1 65 24 
82 50 85 
62 28 16 
34 38 53 
29 42 72 
75 58 55 
54 32 22 
61 63 68 
28 26 60 
50 20 25 
17 13 44 
47 60 27 
25 8 27 
56 4 78 
25 76 48 
3 24 25 
73 41 60 
52 39 49 
56 4 26 
64 30 31 
13 14 21 
75 24 56 
38 49 72 
76 36 62 
12 65 30 
49 46 16 
20 2 39 
26 15 20 
56 79 82 
85 1 70 
46 84 71 
51 76 81 
38 58 9 
66 2 41 
64 16 39 
1 22 24 
35 47 4 
35 60 11 
36 9 21 
52 64 55 
66 7 9 
10 21 50 
66 37 15 
28 29 26 
32 4 75 
79 85 46 
7 67 75 
26 85 43 
31 24 70 
71 23 27 
31 23 73 
30 48 15 
82 19 80 
17 69 49 
49 54 8 
38 51 32 
70 45 47 
50 8 74 
50 12 42 
68 35 66 
15 75 77 
42 4 13 
69 40 19 
58 18 81 
12 59 72 
14 76 36 
14 34 40 
65 42 77 
6 57 45 
57 40 38 
5 13 53 
8 27 32 
57 5 11 
7 37 6 
8 37 24 
41 40 51 
7 23 62 
81 80 35 
50 38 82 
12 17 4 
17 43 27 
64 74 39 
63 43 82 
67 71 45 
18 83 63 
82 70 79 
54 80 11 
10 47 83 
26 82 61 
42 24 5 
70 66 38 
6 12 26 
65 46 49 
75 51 29 
59 77 58 
22 35 59 
60 77 45 
24 44 75 
64 6 25 
49 80 56 
12 86 8 
9 71 57 
56 74 25 
35 27 6 
24 13 55 
28 27 43 
36 62 61 
70 66 46 
45 10 43 
24 41 66 
33 9 31 
25 17 70 
12 20 67 
5 19 50 
66 2 15 
70 46 9 
31 82 69 
20 11 2 
12 17 19 
80 5 71 
69 31 16 
42 62 65 
3 15 26 
54 13 29 
65 46 64 
15 85 12 
21 26 77 
25 4 27 
25 71 69 
16 65 25 
42 82 26 
24 8 28 
76 52 69 
77 12 42 
84 62 44 
12 81 47 
47 4 7 
39 44 8 
16 82 63 
78 8 85 
17 35 75 
26 57 72 
76 37 72 
68 72 69 
64 6 19 
11 28 12 
40 62 80 
66 12 27 
27 12 28 
72 8 83 
16 61 79 
24 37 64 
46 47 7 
50 43 4 
73 46 78 
15 12 63 
73 68 25 
41 72 69 
45 27 47 
27 38 39 
62 15 27 
49 36 51 
51 1 15 
49 60 10 
14 28 45 
11 15 82 
66 83 61 
70 57 50 
22 81 55 
37 71 46 
51 33 66 
11 15 45 
46 22 5 
44 54 19 
33 44 42 
78 41 25 
25 47 78 
27 67 85 
67 3 19 
79 84 32 
51 56 70 
22 19 8 
62 70 73 
59 29 30 
33 81 26 
48 7 69 
33 77 70 
17 51 52 
62 17 5 
39 22 33 
70 66 62 
65 31 59 
62 30 1 
81 41 71 
27 13 9 
47 71 80 
69 72 14 
25 8 19 
85 69 66 
29 26 51 
26 5 20 
6 8 41 
85 66 13 
51 54 3 
74 84 53 
82 23 1 
65 77 54 
73 77 43 
21 27 7 
75 40 37 
41 30 71 
60 67 46 
67 77 12 
85 56 59 
58 66 70 
55 81 15 
25 78 62 
26 60 61 
69 74 8 
58 67 75 
26 10 23 
23 47 65 
54 1 28 
12 32 33 
31 85 82 
22 16 15 
2 7 1 
21 25 74 
45 65 14 
24 71 45 
72 20 79 
75 25 62 
48 51 30 
36 52 72 
56 31 40 
44 48 11 
20 47 21 
13 6 48 
24 76 47 
81 72 66 
1 17 9 
11 66 64 
63 83 11 
10 44 70 
76 1 73 
56 17 77 
61 38 53 
81 21 9 
85 7 51 
32 16 25 
34 50 78 
46 44 51 
67 81 36 
67 18 23 
35 85 33 
35 22 8 
33 26 30 
11 13 23 
63 49 62 
72 1 16 
45 28 34 
20 11 12 
49 62 25 
45 60 22 
56 42 40 
19 76 8 
8 3 32 
68 66 72 
44 1 76 
10 86 6 
69 78 6 
40 86 46 
74 30 40 
68 54 11 
30 47 70 
17 45 70 
1 11 25 
9 57 51 
83 22 84 
67 32 6 
78 3 49 
47 82 54 
53 47 78 
19 33 57 
5 85 8 
46 27 34 
62 14 2 
62 77 43 
56 16 69 
25 42 35 
26 15 38 
73 45 74 
26 28 25 
74 77 55 
80 77 55 
50 62 14 
49 57 45 
21 65 2 
56 31 57 
1 73 25 
12 3 79 
85 48 28 
42 52 85 
59 8 45 
72 35 19 
2 43 25 
18 81 63 
75 34 4 
9 42 30 
15 86 14 
78 43 2 
8 39 78 
15 18 83 
11 48 29 
9 46 84 
77 50 75 
66 78 51 
67 42 74 
84 41 15 
51 57 4 
55 10 80 
27 29 57 
40 58 48 
36 73 51 
66 67 29 
58 52 41 
40 19 3 
17 39 13 
54 57 36 
33 28 14 
33 80 48 
45 48 68 
72 38 57 
84 59 35 
3 84 7 
60 29 67 
78 44 47 
56 44 5 
34 7 29 
60 67 48 
42 44 78 
51 12 7 
33 85 12 
77 84 53 
30 15 81 
14 23 69 
83 34 2 
11 24 64 
81 35 71 
75 60 45 
68 52 45 
53 48 49 
85 63 47 
66 32 23 
3 5 26 
42 70 7 
38 11 85 
74 78 25 
32 81 56 
23 44 45 
82 37 12 
18 44 10 
62 31 14 
42 74 70 
19 55 65 
61 22 81 
21 73 5 
61 67 41 
58 78 24 
12 4 61 
59 83 74 
33 47 83 
33 18 9 
5 19 21 
62 11 37 
33 14 21 
74 1 24 
44 64 41 
7 25 46 
84 37 6 
6 5 86 
80 62 12 
29 68 39 
22 66 55 
80 13 64 
4 29 66 
85 68 50 
39 84 74 
21 66 62 
2 8 23 
51 67 1 
52 56 59 
13 31 28 
73 84 33 
79 52 48 
68 59 6 
7 31 22 
47 66 24 
75 65 37 
54 32 57 
15 33 75 
19 37 11 
21 81 65 
45 17 82 
28 48 53 
66 64 78 
7 86 20 
58 50 57 
59 19 82 
28 70 6 
75 62 61 
50 35 17 
33 22 27 
66 37 77 
21 18 65 
42 7 54 
48 52 13 
57 4 34 
46 41 44 
73 62 17 
60 46 81 
80 76 28 
57 55 66 
43 58 4 
70 83 73 
68 7 51 
60 66 2 
43 68 22 
46 34 4 
70 15 72 
4 44 64 
52 1 71 
18 11 43 
14 48 85 
39 34 5 
14 84 27 
33 47 10 
21 49 53 
54 11 37 
32 36 33 
45 58 73 
53 60 40 
10 34 45 
12 31 72 
67 41 36 
30 68 16 
80 59 53 
25 58 27 
10 22 54 
75 57 63 
6 73 25 
35 38 83 
7 52 61 
83 16 39 
68 74 38 
64 44 19 
26 10 7 
74 6 78 
65 55 8 
28 49 59 
59 42 20 
41 48 19 
24 15 1 
42 4 68 
61 40 13 
64 19 10 
85 29 72 
74 45 17 
11 69 66 
27 44 46 
21 49 86 
45 35 7 
16 81 43 
15 38 22 
53 13 14 
1 23 64 
62 43 78 
59 33 9 
54 25 27 
34 5 48 
2 27 33 
63 49 17 
77 11 31 
47 27 48 
22 9 29 
4 80 50 
80 8 65 
57 12 21 
11 37 41 
43 66 54 
74 33 75 
37 21 70 
64 17 41 
15 46 78 
23 14 58 
12 36 56 
3 1 52 
78 50 11 
47 7 62 
20 37 26 
4 5 36 
59 3 50 
28 43 75 
6 60 39 
23 13 38 
69 18 36 
13 68 16 
22 15 27 
26 44 49 
3 14 41 
71 22 15 
20 30 45 
41 6 65 
67 81 60 
17 67 13 
70 59 12 
79 68 26 
68 72 40 
25 15 4 
71 16 5 
79 1 50 
59 14 42 
46 24 15 
74 31 33 
55 1 81 
35 33 4 
45 35 18 
36 85 42 
47 80 8 
81 66 84 
63 51 49 
20 39 16 
32 47 9 
76 32 84 
20 85 38 
39 35 76 
74 27 36 
24 4 5 
80 67 44 
75 5 62 
20 85 77 
62 34 4 
39 27 42 
17 57 51 
60 15 64 
68 62 17 
18 68 21 
61 66 51 
31 22 51 
12 20 64 
25 82 42 
5 20 83 
40 22 2 
22 16 18 
47 10 4 
16 73 40 
6 13 47 
27 29 72 
52 51 28 
13 58 18 
31 19 39 
57 7 24 
16 7 48 
28 62 53 
5 14 8 
40 42 77 
39 63 32 
75 52 23 
84 32 57 
32 73 80 
68 67 63 
11 84 82 
39 36 44 
29 71 56 
66 23 1 
77 29 22 
3 73 42 
64 45 83 
79 25 13 
7 57 68 
14 33 69 
72 26 18 
36 65 41 
17 38 56 
50 44 3 
64 15 4 
45 41 33 
35 16 65 
19 70 32 
77 42 33 
48 51 36 
52 82 73 
3 76 17 
34 78 72 
32 81 50 
14 36 62 
58 83 67 
65 44 56 
84 60 34 
16 43 32 
1 76 39 
61 48 56 
74 35 23 
42 52 38 
40 15 37 
38 67 73 
46 55 14 
39 45 75 
24 10 12 
15 17 13 
7 43 78 
55 73 23 
15 59 79 
65 47 36 
52 56 75 
37 33 62 
42 47 50 
49 2 69 
33 38 35 
51 30 77 
64 2 28 
61 71 4 
23 9 16 
77 39 35 
43 60 22 
59 3 53 
32 51 29 
2 21 78 
14 2 17 
67 9 25 
33 46 50 
83 41 16 
65 54 59 
3 39 75 
27 58 24 
27 57 61 
78 16 39 
79 20 49 
70 43 71 
42 85 28 
22 33 83 
63 8 47 
80 71 34 
27 73 48 
80 85 81 
32 66 47 
38 63 3 
52 20 55 
20 12 58 
84 7 68 
14 61 63 
64 34 25 
65 62 56 
24 68 80 
65 33 52 
39 35 71 
13 32 5 
39 29 65 
11 47 72 
28 52 11 
15 34 75 
74 36 78 
7 80 17 
11 58 83 
10 32 17 
29 80 13 
69 42 75 
34 42 15 
76 75 79 
54 61 75 
23 21 17 
78 6 7 
35 65 17 
38 65 33 
26 11 13 
34 35 72 
22 55 30 
46 9 6 
19 45 79 
43 18 68 
41 54 24 
38 30 48 
22 48 13 
9 61 75 
82 4 9 
64 43 23 
51 78 53 
74 33 34 
25 76 41 
39 24 51 
20 74 66 
30 63 41 
14 21 66 
28 5 29 
48 74 41 
22 51 8 
41 4 40 
72 36 23 
8 48 12 
12 58 1 
33 25 28 
45 3 81 
52 29 66 
30 21 65 
52 64 16 
43 71 55 
80 4 68 
42 5 6 
67 23 5 
28 19 47 
72 20 6 
76 82 70 
32 62 46 
70 16 49 
2 63 6 
81 26 2 
18 55 45 
77 20 82 
17 29 53 
38 76 13 
65 9 71 
42 44 5 
80 10 57 
77 40 79 
1 4 3 
20 58 84 
16 31 18 
37 22 63 
12 31 34 
45 43 54 
26 65 38 
74 47 41 
71 78 14 
33 48 75 
16 67 76 
78 28 49 
68 60 22 
57 78 66 
7 1 75 
75 2 63 
41 32 2 
64 12 15 
75 68 42 
48 35 52 
20 6 7 
13 60 42 
18 19 22 
25 8 11 
83 42 23 
48 84 70 
44 80 49 
49 52 61 
23 7 48 
17 55 53 
15 11 16 
74 75 70 
14 11 65 
72 54 52 
49 73 85 
43 80 2 
71 22 17 
16 18 11 
35 44 56 
64 47 67 
78 36 34 
59 35 19 
1 78 74 
59 13 57 
21 31 6 
52 23 81 
70 82 23 
79 36 58 
62 11 14 
69 43 74 
40 9 10 
51 3 11 
84 69 21 
5 65 24 
24 21 31 
64 21 5 
76 78 80 
52 51 37 
70 41 56 
21 7 3 
19 26 69 
41 12 3 
34 1 15 
13 42 37 
78 32 9 
63 69 22 
24 18 20 
34 51 31 
50 37 3 
73 7 60 
63 83 64 
78 20 25 
71 19 15 
21 8 13 
70 65 17 
61 14 59 
7 4 9 
35 8 34 
40 45 61 
61 65 72 
38 47 50 
54 76 3 
8 67 4 
62 43 82 
76 68 46 
45 38 26 
39 11 33 
3 12 7 
61 62 48 
59 54 40 
2 10 9 
83 9 38 
20 56 59 
6 58 15 
62 10 22 
26 71 63 
61 77 66 
34 73 4 
77 30 37 
34 11 73 
36 80 55 
56 78 14 
29 83 75 
68 40 60 
26 58 52 
64 72 73 
54 66 46 
2 15 7 
24 18 15 
40 60 4 
31 80 41 
11 12 1 
11 78 58 
61 46 44 
78 85 65 
28 38 34 
26 2 28 
32 78 58 
66 17 7 
79 9 50 
19 29 1 
27 80 46 
26 23 13 
20 17 15 
57 9 36 
67 77 8 
38 77 80 
79 60 58 
63 82 67 
63 85 77 
73 3 59 
43 41 80 
61 82 73 
73 82 68 
49 6 55 
84 50 32 
67 3 72 
70 66 16 
57 71 62 
42 14 3 
51 27 74 
9 79 10 
49 23 32 
34 86 41 
7 85 4 
46 11 16 
17 39 25 
5 82 69 
13 62 75 
14 32 79 
14 21 62 
2 18 14 
45 81 18 
59 30 32 
74 80 81 
64 4 66 
51 80 48 
81 45 76 
77 15 29 
40 43 21 
1 30 14 
9 58 47 
4 3 17 
21 10 28 
56 39 57 
59 10 26 
11 10 39 
17 32 7 
36 51 63 
10 76 5 
21 55 72 
70 60 23 
5 60 57 
10 55 44 
72 63 18 
10 68 35 
45 38 57 
27 5 75 
6 7 26 
72 54 74 
54 71 5 
54 22 26 
27 86 14 
16 30 2 
30 75 16 
43 26 81 
83 55 24 
2 9 40 
53 39 32 
13 25 32 
61 81 40 
28 63 4 
71 78 15 
79 43 71 
72 57 25 
71 31 20 
24 70 81 
75 29 58 
39 16 71 
55 66 26 
14 51 29 
42 38 81 
67 83 43 
4 61 10 
24 28 74 
85 30 67 
54 6 2 
13 58 52 
8 32 77 
27 28 20 
60 8 6 
20 10 73 
61 22 43 
82 81 41 
34 22 71 
51 83 68 
83 23 57 
3 14 57 
32 26 37 
62 9 1 
30 86 37 
18 47 23 
76 69 40 
54 30 9 
56 26 45 
45 37 12 
3 19 15 
45 30 33 
37 81 28 
77 45 30 
44 51 70 
25 36 10 
8 21 56 
21 4 86 
61 53 55 
53 28 60 
43 73 11 
84 38 33 
69 81 14 
53 62 34 
10 85 8 
6 42 66 
75 36 61 
37 19 85 
51 22 80 
2 25 72 
12 37 39 
52 62 50 
3 60 61 
41 24 62 
68 8 74 
1 65 84 
40 21 16 
20 81 29 
8 74 73 
8 19 78 
74 34 19 
58 53 52 
34 28 7 
6 64 70 
81 84 42 
20 12 15 
28 70 7 
15 77 64 
36 70 18 
64 36 9 
17 21 81 
16 12 55 
85 50 17 
