1000
100000
2 80 43 
74 78 36 
40 69 19 
10 45 34 
56 38 17 
51 76 81 
7 62 47 
27 58 24 
61 62 48 
54 75 61 
23 71 27 
56 41 70 
48 38 30 
59 13 57 
21 16 40 
30 9 42 
86 30 37 
21 4 86 
59 30 32 
76 38 13 
8 51 22 
70 82 23 
81 66 84 
63 43 82 
14 45 65 
7 57 24 
45 39 75 
41 12 3 
41 58 52 
85 66 13 
85 68 50 
20 42 59 
21 6 31 
3 17 4 
38 40 57 
35 44 56 
74 42 67 
50 82 38 
49 38 72 
65 52 33 
7 12 51 
24 45 71 
15 18 83 
33 66 51 
67 83 58 
79 20 72 
38 77 80 
33 84 73 
34 36 78 
21 13 14 
72 37 76 
79 68 26 
13 26 23 
15 17 13 
73 4 34 
37 32 26 
8 49 54 
78 51 66 
50 38 47 
32 79 14 
62 2 14 
77 59 58 
68 45 48 
12 37 45 
66 68 35 
84 60 34 
61 7 52 
65 55 19 
16 32 43 
54 11 37 
63 51 49 
22 84 83 
54 66 46 
59 22 35 
12 79 3 
29 19 1 
78 47 53 
5 82 69 
5 34 48 
20 26 15 
48 84 70 
33 9 31 
10 43 45 
81 42 38 
23 58 14 
20 25 50 
15 58 6 
43 45 54 
65 42 62 
19 47 28 
25 28 33 
48 58 40 
78 8 39 
79 46 85 
3 7 21 
50 57 58 
36 72 52 
35 60 11 
70 82 76 
78 44 47 
85 38 11 
46 25 7 
57 62 71 
52 17 51 
29 30 59 
22 8 35 
26 38 65 
7 26 6 
67 38 73 
75 76 79 
13 53 14 
18 24 15 
37 46 71 
40 15 37 
6 9 46 
1 30 62 
60 67 48 
16 69 31 
70 16 49 
33 45 30 
51 1 67 
15 64 60 
86 34 41 
32 50 84 
34 35 8 
62 27 15 
48 51 36 
11 43 73 
33 77 70 
7 84 68 
20 5 26 
2 39 20 
9 65 71 
61 72 65 
17 21 81 
76 82 62 
20 56 59 
26 42 82 
33 74 75 
20 15 12 
12 58 1 
24 5 65 
74 80 81 
68 46 76 
28 45 34 
68 69 72 
45 73 58 
17 71 22 
26 49 44 
15 46 78 
8 86 12 
45 38 26 
65 64 46 
71 26 63 
5 44 56 
1 28 54 
29 67 60 
16 40 73 
52 48 35 
17 39 25 
61 22 81 
9 64 36 
54 22 10 
51 70 56 
52 48 13 
46 62 32 
29 66 4 
69 81 14 
23 31 18 
12 80 62 
79 52 48 
11 16 46 
86 40 46 
77 45 60 
23 67 18 
3 57 14 
54 76 3 
46 81 60 
15 45 11 
45 18 35 
56 8 21 
54 19 44 
62 5 17 
61 40 81 
45 18 55 
21 74 25 
64 6 70 
13 75 62 
46 24 15 
28 45 14 
63 82 67 
32 23 66 
83 47 10 
68 43 18 
35 75 17 
51 53 78 
21 49 86 
30 67 85 
26 33 81 
39 75 3 
25 76 48 
1 7 2 
78 56 4 
36 57 9 
3 4 1 
68 60 40 
25 9 67 
11 31 77 
5 75 27 
44 41 64 
12 42 50 
54 26 22 
57 45 6 
21 8 13 
72 66 68 
56 4 26 
4 57 34 
14 1 30 
26 77 21 
29 17 53 
15 3 19 
3 42 73 
27 74 36 
45 33 41 
56 42 40 
82 85 31 
36 51 63 
26 43 85 
73 25 1 
62 23 7 
8 27 32 
24 42 5 
77 82 20 
34 71 80 
43 69 74 
5 54 71 
56 75 52 
70 45 17 
46 4 34 
15 1 24 
77 8 67 
84 1 65 
50 5 19 
82 56 79 
13 80 64 
21 78 2 
10 8 85 
48 22 13 
29 66 52 
75 83 29 
64 4 66 
84 33 38 
69 6 78 
12 72 31 
47 45 27 
50 1 79 
50 3 37 
42 5 44 
58 29 75 
65 8 80 
24 64 37 
9 75 61 
59 80 53 
28 29 26 
7 85 4 
38 23 13 
67 4 8 
73 34 11 
18 11 43 
22 16 18 
35 45 7 
12 32 33 
15 78 71 
44 64 4 
1 25 11 
57 45 38 
78 43 62 
13 79 25 
72 85 29 
77 65 54 
10 26 59 
41 11 37 
27 67 85 
75 7 1 
65 33 38 
80 71 47 
2 65 21 
52 81 23 
1 15 51 
82 9 4 
7 28 70 
60 41 73 
63 11 83 
40 60 4 
68 52 45 
78 43 7 
25 20 78 
47 11 72 
44 55 10 
13 31 28 
57 10 80 
61 59 14 
2 72 25 
61 45 40 
51 44 70 
54 47 82 
73 23 31 
77 8 32 
56 36 12 
82 84 11 
32 6 67 
59 12 70 
63 8 47 
78 25 41 
57 72 26 
34 74 33 
20 27 28 
44 46 27 
77 61 66 
32 47 9 
24 41 54 
36 23 72 
53 58 52 
65 70 17 
75 50 77 
49 2 69 
26 72 18 
48 15 30 
59 49 28 
25 2 43 
10 60 49 
6 25 64 
9 1 17 
79 61 16 
59 3 53 
38 15 26 
33 27 22 
77 56 17 
37 62 33 
8 5 14 
84 41 15 
35 33 85 
1 52 3 
46 55 14 
52 82 73 
77 30 37 
17 13 39 
43 77 73 
44 41 46 
30 65 21 
11 62 37 
79 71 43 
84 35 59 
65 59 31 
78 50 11 
13 58 52 
66 9 7 
76 3 17 
82 81 41 
41 48 74 
54 32 57 
19 64 44 
31 71 20 
65 44 56 
16 28 62 
55 66 26 
33 47 10 
57 25 72 
10 18 44 
29 13 80 
21 20 47 
75 15 77 
28 24 74 
2 10 9 
84 32 57 
56 16 69 
42 33 44 
66 2 15 
12 26 6 
83 35 38 
61 36 62 
2 40 9 
54 27 25 
77 39 35 
24 31 21 
6 63 2 
58 70 66 
59 3 73 
21 5 19 
66 81 72 
49 80 56 
36 42 85 
48 30 51 
78 56 14 
20 38 85 
23 1 66 
4 61 71 
3 11 51 
22 31 12 
82 74 79 
70 44 10 
29 77 15 
68 59 6 
47 66 24 
6 2 54 
73 23 55 
44 17 13 
84 20 58 
18 47 23 
65 41 36 
48 23 7 
4 36 5 
76 44 1 
29 7 34 
80 55 77 
34 39 5 
80 76 28 
20 45 30 
16 39 78 
64 83 63 
15 71 22 
78 65 85 
85 28 42 
73 36 51 
70 7 42 
36 58 79 
61 48 56 
17 10 32 
54 59 65 
38 39 27 
68 7 51 
32 4 75 
60 23 70 
45 83 64 
23 21 17 
60 6 8 
82 12 37 
44 24 75 
24 75 56 
33 46 50 
55 66 57 
27 25 8 
11 66 64 
25 78 74 
65 29 39 
10 19 64 
29 57 27 
32 66 47 
28 25 26 
74 1 78 
64 28 2 
57 17 51 
16 81 43 
43 81 26 
75 57 63 
60 66 2 
65 6 41 
66 14 21 
65 49 46 
28 48 85 
40 34 14 
56 57 39 
42 6 66 
13 29 54 
4 42 13 
50 43 4 
74 73 45 
12 27 28 
49 36 51 
63 32 39 
85 48 14 
41 4 40 
48 53 49 
28 65 25 
43 28 27 
13 55 24 
53 28 60 
81 21 9 
52 64 55 
27 60 47 
37 6 7 
78 58 32 
61 26 82 
76 78 80 
6 47 13 
14 28 33 
25 16 65 
55 22 81 
57 66 78 
78 62 25 
63 17 49 
8 3 32 
7 2 15 
22 33 83 
65 47 36 
14 11 65 
81 29 20 
49 62 25 
24 31 70 
42 72 29 
52 26 58 
53 62 34 
79 58 60 
6 20 7 
48 7 69 
1 12 11 
52 11 28 
40 42 77 
63 72 18 
52 76 69 
44 67 80 
25 10 36 
71 41 30 
17 35 65 
72 73 64 
5 85 8 
11 39 10 
20 11 12 
63 16 82 
64 31 30 
27 17 43 
17 35 50 
82 23 1 
37 42 13 
5 57 11 
50 32 81 
45 47 70 
20 12 58 
73 76 1 
77 43 62 
63 2 75 
19 41 48 
81 80 35 
82 80 19 
3 54 51 
29 51 26 
25 69 71 
8 78 19 
37 75 40 
80 71 5 
73 46 78 
12 42 77 
54 11 80 
7 84 3 
56 32 81 
62 40 80 
55 75 58 
61 51 66 
59 54 40 
22 7 31 
55 17 53 
46 27 34 
32 51 29 
68 13 16 
68 83 51 
78 85 8 
78 32 9 
49 85 73 
73 5 21 
75 69 42 
32 33 36 
77 64 15 
25 56 74 
77 85 20 
12 67 20 
49 69 17 
38 32 51 
67 17 13 
66 70 62 
66 61 83 
49 79 20 
41 40 51 
61 67 41 
63 30 41 
15 12 85 
67 68 63 
71 29 56 
34 50 78 
27 66 12 
67 43 83 
71 57 9 
36 81 67 
14 86 15 
24 66 41 
2 40 22 
78 44 42 
59 45 8 
10 9 79 
68 29 39 
24 3 25 
34 15 75 
68 60 22 
9 58 38 
12 61 4 
12 63 15 
8 73 74 
65 81 21 
64 20 12 
52 28 51 
64 23 1 
10 26 7 
48 44 11 
61 27 57 
69 63 22 
64 11 24 
25 42 82 
25 47 78 
59 14 42 
85 1 70 
55 1 81 
11 18 16 
21 66 62 
22 8 19 
45 18 81 
35 25 42 
28 37 81 
7 47 4 
7 86 20 
42 65 77 
74 39 64 
1 24 22 
31 39 19 
13 32 5 
16 31 18 
11 58 83 
48 80 33 
74 6 78 
25 64 34 
19 74 34 
52 51 37 
20 17 15 
1 65 24 
72 34 78 
48 53 28 
70 81 24 
26 19 69 
78 2 43 
40 77 79 
43 64 23 
38 76 72 
82 85 50 
36 80 55 
52 39 49 
46 80 27 
31 51 34 
13 25 32 
28 26 2 
39 53 32 
17 32 7 
8 68 74 
43 60 22 
56 31 57 
85 19 37 
19 40 3 
29 9 22 
63 49 62 
36 14 62 
48 7 16 
50 47 42 
28 12 11 
16 39 83 
13 9 27 
29 66 67 
19 67 3 
16 30 2 
66 38 70 
37 12 39 
81 30 15 
56 31 40 
22 71 34 
72 69 41 
80 85 81 
41 66 2 
77 37 66 
40 68 72 
41 80 43 
3 38 63 
83 55 24 
22 19 18 
22 77 29 
46 16 49 
83 2 34 
14 51 29 
71 81 41 
59 9 33 
67 64 47 
57 49 45 
74 54 72 
75 67 7 
74 42 70 
33 14 21 
6 42 5 
84 44 62 
5 60 57 
4 80 50 
52 50 62 
27 21 7 
27 58 25 
45 26 56 
43 82 62 
75 42 68 
73 25 6 
33 75 48 
27 15 22 
84 9 46 
31 80 41 
59 35 19 
23 8 2 
81 2 26 
76 39 1 
62 21 14 
2 11 20 
16 35 65 
68 25 73 
16 41 83 
77 53 84 
30 74 40 
78 58 11 
37 66 15 
27 4 25 
76 84 32 
9 79 50 
61 26 60 
34 62 4 
49 44 80 
16 55 12 
45 22 60 
19 72 35 
1 52 71 
5 20 83 
13 26 11 
12 17 4 
14 3 42 
59 72 12 
24 5 4 
29 27 72 
11 13 23 
71 46 84 
41 24 62 
23 74 35 
74 8 69 
18 36 70 
10 80 55 
60 7 73 
24 47 76 
74 41 47 
4 58 43 
61 46 44 
15 42 34 
38 34 53 
61 60 3 
48 11 29 
18 58 13 
71 45 67 
7 57 68 
71 35 39 
15 4 25 
5 21 64 
46 22 5 
59 56 52 
8 83 72 
74 59 83 
41 3 14 
41 32 2 
50 14 62 
10 86 6 
83 38 9 
50 70 57 
83 47 33 
36 57 54 
6 37 84 
70 19 32 
17 68 62 
68 21 18 
65 23 47 
6 8 41 
12 10 24 
6 60 39 
5 53 13 
63 81 18 
4 35 33 
4 51 57 
83 23 57 
11 15 82 
5 67 23 
34 75 4 
63 61 68 
61 49 52 
63 83 18 
59 82 19 
80 4 68 
53 60 40 
69 66 11 
50 3 44 
35 33 38 
36 69 18 
5 3 26 
77 30 51 
53 84 74 
16 71 5 
55 21 72 
80 7 17 
61 22 43 
23 9 16 
33 11 39 
31 14 62 
36 67 41 
27 42 39 
55 66 22 
35 4 47 
19 57 33 
16 76 67 
38 72 57 
10 47 4 
47 27 48 
80 32 73 
9 18 33 
49 6 55 
7 4 9 
52 42 38 
43 21 40 
73 83 70 
71 78 14 
80 68 24 
33 26 30 
16 64 52 
15 81 55 
60 45 75 
21 57 12 
64 19 6 
81 42 84 
74 45 17 
49 53 21 
54 43 66 
10 61 4 
33 74 31 
8 24 28 
20 16 39 
76 19 8 
85 47 63 
70 73 62 
74 84 39 
62 73 17 
7 17 66 
22 55 30 
72 6 20 
77 45 30 
6 5 86 
32 25 16 
57 51 9 
85 51 7 
9 40 10 
22 32 54 
14 69 33 
12 85 33 
71 43 70 
61 53 38 
32 84 79 
75 37 65 
61 55 53 
21 65 18 
31 34 12 
77 67 12 
62 25 75 
51 29 75 
22 51 31 
33 27 2 
30 12 65 
79 15 59 
76 10 5 
68 42 4 
65 62 56 
42 52 85 
60 46 67 
6 13 48 
18 24 20 
45 44 23 
43 28 75 
44 51 46 
15 75 33 
76 36 14 
61 13 40 
23 42 83 
7 28 34 
68 22 43 
73 61 82 
5 29 28 
28 63 4 
68 54 11 
78 49 28 
61 75 36 
70 25 17 
70 46 9 
54 30 9 
24 51 39 
72 16 1 
62 11 14 
69 76 40 
61 75 62 
35 39 76 
65 8 55 
72 70 15 
70 28 6 
78 64 66 
26 60 28 
7 3 12 
37 11 19 
39 44 36 
69 84 21 
9 36 21 
68 30 16 
28 21 10 
36 76 62 
13 60 42 
51 80 48 
35 81 71 
85 56 59 
72 69 14 
22 80 51 
15 22 38 
17 45 82 
70 47 30 
23 26 10 
66 70 16 
47 8 80 
62 9 1 
71 43 55 
27 48 73 
47 9 58 
77 85 63 
73 20 10 
66 70 46 
34 28 38 
34 1 15 
30 75 16 
62 10 22 
50 21 10 
3 26 15 
77 33 42 
20 52 55 
66 69 85 
74 27 51 
14 61 63 
75 58 67 
53 28 62 
22 15 16 
85 17 50 
67 60 81 
35 34 72 
15 71 19 
41 17 64 
39 44 8 
64 15 12 
1 74 24 
10 35 68 
39 16 71 
17 19 12 
47 46 7 
14 2 17 
63 22 37 
21 37 70 
64 4 15 
48 8 12 
45 19 79 
32 49 23 
37 24 8 
78 3 49 
3 50 59 
37 26 20 
27 14 86 
22 39 33 
6 35 27 
24 58 78 
52 23 75 
23 69 14 
7 6 78 
14 84 27 
39 16 64 
81 76 45 
8 25 11 
62 75 5 
54 46 12 
7 42 54 
52 72 54 
11 16 15 
70 79 82 
19 25 8 
74 68 38 
12 81 47 
69 82 31 
68 82 73 
58 81 18 
2 18 14 
74 66 20 
3 67 72 
74 55 77 
3 81 45 
76 25 41 
70 74 75 
74 8 50 
