10000
100000
100 3 4 
98 44 34 
65 56 44 
93 81 34 
48 90 24 
55 74 69 
72 86 6 
3 47 5 
20 71 62 
98 53 22 
6 32 79 
33 11 93 
70 15 52 
21 88 38 
17 47 52 
74 10 65 
6 3 86 
41 40 7 
49 19 26 
5 41 47 
85 51 7 
96 22 93 
31 66 29 
18 54 78 
5 37 14 
77 21 2 
28 69 34 
37 28 81 
61 23 53 
1 6 88 
44 19 54 
81 66 49 
45 41 35 
32 18 53 
57 22 89 
7 5 38 
57 53 8 
28 34 41 
76 73 5 
69 62 18 
32 4 1 
41 78 68 
65 69 31 
42 35 66 
58 95 34 
72 31 21 
64 98 29 
45 78 64 
5 21 88 
46 89 13 
15 30 27 
21 23 17 
55 59 93 
64 4 86 
35 63 26 
57 71 62 
63 2 75 
56 61 55 
26 14 97 
26 27 60 
95 94 34 
60 78 12 
34 33 74 
86 70 85 
66 70 16 
8 14 32 
47 31 30 
58 62 64 
74 19 52 
90 12 50 
44 58 3 
42 17 53 
56 44 23 
85 63 81 
43 47 64 
70 94 64 
18 28 35 
61 62 36 
41 12 3 
75 92 41 
35 27 6 
96 66 3 
13 93 72 
45 13 39 
26 28 79 
56 32 10 
29 12 87 
72 29 21 
45 34 48 
33 29 90 
87 94 89 
54 52 72 
71 9 44 
28 29 21 
65 1 82 
90 18 10 
72 48 75 
40 3 88 
73 78 48 
48 65 26 
40 83 2 
90 41 53 
10 20 31 
1 97 80 
93 33 63 
99 77 83 
20 37 79 
9 54 90 
63 52 14 
10 76 86 
86 17 96 
3 11 51 
20 61 65 
47 38 33 
41 11 37 
15 58 39 
27 98 32 
19 3 15 
12 78 91 
92 36 53 
69 80 45 
15 53 21 
78 96 58 
5 54 44 
82 79 74 
39 57 12 
26 81 97 
22 25 31 
94 3 98 
22 63 36 
28 47 61 
100 45 60 
62 55 75 
70 82 68 
87 65 25 
8 15 17 
89 1 31 
27 93 15 
15 89 51 
80 49 37 
25 41 78 
56 85 84 
12 70 1 
29 21 61 
17 40 43 
50 8 89 
93 47 64 
87 80 74 
76 41 14 
84 26 74 
91 58 37 
26 21 2 
23 62 89 
39 3 21 
42 90 32 
91 60 27 
8 24 28 
21 56 12 
91 2 86 
33 93 14 
65 26 75 
60 39 94 
8 85 5 
33 93 35 
54 20 73 
72 14 40 
27 60 87 
59 6 18 
36 10 6 
62 43 78 
100 30 1 
67 55 35 
37 81 92 
84 42 73 
49 39 90 
81 22 7 
29 79 42 
77 8 63 
69 77 73 
80 5 74 
75 47 9 
71 21 82 
64 12 59 
65 46 49 
22 36 49 
34 29 90 
100 93 21 
20 93 69 
22 6 3 
90 31 94 
48 60 69 
77 20 68 
35 19 94 
24 29 25 
77 97 94 
27 39 38 
34 55 86 
39 48 8 
74 93 91 
31 7 22 
13 33 89 
99 52 21 
57 56 41 
33 65 74 
69 55 6 
12 50 83 
66 13 85 
66 29 93 
75 27 91 
79 29 62 
93 20 46 
11 29 81 
78 87 43 
8 1 95 
86 2 44 
82 89 34 
84 49 95 
75 68 88 
7 62 23 
8 13 21 
74 27 89 
16 17 59 
12 49 16 
77 6 59 
82 10 28 
69 92 71 
47 86 65 
2 31 60 
72 9 41 
95 42 78 
71 44 24 
82 79 2 
100 89 19 
70 49 16 
22 2 6 
43 21 40 
22 47 92 
4 64 33 
6 81 49 
67 47 62 
99 80 5 
50 85 60 
9 66 31 
69 84 82 
48 85 87 
36 39 11 
98 62 81 
86 16 48 
10 1 98 
69 33 75 
78 58 24 
20 97 70 
79 95 55 
47 20 38 
8 85 55 
58 79 36 
83 9 100 
19 61 21 
6 72 10 
50 54 44 
82 81 78 
5 83 29 
64 92 69 
99 25 43 
21 2 93 
81 82 98 
21 47 95 
27 97 39 
18 63 8 
21 2 65 
17 79 43 
66 56 8 
83 43 65 
10 35 71 
29 39 98 
66 56 45 
89 42 59 
9 92 79 
25 74 41 
23 97 43 
18 51 56 
67 62 20 
56 35 19 
94 62 81 
36 71 76 
61 63 83 
11 82 3 
66 55 71 
55 37 7 
44 46 41 
16 7 70 
74 20 54 
26 33 6 
94 7 84 
11 93 4 
68 71 10 
89 65 57 
62 52 43 
82 27 25 
99 59 32 
68 49 39 
97 27 65 
79 16 23 
68 35 86 
90 59 29 
91 98 85 
68 45 34 
15 6 82 
10 24 12 
71 80 52 
4 95 2 
83 96 77 
99 16 80 
88 83 86 
27 15 23 
25 67 74 
43 54 39 
40 27 65 
58 93 92 
49 10 37 
63 5 44 
24 46 39 
99 3 38 
48 16 6 
19 64 6 
94 2 73 
26 81 76 
14 69 33 
64 55 52 
87 30 60 
93 39 85 
41 25 28 
78 22 77 
12 62 7 
18 80 90 
51 54 47 
9 71 65 
97 64 21 
50 55 23 
23 70 96 
91 20 47 
87 50 24 
43 66 20 
11 71 15 
20 87 73 
40 39 16 
45 59 54 
82 84 12 
76 7 91 
19 86 88 
7 61 24 
41 84 100 
29 80 98 
10 84 87 
18 7 29 
72 66 81 
70 93 69 
10 51 49 
19 47 28 
46 24 53 
49 31 45 
38 50 23 
75 15 81 
18 24 20 
66 86 50 
38 20 89 
8 64 19 
44 53 28 
95 12 31 
25 44 62 
95 30 37 
32 33 43 
2 87 27 
27 7 21 
100 85 19 
39 2 64 
72 40 78 
96 48 95 
53 51 11 
17 53 29 
57 91 100 
53 77 40 
2 47 4 
95 92 100 
41 81 82 
28 22 57 
30 98 86 
16 51 92 
44 84 51 
81 100 16 
86 59 24 
17 9 80 
36 100 26 
21 18 68 
57 1 76 
42 39 80 
7 56 26 
6 2 63 
44 89 72 
9 16 87 
72 35 28 
15 63 40 
67 70 46 
36 75 67 
19 61 88 
1 63 32 
39 16 78 
50 6 96 
24 67 21 
73 61 38 
69 25 97 
41 12 36 
5 93 31 
8 88 30 
16 92 36 
65 99 39 
73 28 88 
99 3 18 
100 56 84 
18 83 71 
79 61 71 
7 15 2 
59 58 57 
83 26 64 
25 96 43 
32 39 84 
69 62 17 
99 11 23 
91 87 19 
36 21 57 
32 78 35 
78 52 40 
5 2 40 
52 46 34 
60 28 24 
82 11 27 
40 55 45 
19 40 84 
53 50 76 
68 94 52 
33 25 68 
43 16 30 
100 87 85 
42 64 96 
47 16 30 
17 75 35 
100 20 29 
35 30 6 
53 85 91 
67 35 85 
35 66 4 
12 11 63 
26 23 10 
8 25 100 
69 34 63 
32 100 79 
42 11 91 
84 32 76 
66 84 64 
57 42 51 
64 65 100 
70 100 81 
7 10 96 
49 60 41 
99 44 86 
75 43 28 
77 55 62 
64 96 75 
96 60 73 
10 85 99 
90 87 59 
90 51 38 
72 47 39 
3 15 20 
91 61 24 
15 33 54 
36 86 17 
35 34 42 
31 52 9 
57 56 36 
60 39 73 
74 53 28 
60 3 61 
81 84 66 
24 45 71 
21 62 14 
64 71 48 
14 63 10 
37 68 67 
18 70 36 
14 45 68 
13 43 95 
82 75 49 
99 80 72 
59 16 34 
95 40 93 
29 62 5 
43 30 23 
83 52 7 
46 65 37 
52 8 55 
95 74 43 
89 95 9 
30 48 91 
28 22 13 
87 77 83 
91 21 65 
35 56 62 
77 11 17 
89 32 34 
61 75 76 
87 62 5 
49 88 48 
98 35 51 
38 92 42 
19 65 45 
95 65 36 
96 61 58 
7 39 52 
70 1 97 
89 18 7 
39 18 63 
4 61 12 
50 51 27 
16 88 90 
76 10 71 
4 59 43 
9 82 57 
92 52 61 
99 75 5 
80 3 97 
19 4 62 
37 21 70 
70 27 97 
64 9 45 
56 73 96 
11 52 26 
90 26 89 
47 74 95 
42 88 92 
46 77 58 
1 97 71 
62 78 65 
39 85 87 
54 84 52 
55 13 21 
3 23 46 
85 72 29 
19 12 17 
21 81 38 
91 86 32 
2 93 24 
29 61 100 
29 58 75 
79 46 65 
70 27 51 
22 66 45 
20 7 9 
80 3 76 
99 54 80 
96 92 23 
38 3 63 
39 45 75 
64 71 73 
12 55 87 
58 16 17 
30 37 25 
58 71 42 
89 64 67 
66 38 70 
71 37 80 
66 22 55 
50 22 60 
69 21 56 
16 34 98 
19 61 96 
41 93 42 
92 89 85 
65 19 69 
8 16 10 
17 7 42 
90 4 14 
46 68 66 
67 82 63 
14 96 78 
35 81 48 
20 18 40 
74 81 2 
94 79 67 
17 74 79 
8 32 49 
80 3 56 
63 61 15 
70 99 39 
92 64 83 
51 39 73 
64 63 95 
46 91 100 
78 81 12 
76 44 27 
3 71 15 
71 43 12 
27 8 13 
81 33 18 
66 70 1 
41 57 97 
3 59 75 
9 94 4 
46 34 53 
27 18 22 
36 38 60 
17 30 19 
30 78 8 
44 10 18 
100 13 11 
1 48 49 
49 6 60 
33 98 2 
79 85 89 
10 67 79 
36 5 50 
4 52 24 
83 84 70 
8 23 2 
80 57 20 
15 16 5 
29 57 86 
89 30 68 
72 24 78 
15 48 44 
46 99 28 
54 30 56 
98 43 15 
76 83 69 
66 65 72 
83 88 16 
68 97 70 
16 50 41 
11 90 49 
99 26 10 
26 85 66 
8 4 86 
4 56 26 
25 35 41 
52 49 77 
36 35 46 
69 13 62 
39 30 87 
23 62 74 
67 7 75 
68 27 55 
96 60 87 
53 28 48 
6 82 68 
33 48 75 
53 96 17 
82 38 12 
37 8 53 
26 3 56 
59 22 33 
27 65 28 
88 62 6 
80 100 38 
31 16 33 
81 13 70 
58 85 64 
21 4 55 
92 84 48 
54 31 72 
43 73 17 
2 65 41 
41 6 8 
47 19 87 
4 67 19 
83 3 52 
14 72 100 
15 43 99 
31 80 41 
61 72 52 
74 11 88 
72 90 28 
21 74 25 
10 93 18 
22 39 33 
28 67 81 
66 72 8 
73 66 87 
94 84 65 
31 17 83 
47 81 12 
15 94 90 
15 61 29 
74 17 6 
9 98 15 
16 86 91 
38 54 66 
39 48 12 
26 9 83 
17 53 18 
52 31 96 
27 28 20 
1 83 70 
54 74 72 
46 60 81 
9 80 3 
5 19 74 
63 29 50 
53 13 14 
84 25 39 
62 13 75 
21 24 26 
10 7 14 
20 32 55 
62 42 3 
84 16 40 
89 63 37 
61 45 47 
7 95 54 
60 64 91 
70 92 71 
31 15 69 
13 34 25 
98 33 46 
4 94 88 
43 48 33 
29 19 50 
2 93 45 
55 37 29 
50 60 90 
11 65 20 
71 19 99 
66 82 92 
4 74 29 
68 4 51 
81 62 12 
14 40 27 
18 32 34 
7 35 45 
54 83 72 
10 57 80 
62 84 44 
86 21 49 
15 62 89 
67 70 84 
46 99 63 
35 68 66 
41 75 80 
10 4 47 
45 54 34 
30 16 75 
31 81 82 
92 9 80 
65 80 71 
86 63 98 
76 17 71 
11 65 44 
47 1 44 
36 100 47 
26 100 75 
94 3 48 
34 57 80 
35 97 93 
37 89 55 
88 94 63 
5 50 41 
39 3 17 
65 60 91 
96 69 94 
54 1 15 
25 13 42 
89 68 32 
1 49 13 
10 42 11 
12 62 68 
91 6 89 
79 90 26 
31 84 98 
83 21 52 
45 80 68 
42 7 54 
2 23 35 
93 88 7 
56 59 52 
57 10 85 
71 80 47 
12 86 8 
36 42 49 
7 88 91 
51 54 98 
83 81 3 
41 4 58 
77 66 6 
27 6 33 
12 54 71 
85 46 8 
100 61 25 
20 1 24 
20 11 70 
74 90 7 
21 5 64 
77 33 14 
75 61 5 
83 85 66 
85 5 34 
63 15 47 
97 37 90 
85 67 80 
10 32 41 
70 45 33 
91 99 49 
35 48 43 
84 69 20 
3 98 70 
42 31 48 
8 11 1 
18 54 41 
56 46 31 
88 100 96 
88 9 59 
100 72 57 
47 53 57 
49 100 95 
97 88 82 
45 14 36 
76 89 66 
76 62 100 
17 46 47 
67 87 50 
20 45 94 
70 18 87 
58 82 63 
18 78 15 
6 38 85 
85 46 79 
87 54 11 
22 55 58 
64 60 34 
11 89 56 
70 38 90 
23 48 63 
7 87 32 
32 95 89 
32 37 19 
66 78 61 
56 95 39 
23 8 53 
53 70 64 
99 78 3 
39 48 17 
44 90 67 
12 83 42 
67 75 33 
22 63 69 
9 77 50 
31 49 68 
72 68 70 
81 14 19 
90 21 84 
73 68 59 
66 21 93 
45 31 18 
47 45 27 
9 82 11 
39 2 20 
17 3 11 
61 48 28 
32 48 99 
5 55 15 
78 20 81 
86 35 80 
41 65 24 
44 60 58 
2 34 43 
99 56 57 
79 32 29 
30 75 4 
62 96 74 
73 7 13 
92 78 89 
21 1 33 
91 99 95 
70 91 42 
76 71 97 
29 38 73 
82 100 96 
85 38 11 
50 85 68 
39 12 26 
66 80 3 
65 69 72 
26 94 17 
25 87 6 
92 62 15 
41 91 44 
17 49 63 
98 75 61 
68 34 80 
38 26 12 
47 5 73 
1 25 28 
84 68 65 
68 61 63 
50 52 99 
1 29 79 
87 59 8 
90 83 46 
52 35 44 
89 47 70 
92 45 81 
66 63 38 
90 39 58 
3 31 54 
51 58 42 
93 18 65 
29 76 63 
68 92 29 
22 91 25 
65 32 58 
65 42 62 
91 54 43 
54 76 30 
32 16 24 
94 38 42 
43 11 73 
50 40 73 
19 85 21 
34 100 11 
35 88 43 
82 96 5 
11 91 24 
90 4 25 
74 77 6 
17 77 76 
32 77 99 
22 91 10 
1 78 13 
14 32 73 
47 10 83 
42 62 77 
68 90 100 
43 52 58 
89 86 38 
27 72 100 
2 78 65 
7 66 43 
23 52 75 
62 16 60 
49 55 88 
85 43 36 
62 29 49 
80 44 48 
21 88 93 
30 69 73 
57 54 61 
42 68 29 
34 98 64 
71 51 39 
85 23 49 
45 28 58 
48 5 19 
25 57 40 
77 88 56 
32 23 92 
87 43 56 
62 76 36 
69 90 14 
66 70 59 
69 20 71 
47 32 90 
37 88 90 
53 49 48 
33 65 38 
24 56 6 
49 79 37 
47 8 81 
58 87 69 
15 72 51 
21 2 6 
65 75 55 
70 86 24 
70 41 56 
48 97 23 
78 34 42 
86 81 4 
4 9 53 
44 26 100 
18 53 70 
100 62 39 
38 48 28 
11 32 100 
97 13 90 
77 93 38 
55 23 100 
46 80 87 
61 99 54 
4 14 13 
21 40 45 
91 89 72 
34 27 100 
43 71 63 
27 83 2 
51 36 5 
10 30 14 
35 67 36 
35 83 46 
55 23 36 
33 93 74 
33 51 56 
51 96 43 
15 93 34 
71 5 88 
65 25 75 
27 15 29 
64 71 53 
60 64 73 
76 46 48 
29 10 33 
35 9 62 
57 12 52 
79 97 17 
93 86 47 
55 9 56 
17 65 79 
87 36 62 
2 4 58 
87 47 63 
70 12 59 
77 25 10 
35 58 81 
11 22 88 
100 23 71 
47 77 24 
46 67 10 
42 74 3 
68 15 61 
61 78 68 
69 20 45 
91 64 39 
11 79 82 
8 67 4 
23 97 96 
26 61 4 
11 83 76 
90 63 2 
78 41 23 
7 60 67 
3 23 99 
34 52 97 
4 64 90 
15 4 64 
41 68 3 
87 31 57 
93 86 85 
72 75 65 
15 90 72 
50 4 10 
16 20 27 
62 9 56 
91 24 94 
80 89 12 
69 77 84 
60 98 53 
18 84 47 
16 54 57 
17 61 69 
82 10 44 
62 10 70 
13 33 31 
62 42 15 
66 63 94 
15 81 74 
24 92 23 
68 73 82 
44 41 67 
17 66 22 
46 66 96 
43 6 93 
42 79 24 
22 87 34 
8 94 32 
91 98 88 
21 29 8 
78 57 22 
70 22 94 
53 71 77 
96 63 8 
51 32 13 
28 44 98 
75 93 92 
53 50 45 
25 22 50 
18 8 3 
38 48 35 
66 45 86 
93 99 17 
38 10 83 
7 57 29 
32 54 86 
63 61 40 
4 93 75 
66 99 1 
69 44 92 
68 90 14 
11 38 9 
96 45 64 
3 13 81 
62 84 22 
40 67 1 
33 50 46 
68 97 79 
95 9 73 
54 55 75 
23 29 73 
87 9 8 
27 85 11 
5 92 8 
85 63 73 
58 47 71 
70 86 25 
49 21 54 
21 81 34 
72 27 29 
49 95 43 
90 15 65 
76 1 44 
39 100 25 
63 76 3 
87 35 49 
52 6 33 
33 80 15 
56 23 39 
14 53 37 
83 8 56 
40 45 61 
26 2 16 
76 75 17 
79 97 50 
28 46 75 
7 53 42 
48 72 53 
60 25 17 
57 94 11 
28 24 74 
74 93 90 
56 12 36 
3 22 44 
44 48 11 
72 93 1 
49 52 58 
14 74 29 
29 16 87 
43 30 14 
3 85 20 
91 53 63 
84 16 27 
44 76 78 
11 23 74 
78 92 45 
48 83 86 
57 61 28 
41 9 54 
63 51 36 
41 71 65 
32 61 88 
55 57 86 
46 66 24 
100 62 29 
11 64 66 
90 55 62 
82 4 37 
90 51 35 
49 30 96 
27 86 37 
32 33 51 
27 80 29 
47 56 99 
70 54 94 
21 1 7 
86 48 98 
49 89 51 
15 24 54 
86 83 59 
38 14 30 
71 1 99 
85 69 75 
44 50 27 
99 37 57 
82 16 26 
19 41 95 
52 58 13 
84 26 78 
76 31 93 
47 67 77 
87 80 99 
19 40 3 
91 6 3 
25 50 20 
60 95 82 
91 51 6 
63 67 66 
98 80 27 
39 20 16 
97 65 29 
54 18 31 
81 37 96 
13 63 92 
64 53 43 
89 98 68 
29 91 68 
17 24 20 
86 46 79 
9 88 93 
43 39 41 
41 19 48 
38 99 90 
100 69 36 
9 62 16 
52 30 31 
40 57 88 
26 1 80 
30 17 92 
75 60 34 
45 43 10 
38 53 22 
15 100 96 
44 69 100 
59 60 51 
16 47 13 
7 73 85 
98 59 74 
65 55 1 
13 6 55 
37 24 65 
58 10 8 
89 8 13 
17 85 88 
27 13 9 
30 65 87 
6 46 92 
62 72 55 
27 70 28 
35 56 53 
98 80 83 
10 97 74 
33 27 83 
25 87 43 
2 13 84 
51 4 73 
73 64 53 
54 9 36 
5 97 33 
97 5 6 
72 28 11 
56 88 82 
4 68 27 
68 7 90 
53 79 50 
79 15 1 
22 24 36 
2 80 35 
23 74 49 
72 78 68 
45 37 100 
84 34 6 
96 56 61 
77 60 45 
57 89 33 
78 24 96 
80 81 68 
96 17 4 
96 26 5 
97 67 58 
53 75 85 
56 42 25 
95 98 32 
19 7 22 
51 64 73 
14 46 40 
15 95 11 
9 29 26 
7 64 24 
24 90 36 
22 51 86 
98 28 43 
38 62 91 
65 55 42 
2 34 12 
22 87 97 
6 52 25 
21 71 15 
16 20 88 
56 44 76 
50 38 47 
33 94 72 
13 65 91 
25 75 62 
56 81 32 
10 94 59 
33 88 21 
46 6 53 
2 80 87 
77 60 20 
80 89 46 
46 32 84 
84 50 76 
36 40 33 
48 58 66 
78 4 56 
4 75 68 
43 77 98 
45 20 89 
42 99 87 
53 5 55 
96 61 70 
20 24 19 
59 78 68 
16 42 10 
97 88 45 
16 22 89 
18 81 45 
87 72 95 
67 47 64 
3 14 6 
14 100 97 
64 91 90 
5 32 43 
20 59 67 
93 57 11 
25 91 69 
93 86 11 
57 16 55 
40 30 87 
8 67 2 
16 88 92 
87 66 8 
21 56 92 
3 68 19 
47 88 44 
52 19 40 
19 1 29 
39 27 64 
76 6 72 
50 54 16 
56 36 6 
25 74 18 
32 44 70 
42 3 73 
74 15 1 
89 6 63 
94 84 17 
94 55 78 
45 33 41 
66 29 67 
76 41 44 
94 40 80 
4 10 21 
26 87 27 
31 5 42 
21 65 43 
47 33 10 
31 57 8 
96 13 65 
92 99 77 
34 38 84 
52 89 45 
47 83 46 
2 20 44 
78 15 88 
60 4 40 
58 94 53 
19 71 27 
29 13 48 
36 68 23 
42 3 46 
100 34 62 
23 12 97 
15 36 33 
50 76 98 
60 86 59 
22 84 94 
64 35 50 
79 77 28 
16 68 20 
95 45 11 
61 9 73 
17 43 99 
72 19 35 
80 18 59 
55 10 37 
28 21 74 
25 31 59 
63 45 24 
39 75 70 
4 57 34 
35 53 62 
26 82 60 
19 9 37 
99 24 21 
79 89 75 
63 29 78 
37 17 92 
24 3 50 
93 64 33 
38 42 18 
100 9 85 
5 76 86 
70 87 77 
34 56 74 
20 25 43 
45 14 80 
54 14 55 
46 87 15 
7 24 8 
74 97 44 
32 64 81 
64 62 12 
43 93 29 
7 29 100 
20 98 13 
12 35 38 
85 32 37 
91 48 16 
60 34 84 
12 45 98 
17 50 68 
71 92 18 
74 85 99 
94 35 37 
86 60 81 
72 22 29 
100 23 18 
4 31 16 
38 99 72 
82 42 41 
10 34 77 
4 40 8 
32 87 41 
69 78 73 
60 29 41 
17 51 66 
40 79 77 
51 26 29 
56 48 61 
27 45 20 
60 50 99 
98 15 75 
62 7 47 
91 63 28 
34 45 85 
32 9 92 
39 8 17 
25 93 73 
46 76 50 
22 93 41 
13 34 84 
97 80 70 
74 90 26 
27 40 11 
57 86 97 
13 7 47 
40 86 67 
64 51 99 
4 12 28 
28 87 100 
94 47 46 
32 89 81 
4 48 85 
3 21 48 
72 69 13 
8 98 93 
64 70 6 
29 84 86 
41 22 5 
72 41 46 
85 47 1 
24 8 40 
14 86 90 
33 4 94 
73 31 3 
79 17 68 
73 23 22 
15 16 41 
56 46 13 
89 36 14 
99 84 29 
45 79 82 
55 94 68 
56 77 53 
61 27 37 
2 87 77 
69 19 98 
2 62 14 
11 54 68 
5 67 100 
86 24 60 
70 75 63 
82 35 72 
51 31 12 
72 2 25 
97 19 100 
47 9 32 
39 43 99 
35 7 97 
40 16 73 
49 10 24 
80 50 59 
24 65 1 
60 41 39 
14 25 49 
72 18 26 
90 23 1 
85 36 42 
53 37 60 
19 45 5 
83 16 95 
29 62 37 
83 40 89 
13 51 42 
33 54 94 
100 61 23 
33 86 11 
40 66 39 
13 97 36 
2 94 35 
56 81 42 
34 55 67 
54 56 5 
28 18 4 
29 70 89 
18 12 5 
80 83 6 
63 85 4 
23 62 17 
36 96 75 
8 82 91 
100 24 71 
66 55 26 
94 39 29 
85 43 18 
27 15 13 
29 27 74 
4 70 77 
85 65 80 
39 52 86 
72 69 46 
29 17 92 
33 66 15 
22 5 91 
48 12 89 
71 3 53 
25 17 34 
69 6 78 
97 41 82 
33 2 12 
35 4 33 
12 58 63 
35 100 76 
14 78 95 
23 64 27 
57 84 97 
15 12 86 
16 6 42 
13 93 40 
83 66 24 
67 11 92 
57 34 98 
93 43 89 
97 36 98 
50 85 88 
24 97 14 
75 3 57 
41 43 76 
91 93 95 
32 72 57 
16 55 12 
95 67 59 
51 32 29 
17 14 15 
99 8 86 
15 64 12 
53 100 35 
29 84 97 
73 16 100 
69 84 83 
38 68 37 
17 74 45 
13 14 9 
16 33 23 
64 80 14 
91 39 50 
33 74 13 
7 32 84 
66 69 11 
25 41 76 
13 75 67 
83 62 60 
20 18 23 
85 42 52 
33 86 17 
71 87 28 
23 10 50 
66 15 2 
85 73 81 
80 59 53 
56 33 11 
9 11 44 
56 95 15 
89 67 18 
31 36 56 
43 25 2 
92 93 4 
60 76 35 
1 81 55 
90 7 1 
1 59 44 
89 57 98 
78 75 17 
93 97 73 
44 59 28 
84 67 41 
73 81 13 
100 17 68 
17 65 25 
72 17 28 
59 29 25 
11 1 25 
71 30 56 
23 12 94 
22 76 82 
69 40 60 
39 93 34 
70 85 82 
29 23 30 
65 82 99 
50 92 65 
36 98 68 
87 54 48 
21 10 50 
70 44 93 
56 28 35 
26 7 1 
35 8 65 
19 61 9 
5 20 48 
15 22 41 
73 53 86 
4 35 47 
28 60 53 
30 46 9 
65 94 45 
23 18 67 
89 34 24 
73 20 86 
32 67 6 
99 80 11 
24 78 32 
36 7 29 
55 61 100 
10 64 65 
23 67 5 
43 60 70 
73 74 50 
29 27 45 
23 69 35 
54 72 40 
1 32 52 
33 11 53 
88 57 32 
24 40 6 
25 64 34 
40 87 2 
80 97 37 
37 55 87 
36 53 66 
15 29 77 
74 3 68 
11 58 44 
10 71 24 
85 71 49 
86 47 31 
93 39 83 
9 72 77 
88 61 20 
75 100 37 
29 15 37 
79 44 71 
24 97 15 
21 22 3 
40 11 64 
34 46 5 
94 59 80 
97 60 52 
35 78 27 
41 59 29 
82 89 12 
26 33 30 
8 78 19 
61 33 84 
1 86 73 
5 52 8 
11 89 37 
71 18 75 
37 30 68 
51 2 88 
80 90 4 
78 38 93 
52 32 39 
57 51 2 
92 42 64 
67 75 10 
30 51 48 
77 2 22 
67 31 90 
58 9 13 
99 100 39 
51 26 17 
66 28 76 
80 49 61 
37 52 85 
69 80 24 
12 77 42 
4 47 8 
2 92 18 
17 42 16 
28 85 69 
96 12 10 
17 24 77 
29 24 56 
8 66 27 
17 85 31 
21 79 98 
19 2 7 
90 10 87 
32 42 94 
6 45 57 
38 68 3 
81 36 68 
48 87 70 
14 3 42 
27 46 44 
40 1 89 
2 49 85 
21 74 50 
51 95 56 
96 1 12 
45 32 3 
14 16 48 
2 10 50 
17 97 24 
63 12 50 
7 62 92 
83 63 9 
70 74 42 
33 76 84 
91 79 57 
56 45 33 
98 11 56 
97 20 59 
17 93 34 
64 50 33 
10 64 17 
42 67 47 
100 43 65 
62 1 59 
92 88 12 
48 88 37 
61 44 39 
84 29 73 
89 61 38 
89 10 25 
99 73 14 
36 9 57 
82 96 14 
67 58 47 
28 52 10 
71 56 18 
90 11 10 
51 21 58 
89 20 24 
17 5 57 
26 20 44 
21 40 55 
22 94 27 
73 63 18 
56 72 37 
10 91 71 
35 80 6 
88 64 31 
57 9 49 
91 21 54 
93 10 89 
44 90 15 
36 26 81 
32 68 36 
30 42 8 
67 37 92 
17 40 4 
66 88 79 
84 16 20 
17 84 42 
56 73 28 
1 50 35 
99 55 48 
18 43 94 
98 47 20 
55 56 49 
99 47 43 
92 88 27 
69 63 16 
95 45 19 
46 17 87 
44 53 12 
20 15 17 
46 55 33 
24 67 89 
9 38 5 
81 17 21 
31 64 23 
57 31 96 
70 88 66 
39 25 59 
45 81 76 
65 13 80 
7 9 4 
71 39 35 
15 38 45 
96 94 98 
5 11 18 
9 23 16 
41 89 51 
97 30 58 
4 8 27 
76 36 69 
41 25 100 
26 63 32 
9 52 6 
35 49 70 
94 31 81 
27 25 62 
10 54 97 
13 93 42 
30 89 43 
35 94 17 
100 30 11 
76 23 44 
57 40 56 
59 11 35 
12 64 21 
77 59 48 
74 93 32 
28 25 91 
96 17 1 
23 19 75 
14 47 5 
96 7 8 
12 72 54 
83 10 59 
58 52 41 
66 40 78 
33 55 86 
76 81 19 
60 95 41 
60 42 17 
36 64 12 
12 80 16 
40 2 66 
3 67 2 
53 80 90 
81 32 16 
76 91 49 
57 9 76 
64 86 87 
1 58 45 
28 16 94 
44 92 30 
67 83 98 
94 97 74 
90 60 59 
100 14 90 
77 18 6 
67 65 54 
92 9 61 
79 22 96 
99 5 16 
2 55 17 
31 67 15 
99 25 51 
17 95 64 
24 85 65 
68 18 72 
91 21 86 
5 47 78 
36 10 28 
28 25 65 
42 83 73 
21 78 29 
48 36 88 
86 95 85 
30 78 4 
9 61 75 
89 87 52 
18 85 4 
72 98 15 
26 93 4 
27 32 55 
32 56 80 
58 27 57 
50 49 33 
37 18 46 
7 98 8 
39 29 53 
62 9 50 
73 66 60 
67 13 69 
66 90 68 
55 59 63 
2 52 56 
87 34 94 
53 26 72 
71 13 43 
11 80 6 
31 77 51 
23 82 68 
39 100 33 
14 94 6 
2 73 50 
42 10 58 
39 1 91 
74 66 20 
3 33 19 
22 37 28 
27 93 77 
70 59 20 
17 65 35 
6 64 25 
19 10 1 
46 20 24 
19 3 85 
48 23 2 
66 60 13 
26 68 8 
69 9 75 
49 31 14 
29 20 39 
66 48 23 
11 54 65 
32 20 40 
54 85 91 
83 21 60 
39 29 64 
91 53 54 
20 45 98 
73 60 72 
12 67 20 
27 42 17 
98 58 79 
46 92 95 
90 3 9 
6 63 30 
61 5 51 
22 98 17 
43 96 20 
93 19 55 
91 79 24 
34 91 77 
71 97 75 
83 80 54 
90 4 94 
47 88 89 
8 22 51 
48 16 7 
66 17 2 
77 83 49 
79 20 96 
3 26 90 
60 94 54 
3 90 46 
25 71 24 
49 10 84 
40 90 72 
65 19 61 
62 46 4 
68 49 4 
30 17 88 
52 49 27 
1 4 3 
77 91 15 
56 28 59 
81 10 68 
89 29 88 
76 95 87 
8 27 32 
71 37 90 
31 48 3 
16 69 11 
13 66 47 
4 13 9 
99 18 9 
82 25 42 
17 33 56 
58 99 98 
77 34 7 
43 71 58 
45 43 88 
85 96 30 
3 90 41 
66 4 10 
9 89 57 
70 78 56 
19 49 72 
59 89 80 
36 78 2 
74 40 67 
86 42 98 
95 99 43 
24 58 27 
12 65 36 
37 55 78 
31 8 66 
39 81 8 
95 39 28 
33 13 8 
59 95 49 
36 95 80 
49 82 57 
94 4 44 
38 93 20 
26 91 67 
23 16 64 
59 12 21 
78 54 21 
58 76 66 
52 41 25 
25 3 80 
27 98 73 
97 31 86 
24 51 70 
61 10 53 
100 53 93 
77 1 35 
72 98 54 
1 4 51 
12 56 13 
38 50 57 
44 8 92 
55 57 99 
72 66 68 
90 38 94 
38 50 65 
77 70 33 
43 58 10 
34 85 92 
91 14 19 
17 2 14 
27 51 87 
47 85 56 
67 55 42 
15 71 16 
30 15 48 
73 74 29 
20 77 94 
74 24 22 
48 59 88 
9 78 32 
6 48 56 
11 31 2 
51 55 32 
63 44 16 
36 83 12 
82 72 31 
49 4 33 
77 66 71 
99 9 44 
88 40 67 
2 69 43 
88 11 16 
90 40 51 
8 47 80 
77 66 61 
33 85 18 
43 5 35 
42 48 43 
58 78 67 
36 65 48 
93 86 61 
6 30 99 
96 97 68 
58 73 96 
47 33 17 
63 8 61 
11 33 77 
81 17 3 
77 34 9 
21 62 15 
2 58 35 
79 65 42 
16 4 49 
41 32 2 
17 28 31 
77 67 12 
46 60 21 
92 49 60 
19 48 28 
51 89 3 
27 77 53 
59 75 61 
76 10 90 
39 19 58 
18 97 40 
70 57 25 
88 86 52 
14 29 89 
78 42 44 
48 97 71 
96 100 5 
65 55 8 
70 55 31 
52 12 39 
84 32 11 
25 61 29 
1 4 35 
62 55 16 
72 33 45 
34 68 20 
90 51 10 
37 2 68 
97 66 1 
83 65 62 
12 18 46 
7 33 30 
81 54 89 
54 21 100 
14 80 38 
28 8 48 
1 59 87 
2 34 55 
88 64 34 
17 86 27 
7 24 43 
63 81 72 
83 71 82 
43 71 79 
26 22 6 
96 47 98 
86 4 50 
10 25 21 
47 74 71 
51 75 61 
17 27 43 
100 71 60 
21 52 8 
20 13 5 
55 57 66 
86 30 48 
35 63 27 
95 91 19 
97 40 98 
100 92 38 
14 86 29 
48 5 79 
100 34 87 
80 57 28 
31 91 45 
54 37 11 
79 14 32 
49 5 34 
35 42 36 
60 6 84 
6 47 17 
14 70 72 
26 82 83 
56 61 59 
51 80 90 
34 75 5 
51 43 79 
76 70 37 
19 7 49 
27 75 21 
65 9 98 
7 20 97 
67 82 35 
78 5 44 
85 13 37 
72 13 19 
86 56 25 
60 98 86 
80 54 11 
38 89 43 
45 80 13 
71 93 25 
45 25 87 
65 49 53 
80 12 49 
36 78 33 
85 30 46 
6 20 72 
83 58 11 
98 14 77 
42 12 50 
2 15 97 
47 50 53 
82 65 74 
67 82 59 
49 88 2 
48 4 83 
29 20 45 
2 40 31 
63 98 45 
72 93 77 
68 81 94 
21 31 55 
78 29 97 
62 70 1 
4 37 26 
46 60 74 
7 9 66 
34 94 66 
17 25 39 
85 49 15 
23 80 30 
81 69 95 
5 76 52 
12 10 56 
28 98 65 
47 58 9 
83 33 59 
36 48 29 
24 38 49 
33 83 22 
9 90 44 
3 62 12 
98 31 36 
78 10 97 
67 46 60 
45 38 35 
21 42 95 
100 62 26 
77 11 31 
7 78 67 
84 9 69 
75 91 41 
72 69 68 
73 87 47 
93 71 99 
34 30 39 
71 74 7 
73 21 34 
13 45 95 
85 70 96 
5 63 23 
90 66 84 
96 25 97 
89 39 71 
99 13 83 
46 60 24 
100 24 67 
44 50 69 
94 10 53 
2 50 21 
43 31 79 
66 78 64 
16 21 46 
26 49 61 
61 75 94 
43 40 64 
75 48 39 
46 24 15 
35 61 97 
79 50 93 
40 56 97 
47 97 30 
15 75 34 
37 12 77 
48 100 4 
54 6 25 
18 53 7 
14 60 49 
2 30 25 
100 91 87 
10 86 92 
17 26 59 
73 47 65 
65 16 55 
95 35 18 
84 72 18 
92 54 35 
81 84 47 
35 59 19 
25 2 85 
49 22 21 
72 9 49 
67 13 54 
51 29 30 
21 26 59 
37 1 81 
50 47 26 
34 93 13 
33 79 46 
94 3 40 
42 53 33 
40 65 89 
28 83 40 
98 83 2 
32 90 39 
9 24 7 
68 2 85 
46 24 55 
85 79 76 
13 87 78 
14 51 63 
79 68 59 
30 85 13 
26 34 54 
69 72 99 
72 42 23 
94 98 29 
77 72 50 
38 2 96 
85 73 66 
22 50 97 
90 21 4 
49 31 10 
22 24 59 
21 11 56 
78 76 66 
2 29 73 
28 65 93 
100 8 24 
45 41 55 
8 40 47 
21 74 26 
43 19 66 
11 50 18 
99 20 3 
16 71 5 
14 94 7 
27 68 23 
57 48 11 
19 64 44 
16 21 88 
73 14 69 
74 59 55 
41 55 52 
11 81 86 
90 47 65 
26 15 66 
30 5 58 
50 37 72 
33 3 64 
1 50 91 
90 63 37 
15 52 22 
96 5 74 
91 56 27 
55 59 33 
50 76 3 
86 15 54 
77 91 10 
41 96 79 
97 86 39 
85 50 20 
98 97 88 
89 86 79 
11 81 93 
98 7 99 
90 63 56 
28 42 19 
84 95 73 
100 46 94 
82 20 77 
43 75 84 
5 8 28 
49 54 86 
63 85 24 
73 54 74 
94 99 96 
58 53 44 
85 81 22 
24 53 63 
22 10 62 
16 96 49 
19 91 26 
44 90 24 
20 39 85 
31 91 23 
29 99 69 
56 60 9 
44 92 21 
44 20 69 
49 73 35 
14 82 65 
68 78 85 
46 24 6 
97 99 21 
76 90 96 
38 24 57 
45 32 30 
30 58 17 
70 48 23 
98 80 60 
15 21 54 
79 66 93 
23 14 69 
2 68 35 
52 21 45 
81 10 58 
78 21 53 
6 35 82 
89 62 98 
81 24 70 
79 93 60 
57 51 4 
86 94 51 
26 30 23 
8 67 77 
2 52 86 
53 50 21 
8 87 25 
3 70 100 
67 55 25 
24 57 28 
45 18 55 
61 98 29 
66 98 2 
43 76 65 
40 6 97 
86 19 55 
78 7 43 
100 15 28 
28 62 93 
7 82 18 
42 59 5 
49 35 90 
36 99 70 
50 97 77 
87 38 60 
21 88 72 
9 43 15 
36 16 19 
26 25 42 
41 51 21 
24 29 11 
3 71 89 
49 90 15 
22 61 63 
64 99 39 
41 78 85 
17 83 46 
30 27 40 
91 20 62 
2 95 60 
86 51 11 
72 14 45 
15 70 17 
83 14 7 
3 44 86 
95 65 67 
17 86 88 
99 27 43 
60 78 57 
25 89 58 
34 33 44 
42 83 69 
95 77 4 
38 70 29 
16 66 30 
62 47 98 
84 59 95 
97 14 9 
2 72 68 
51 38 31 
81 30 7 
8 17 91 
4 57 40 
81 61 53 
81 39 70 
85 47 37 
47 15 43 
46 94 91 
84 37 70 
4 37 96 
90 14 18 
18 46 52 
28 77 56 
23 82 70 
71 19 80 
64 53 62 
34 76 63 
80 59 26 
29 4 90 
91 69 87 
75 50 59 
18 10 33 
96 91 57 
94 8 55 
16 31 5 
27 1 85 
67 59 45 
85 55 94 
18 64 21 
57 78 82 
45 96 48 
59 13 30 
61 32 30 
18 15 69 
52 72 36 
92 98 13 
5 96 60 
29 64 31 
65 38 86 
44 50 31 
73 20 10 
74 60 33 
100 58 70 
52 27 31 
95 36 26 
11 69 19 
39 50 44 
49 33 27 
61 56 75 
45 73 50 
69 45 24 
78 77 12 
47 44 12 
12 13 79 
17 92 3 
80 67 84 
3 24 4 
79 16 61 
93 7 64 
24 70 26 
57 25 89 
84 76 72 
91 82 39 
65 75 62 
76 44 73 
56 15 47 
12 66 95 
86 56 77 
64 99 57 
36 5 21 
12 62 90 
45 68 66 
24 65 27 
9 69 6 
27 2 20 
84 75 25 
55 35 81 
72 36 23 
25 35 54 
16 45 95 
71 99 66 
36 78 29 
46 9 84 
61 32 7 
54 89 49 
45 60 8 
60 38 32 
99 51 32 
39 57 65 
4 3 34 
42 64 37 
49 89 29 
15 83 87 
63 37 71 
85 94 86 
29 33 1 
79 73 57 
42 1 64 
17 4 3 
50 96 38 
69 9 86 
91 11 79 
70 22 42 
27 76 56 
23 86 66 
32 7 44 
54 31 35 
31 62 14 
80 62 46 
66 72 52 
79 4 15 
35 98 70 
11 63 24 
21 33 14 
74 75 33 
93 50 82 
55 50 100 
67 26 82 
6 27 84 
35 19 13 
26 13 11 
44 15 25 
8 29 73 
75 55 88 
93 89 36 
80 51 48 
100 92 76 
57 97 92 
25 60 68 
5 27 73 
45 98 58 
79 5 23 
93 48 28 
7 92 73 
13 19 39 
56 39 35 
4 96 39 
44 77 37 
89 26 20 
61 45 27 
5 71 23 
60 9 28 
88 70 83 
68 25 76 
5 55 83 
14 18 99 
33 50 39 
6 26 28 
14 33 28 
22 24 32 
97 83 56 
3 28 32 
23 70 9 
10 3 34 
7 96 43 
70 52 20 
10 3 31 
73 24 30 
95 13 91 
39 69 84 
100 85 6 
71 81 83 
31 4 40 
11 15 41 
4 98 65 
32 8 69 
67 51 1 
49 5 96 
10 15 65 
68 69 8 
55 31 11 
30 63 27 
41 70 79 
66 91 44 
30 62 67 
47 9 73 
36 18 20 
71 88 36 
45 97 72 
82 11 100 
56 60 81 
94 76 47 
55 100 36 
53 13 7 
67 27 85 
33 75 15 
96 72 90 
13 22 10 
49 79 25 
38 57 8 
43 75 78 
29 80 82 
87 60 80 
39 9 5 
69 49 26 
39 27 80 
86 66 98 
62 13 86 
72 37 4 
66 69 37 
96 68 63 
1 85 9 
38 31 25 
85 17 50 
11 27 100 
21 9 40 
15 30 51 
91 82 16 
46 9 6 
28 4 42 
10 64 19 
25 50 91 
93 89 55 
46 30 88 
96 71 33 
95 20 17 
71 80 85 
68 11 63 
64 86 49 
51 10 26 
15 71 69 
4 86 68 
67 75 58 
82 73 61 
68 82 15 
70 84 88 
70 88 38 
9 94 20 
6 34 17 
52 36 48 
41 86 34 
10 31 7 
18 49 17 
54 27 34 
67 100 79 
22 27 46 
38 57 40 
91 79 23 
31 55 52 
24 91 10 
46 1 55 
91 86 23 
57 46 31 
71 87 31 
98 39 7 
97 49 67 
33 81 49 
30 86 65 
29 33 41 
18 43 16 
75 56 52 
1 98 68 
57 26 72 
70 53 26 
14 89 43 
82 95 54 
31 59 65 
71 8 38 
97 99 40 
76 33 89 
88 11 14 
56 94 71 
31 26 86 
29 7 34 
26 5 90 
71 32 27 
63 5 60 
94 16 40 
8 55 2 
74 16 90 
98 82 99 
79 44 100 
9 53 40 
8 43 17 
80 61 10 
15 95 10 
41 30 68 
82 100 68 
91 78 35 
35 64 27 
23 46 36 
18 15 24 
64 70 29 
95 27 42 
14 20 79 
21 35 38 
22 51 80 
100 39 61 
11 85 24 
12 37 11 
76 19 90 
83 12 96 
8 64 92 
95 49 2 
77 61 90 
28 11 29 
14 12 75 
86 28 83 
25 86 34 
70 59 54 
10 15 84 
66 70 3 
78 52 50 
8 21 99 
96 20 25 
82 75 10 
94 45 40 
11 62 7 
25 57 19 
88 5 4 
46 2 9 
13 88 43 
28 33 25 
66 26 91 
14 86 65 
30 48 38 
61 71 43 
49 46 42 
84 8 71 
35 42 25 
6 70 28 
59 5 95 
43 88 47 
21 79 48 
59 5 73 
59 12 33 
76 12 81 
29 10 74 
38 42 19 
97 62 22 
17 23 96 
73 68 23 
7 4 86 
86 78 70 
92 51 20 
43 22 68 
71 1 43 
51 20 6 
70 28 54 
37 69 67 
61 6 35 
21 46 36 
35 54 51 
84 19 96 
51 38 26 
69 80 65 
73 98 24 
8 37 6 
92 18 82 
82 80 48 
8 63 19 
11 87 31 
79 64 38 
61 62 93 
71 45 20 
100 52 68 
80 33 62 
82 38 50 
9 58 44 
46 81 29 
75 72 93 
66 29 52 
92 1 80 
65 69 3 
4 54 74 
41 30 74 
35 89 92 
64 95 47 
11 71 12 
9 78 69 
69 49 94 
3 55 92 
52 86 72 
5 67 27 
98 23 55 
66 57 26 
14 50 21 
91 48 80 
73 29 25 
94 84 41 
69 17 49 
42 35 68 
57 9 51 
70 97 67 
36 53 70 
14 55 16 
27 25 58 
41 21 19 
64 80 13 
14 23 58 
56 50 49 
77 85 91 
77 72 44 
100 21 22 
79 93 29 
39 30 53 
27 48 93 
30 81 40 
48 24 79 
71 2 41 
12 67 35 
93 43 97 
41 47 86 
57 45 96 
29 34 9 
83 15 65 
1 35 76 
22 2 40 
79 83 100 
48 13 22 
32 60 70 
94 76 67 
37 3 75 
21 8 80 
78 31 88 
43 31 51 
22 95 57 
41 80 2 
9 85 70 
79 96 8 
75 89 97 
11 48 52 
25 53 19 
43 22 67 
91 20 63 
78 50 34 
52 48 39 
31 6 86 
93 94 23 
100 90 78 
41 49 50 
69 20 48 
83 14 57 
94 27 79 
35 10 34 
34 40 94 
38 85 55 
79 75 100 
28 81 48 
35 84 59 
5 38 95 
76 70 6 
78 72 97 
33 30 80 
4 38 14 
67 30 85 
37 75 65 
88 3 56 
86 35 59 
41 13 59 
95 71 52 
22 78 6 
41 48 24 
12 53 93 
3 54 61 
86 3 77 
13 42 60 
99 60 17 
6 52 97 
4 61 28 
10 56 91 
33 69 66 
8 25 19 
62 82 43 
18 48 64 
37 49 75 
43 96 1 
59 96 45 
98 45 8 
12 65 90 
25 87 16 
31 16 85 
38 67 13 
79 1 12 
22 65 88 
14 45 62 
70 72 76 
23 22 68 
78 46 1 
75 43 6 
89 95 86 
2 44 85 
93 62 63 
96 10 20 
62 51 49 
90 45 82 
52 93 80 
96 97 47 
46 9 23 
69 11 98 
5 78 80 
48 31 59 
48 70 84 
17 47 12 
55 59 89 
72 43 18 
9 46 80 
83 21 95 
96 91 48 
2 59 46 
46 54 66 
18 1 75 
100 79 84 
14 62 26 
27 39 31 
43 66 74 
6 62 97 
70 49 15 
91 28 78 
10 71 27 
16 65 35 
82 5 33 
43 73 19 
41 91 22 
32 87 20 
96 72 36 
89 22 35 
76 16 8 
4 83 45 
95 17 48 
47 30 36 
11 82 15 
94 80 13 
73 30 83 
69 86 24 
45 81 36 
6 69 26 
39 50 15 
50 55 2 
66 1 56 
70 2 92 
66 23 99 
42 88 47 
5 77 52 
41 74 47 
7 6 9 
68 93 36 
75 43 34 
8 10 4 
31 25 30 
33 67 96 
93 84 13 
48 52 90 
94 17 51 
80 75 27 
57 26 43 
30 7 65 
16 52 82 
23 45 3 
10 62 73 
12 61 96 
83 64 45 
36 96 83 
88 12 84 
26 50 87 
4 12 17 
42 80 65 
89 61 67 
48 6 20 
70 47 57 
40 52 64 
67 52 11 
62 90 74 
9 40 10 
73 3 91 
41 36 91 
33 30 68 
53 16 84 
78 57 47 
69 5 83 
53 88 71 
71 24 51 
51 36 73 
58 18 13 
3 10 44 
88 15 13 
85 28 78 
84 86 97 
99 55 1 
75 56 51 
5 100 73 
47 60 27 
20 82 8 
7 52 14 
36 63 16 
87 95 23 
89 56 64 
43 45 56 
11 43 60 
22 48 69 
23 44 45 
79 11 100 
79 25 9 
43 14 44 
25 50 42 
40 45 98 
68 26 69 
80 32 73 
33 54 80 
80 48 33 
43 55 54 
2 49 72 
62 49 80 
19 5 98 
24 13 61 
29 20 75 
97 67 87 
31 64 30 
97 14 54 
79 41 68 
88 49 95 
13 75 28 
34 2 63 
8 79 38 
38 31 46 
73 34 4 
28 2 19 
64 8 54 
52 81 74 
17 45 82 
76 100 65 
75 48 7 
72 40 94 
24 85 60 
47 43 34 
74 19 24 
57 76 82 
3 49 68 
42 67 74 
82 34 50 
97 14 5 
43 50 92 
57 4 47 
15 50 45 
77 66 37 
44 99 60 
37 27 83 
99 4 80 
29 18 64 
63 70 89 
14 55 15 
39 72 85 
53 47 20 
6 22 59 
31 51 78 
94 44 8 
48 34 89 
73 95 83 
87 36 59 
31 75 16 
71 43 40 
42 51 32 
73 81 67 
78 36 74 
92 5 48 
21 9 50 
51 60 17 
91 46 31 
94 41 1 
28 44 43 
48 71 66 
100 15 10 
43 30 46 
85 44 1 
96 65 2 
10 4 78 
81 59 34 
13 15 17 
95 74 70 
70 7 99 
67 99 3 
70 57 87 
49 23 32 
44 7 22 
74 66 41 
47 77 29 
2 53 31 
66 17 3 
48 77 74 
96 45 97 
33 77 95 
10 45 19 
46 18 87 
43 55 6 
93 98 22 
53 89 38 
97 29 99 
73 28 63 
30 31 96 
30 86 90 
44 82 93 
100 30 14 
9 83 38 
23 71 95 
97 66 2 
90 16 62 
10 16 90 
59 62 87 
59 95 25 
69 25 56 
77 93 52 
72 62 74 
14 82 93 
59 21 7 
32 36 33 
64 37 44 
41 14 3 
64 49 84 
7 41 85 
11 20 100 
19 10 56 
59 66 81 
27 48 16 
20 18 2 
32 21 9 
9 50 19 
19 27 72 
53 56 14 
14 99 71 
66 80 92 
89 6 7 
95 100 22 
24 67 10 
34 89 97 
43 61 63 
79 28 23 
38 46 80 
12 95 63 
3 40 30 
91 22 54 
1 99 88 
25 57 78 
28 24 9 
41 50 9 
13 29 14 
19 60 52 
56 6 38 
56 79 82 
29 56 27 
36 76 60 
31 33 77 
77 64 19 
65 64 72 
42 11 63 
19 95 1 
13 100 45 
43 93 23 
76 41 75 
1 38 84 
5 8 99 
41 88 3 
98 37 42 
49 45 54 
80 47 100 
70 22 58 
86 22 95 
32 31 28 
46 67 4 
68 83 51 
48 58 26 
17 76 85 
2 91 39 
63 85 9 
68 85 41 
77 46 72 
60 31 71 
43 81 10 
16 85 67 
6 57 34 
74 85 91 
68 34 91 
29 16 68 
20 73 41 
45 33 30 
1 28 54 
36 100 45 
40 27 79 
43 21 89 
67 13 49 
72 14 89 
69 59 80 
49 46 16 
71 45 91 
76 13 20 
83 20 84 
12 68 84 
88 57 30 
26 74 1 
34 31 58 
33 69 1 
44 79 86 
75 10 97 
1 63 7 
61 52 41 
70 82 15 
31 21 33 
27 12 28 
72 21 32 
47 48 64 
40 83 78 
27 23 7 
21 6 61 
70 59 5 
24 5 65 
91 46 29 
19 88 77 
65 64 46 
16 29 8 
45 23 99 
47 72 53 
15 92 3 
47 31 35 
11 44 35 
74 100 72 
25 64 66 
90 10 1 
90 60 45 
89 71 34 
18 10 95 
61 62 63 
51 11 60 
39 27 42 
22 87 31 
62 85 58 
67 27 61 
95 14 25 
35 68 19 
45 55 92 
86 46 17 
84 10 21 
44 2 84 
31 78 94 
82 80 25 
3 50 37 
26 8 42 
73 89 49 
72 44 69 
24 7 85 
38 21 23 
4 78 27 
26 33 81 
85 54 74 
78 54 76 
57 60 49 
96 9 34 
19 97 78 
10 12 89 
16 18 59 
13 73 45 
45 8 44 
69 91 62 
83 82 43 
71 54 5 
67 74 94 
71 15 74 
95 93 45 
15 30 13 
47 70 61 
98 56 100 
7 77 84 
42 25 87 
94 24 52 
32 16 50 
56 32 73 
35 53 6 
77 32 1 
35 96 78 
84 85 62 
35 76 78 
9 95 13 
24 37 8 
25 84 99 
74 4 25 
23 50 75 
97 88 8 
97 87 15 
51 60 48 
53 77 91 
16 64 39 
91 51 8 
31 23 18 
7 82 69 
83 13 100 
56 82 94 
67 64 13 
7 11 87 
17 66 31 
63 40 60 
38 2 29 
66 98 27 
77 73 79 
23 39 71 
40 36 79 
41 8 2 
63 57 75 
4 42 76 
14 4 15 
47 40 24 
7 1 14 
9 3 34 
13 40 19 
73 23 31 
1 34 15 
52 18 95 
26 6 42 
68 15 48 
33 18 44 
17 26 46 
96 69 45 
59 30 82 
93 55 99 
38 57 81 
55 21 5 
25 85 61 
82 70 73 
85 19 76 
90 98 93 
64 72 73 
73 2 92 
44 89 11 
46 100 39 
63 57 56 
51 29 58 
91 69 98 
46 56 97 
56 43 10 
95 72 76 
89 8 16 
17 5 62 
63 19 85 
22 69 33 
3 82 99 
71 17 80 
23 80 94 
87 11 10 
91 31 53 
98 51 25 
32 85 67 
44 79 3 
11 37 27 
14 56 54 
45 4 48 
5 27 96 
97 4 90 
25 63 32 
58 15 53 
87 72 80 
4 46 93 
86 18 96 
28 83 49 
35 91 43 
60 30 33 
60 40 28 
17 15 29 
16 53 26 
28 47 63 
49 77 91 
38 9 50 
67 64 68 
95 19 39 
51 13 16 
46 54 34 
61 17 47 
71 36 47 
59 78 99 
72 86 24 
19 10 3 
84 95 77 
63 95 38 
68 44 33 
9 8 37 
87 18 81 
96 16 62 
84 12 85 
49 34 58 
32 90 18 
81 64 89 
72 99 95 
16 46 56 
59 55 82 
27 15 97 
26 69 19 
34 15 68 
91 10 81 
3 35 43 
38 6 35 
90 98 73 
7 6 37 
1 64 81 
56 39 51 
35 25 21 
74 19 3 
2 63 18 
71 45 11 
75 63 100 
85 54 70 
29 30 32 
49 21 8 
54 27 9 
48 12 8 
92 20 48 
77 66 39 
79 21 8 
27 67 33 
80 76 36 
58 70 66 
12 57 97 
14 61 81 
79 14 12 
95 10 76 
73 70 27 
97 62 45 
92 64 34 
26 24 25 
42 26 50 
45 54 43 
84 13 26 
82 70 79 
19 33 32 
17 9 7 
28 6 90 
41 22 84 
45 83 3 
50 1 79 
6 75 14 
51 73 21 
41 24 54 
46 88 50 
13 67 34 
74 30 55 
86 24 53 
29 39 15 
33 49 53 
48 53 63 
83 100 22 
53 21 49 
37 88 11 
19 7 3 
21 53 91 
35 96 52 
98 2 55 
99 84 9 
54 79 56 
6 54 38 
24 87 2 
93 64 88 
65 3 14 
2 14 4 
69 14 53 
58 72 39 
10 68 66 
59 3 18 
80 76 78 
78 14 56 
18 6 15 
35 10 33 
64 85 20 
5 84 57 
89 64 23 
54 2 24 
44 40 80 
84 53 77 
87 80 26 
14 30 1 
71 86 69 
19 70 84 
14 19 89 
45 38 26 
53 65 90 
12 59 39 
18 38 62 
20 88 50 
35 42 21 
13 42 37 
74 83 59 
36 79 39 
40 21 37 
30 77 98 
96 100 51 
71 67 83 
74 52 8 
76 57 83 
6 79 60 
61 66 83 
39 78 35 
90 94 96 
60 36 21 
40 53 80 
25 29 21 
59 58 6 
16 42 98 
84 95 61 
91 13 4 
54 95 90 
54 55 87 
86 25 44 
7 46 40 
99 34 11 
58 94 69 
40 46 6 
48 79 51 
35 16 42 
21 16 19 
21 18 65 
28 70 34 
79 34 69 
85 65 78 
66 8 70 
70 23 51 
41 67 18 
80 54 14 
23 86 73 
94 9 76 
58 85 12 
76 74 56 
53 70 76 
2 57 37 
63 33 44 
52 97 79 
15 22 14 
85 79 70 
44 59 69 
45 78 80 
75 44 24 
44 53 10 
44 76 64 
13 68 79 
66 12 93 
64 25 58 
54 18 1 
15 33 45 
5 97 36 
46 42 100 
13 28 54 
94 66 83 
10 57 3 
96 15 12 
50 9 97 
91 50 83 
93 20 97 
75 77 11 
25 76 64 
19 15 71 
49 51 47 
61 99 32 
1 72 79 
46 19 50 
41 1 51 
45 39 73 
2 66 41 
27 86 14 
5 54 45 
71 47 15 
61 38 2 
10 14 33 
54 85 30 
10 8 85 
41 59 9 
28 80 72 
90 54 81 
25 97 23 
78 54 1 
78 1 59 
19 79 99 
43 37 87 
52 56 47 
47 80 70 
91 51 1 
26 82 61 
56 9 39 
82 20 80 
63 58 41 
53 69 96 
51 44 89 
65 35 63 
62 47 70 
37 75 85 
68 90 74 
50 29 54 
24 2 47 
53 58 88 
5 61 1 
40 69 19 
46 99 27 
79 34 20 
52 84 81 
75 48 77 
37 99 89 
26 100 53 
66 62 1 
22 59 35 
58 83 67 
61 43 16 
80 56 49 
12 29 99 
79 17 92 
54 26 19 
68 24 48 
97 5 11 
56 37 48 
27 20 65 
8 65 20 
88 99 58 
46 71 84 
34 65 88 
31 18 24 
51 100 95 
6 36 95 
88 8 86 
65 6 51 
40 16 66 
1 24 15 
61 35 95 
82 42 74 
91 55 48 
26 10 7 
45 37 43 
39 75 7 
32 75 8 
30 51 83 
94 97 75 
89 55 65 
23 53 44 
44 49 98 
49 55 6 
52 48 79 
78 25 47 
94 97 79 
76 61 90 
77 89 2 
13 42 39 
82 48 100 
24 6 87 
91 28 88 
68 90 57 
33 35 85 
46 3 14 
74 68 21 
1 21 89 
63 54 75 
30 16 80 
68 48 35 
48 99 92 
23 9 92 
40 79 54 
63 16 82 
44 49 63 
66 4 78 
68 60 31 
39 58 49 
40 44 34 
66 61 6 
73 16 70 
33 57 62 
5 89 97 
62 47 33 
27 97 17 
25 2 61 
72 34 78 
6 50 36 
87 49 44 
100 43 94 
26 37 20 
66 65 80 
42 95 54 
43 54 13 
13 29 5 
48 100 95 
4 28 81 
82 84 17 
30 5 97 
55 30 3 
33 63 31 
57 49 76 
72 93 24 
1 73 76 
16 45 93 
95 92 19 
79 35 24 
4 45 28 
12 18 76 
7 84 52 
87 56 85 
50 82 85 
30 16 93 
29 10 94 
32 22 5 
87 9 4 
55 11 37 
38 46 22 
76 23 1 
89 95 38 
71 44 91 
69 62 86 
5 53 86 
96 34 64 
95 35 47 
56 49 8 
18 5 34 
16 9 30 
20 64 89 
87 94 8 
38 1 74 
21 73 40 
97 53 85 
85 39 95 
10 13 26 
9 72 82 
92 55 20 
66 36 93 
89 25 11 
20 79 45 
24 79 59 
26 23 64 
35 50 17 
22 15 71 
18 47 86 
16 43 52 
71 54 99 
78 97 58 
72 42 29 
24 92 71 
64 46 16 
66 38 68 
26 43 99 
82 37 12 
29 38 45 
12 23 73 
47 53 78 
4 5 36 
88 84 50 
39 33 91 
56 86 93 
36 5 58 
48 93 71 
91 40 49 
18 72 63 
73 31 27 
41 99 95 
5 58 33 
70 97 46 
72 39 9 
22 96 75 
19 66 42 
68 43 94 
52 27 44 
40 20 65 
44 9 6 
8 54 49 
67 65 2 
36 67 41 
26 45 6 
99 86 12 
10 53 74 
87 80 31 
42 20 59 
29 42 98 
22 39 73 
93 52 16 
44 6 24 
90 65 37 
82 88 68 
68 79 99 
57 63 69 
44 93 20 
18 90 30 
34 99 89 
79 20 8 
7 21 95 
45 42 54 
23 62 1 
87 99 60 
22 42 61 
82 54 47 
47 54 36 
5 4 62 
81 1 11 
16 19 79 
44 59 36 
26 29 95 
17 33 59 
77 87 71 
100 64 55 
92 48 49 
85 98 19 
9 58 78 
6 74 95 
25 38 49 
96 81 88 
100 85 59 
73 91 24 
40 12 51 
99 6 100 
73 25 92 
18 97 39 
87 58 15 
98 66 84 
14 64 92 
61 1 52 
48 74 98 
77 55 69 
3 93 66 
89 24 60 
2 33 30 
23 62 14 
73 18 98 
6 39 60 
27 12 14 
24 91 21 
93 66 84 
96 97 41 
27 32 56 
19 9 8 
44 25 6 
93 7 51 
11 1 38 
90 58 50 
86 51 49 
92 5 98 
1 12 7 
13 90 76 
11 99 68 
72 23 88 
8 3 13 
88 52 60 
25 8 83 
14 68 96 
81 24 71 
13 33 76 
72 18 83 
82 67 81 
92 18 60 
18 86 19 
30 52 8 
51 97 93 
67 36 76 
96 18 13 
36 20 26 
67 80 86 
37 13 53 
100 88 86 
94 49 29 
56 50 30 
53 16 85 
17 44 75 
13 11 68 
23 18 47 
71 15 93 
33 89 46 
55 77 80 
94 52 28 
79 15 24 
33 96 42 
56 28 45 
58 85 63 
83 66 80 
34 91 37 
45 8 59 
49 26 44 
6 51 85 
35 21 74 
88 87 20 
71 26 87 
41 87 35 
53 75 95 
48 55 9 
84 78 32 
27 71 58 
8 56 53 
96 39 89 
4 15 18 
40 48 43 
27 64 66 
99 12 100 
19 83 73 
33 19 57 
12 63 36 
23 57 67 
39 12 14 
35 2 75 
16 15 22 
54 22 8 
28 66 81 
74 1 67 
33 59 74 
62 56 76 
49 29 51 
78 11 97 
42 55 88 
100 86 42 
75 30 55 
36 25 8 
25 93 76 
67 85 89 
36 10 46 
46 7 24 
87 50 22 
54 80 85 
8 23 84 
84 6 37 
27 2 71 
63 82 41 
49 11 46 
18 11 43 
85 50 39 
78 35 87 
52 87 79 
59 89 75 
31 24 21 
63 12 98 
37 31 77 
7 70 23 
87 16 63 
100 58 67 
15 66 19 
44 38 97 
23 97 1 
6 86 42 
41 61 55 
31 30 67 
56 14 44 
14 33 61 
8 11 90 
52 45 11 
34 61 58 
99 48 12 
69 25 71 
82 96 49 
17 33 20 
89 5 25 
75 13 87 
76 94 91 
31 4 98 
69 5 82 
78 56 58 
17 47 19 
69 62 42 
31 46 44 
41 23 25 
40 82 91 
84 36 71 
62 72 33 
58 90 73 
90 84 51 
17 64 79 
43 59 75 
65 78 3 
19 100 82 
90 27 81 
46 54 61 
92 58 21 
3 26 81 
95 75 28 
52 56 20 
2 43 78 
44 32 81 
75 94 87 
88 58 85 
67 17 64 
57 32 54 
38 76 60 
20 38 85 
34 65 16 
47 55 5 
89 66 32 
38 39 21 
7 68 40 
35 94 20 
45 77 25 
90 60 3 
98 75 18 
95 98 83 
50 49 17 
86 79 77 
42 7 74 
87 85 73 
72 38 2 
34 13 36 
18 30 47 
38 90 69 
99 100 34 
84 38 33 
81 65 60 
18 63 81 
95 91 46 
4 94 61 
37 5 78 
96 20 26 
77 8 12 
77 60 12 
98 4 84 
64 40 94 
84 33 34 
12 100 39 
64 20 78 
12 68 66 
90 86 17 
8 37 30 
60 61 80 
35 20 78 
22 10 34 
92 15 99 
25 70 17 
2 46 80 
46 3 21 
6 98 32 
73 38 67 
4 20 88 
18 70 5 
96 5 6 
20 22 51 
61 40 5 
54 52 82 
92 51 9 
29 1 70 
29 86 22 
72 89 71 
82 39 46 
20 83 30 
10 87 36 
53 13 59 
57 4 95 
17 42 25 
64 46 36 
72 22 46 
95 17 47 
64 78 22 
22 58 59 
53 95 35 
47 36 65 
18 64 26 
26 8 21 
49 90 8 
73 69 90 
16 12 92 
18 93 7 
31 74 33 
69 83 34 
73 64 12 
92 97 40 
62 53 78 
73 83 12 
98 56 17 
24 68 1 
3 16 84 
3 20 73 
91 94 20 
77 21 9 
18 3 7 
28 12 56 
68 22 60 
23 53 68 
90 83 27 
28 6 34 
11 29 27 
34 12 32 
92 85 21 
77 92 8 
29 45 70 
21 2 45 
28 22 15 
71 48 3 
41 1 22 
78 97 38 
84 26 6 
51 62 88 
51 36 31 
76 74 92 
43 25 28 
52 40 55 
88 65 23 
30 63 41 
11 34 73 
10 66 24 
91 32 65 
44 25 99 
61 99 93 
78 53 42 
75 93 8 
46 37 96 
19 15 75 
91 85 42 
71 44 75 
50 58 49 
14 39 60 
16 55 50 
53 3 59 
3 36 76 
62 95 51 
35 9 58 
84 7 3 
45 41 27 
40 80 9 
69 52 78 
95 33 16 
62 80 53 
50 4 73 
5 76 64 
100 72 19 
81 27 28 
65 54 49 
42 7 50 
28 23 75 
2 83 41 
74 92 96 
18 8 49 
13 58 28 
54 26 2 
45 95 49 
82 60 81 
68 14 86 
33 96 57 
11 50 78 
35 30 94 
81 69 46 
97 15 7 
78 56 24 
54 21 60 
24 75 28 
45 12 67 
67 56 69 
5 24 44 
22 64 97 
39 14 81 
44 47 78 
28 1 29 
79 44 75 
88 54 11 
70 86 54 
36 8 53 
38 85 89 
49 28 59 
32 26 37 
40 20 59 
62 75 61 
7 34 16 
18 44 85 
26 37 41 
63 49 24 
99 5 1 
97 28 87 
52 49 39 
65 77 94 
48 2 3 
25 80 72 
43 73 77 
4 100 81 
8 93 96 
88 87 43 
70 45 17 
66 68 30 
43 24 50 
96 63 35 
38 59 68 
23 16 87 
15 91 68 
31 13 28 
91 85 94 
52 26 59 
9 62 17 
52 50 47 
50 9 13 
29 11 48 
44 4 64 
25 68 41 
54 39 100 
39 42 38 
100 3 64 
45 77 17 
21 48 86 
22 24 6 
92 14 94 
76 17 23 
80 31 55 
55 82 33 
73 92 35 
2 76 80 
82 31 75 
60 99 63 
76 96 64 
60 82 56 
33 12 85 
40 78 24 
56 73 53 
75 27 41 
50 81 32 
14 53 58 
72 80 26 
34 74 41 
65 7 55 
38 1 57 
64 33 60 
26 20 64 
68 90 1 
20 34 10 
19 18 22 
19 94 70 
90 63 4 
42 15 69 
45 89 78 
4 32 52 
7 17 58 
19 25 10 
84 27 17 
13 26 49 
63 56 19 
9 33 59 
73 66 83 
9 19 51 
75 35 54 
5 75 27 
88 9 99 
42 7 66 
19 11 10 
10 29 18 
13 59 63 
88 64 10 
16 12 78 
26 83 75 
95 27 10 
89 84 15 
71 39 15 
26 57 10 
15 22 76 
77 50 58 
65 14 11 
63 53 44 
57 60 64 
2 99 90 
21 12 57 
85 47 29 
26 64 31 
41 78 63 
100 85 1 
37 34 89 
9 44 36 
38 97 29 
76 90 73 
68 38 82 
31 91 25 
80 95 40 
2 90 33 
99 31 55 
14 40 9 
73 11 10 
25 47 82 
79 66 27 
19 85 14 
92 54 5 
100 91 16 
44 29 55 
92 12 99 
81 28 31 
12 31 72 
94 99 23 
7 30 32 
69 4 78 
3 57 69 
96 71 2 
35 48 52 
8 62 3 
23 35 49 
98 95 100 
19 55 98 
94 84 5 
2 35 99 
69 78 63 
9 52 24 
33 13 53 
3 12 7 
45 28 34 
7 12 60 
36 77 34 
10 24 14 
97 67 89 
62 20 38 
37 19 87 
11 50 56 
82 13 74 
66 54 34 
68 51 78 
3 32 34 
23 55 92 
52 19 79 
99 36 30 
69 22 52 
14 5 23 
82 89 65 
75 88 14 
78 26 48 
43 13 46 
32 70 34 
40 32 65 
22 58 49 
15 36 34 
40 86 64 
45 96 25 
15 86 14 
65 69 30 
30 44 94 
70 1 49 
50 1 8 
31 18 27 
85 36 48 
78 100 99 
88 99 93 
16 2 50 
68 40 60 
93 87 85 
33 25 66 
43 66 39 
47 32 27 
63 55 99 
94 77 41 
82 72 33 
70 83 74 
89 5 11 
87 99 53 
41 74 48 
3 67 41 
35 69 16 
27 87 1 
68 54 20 
66 75 82 
70 67 90 
15 55 8 
18 25 77 
90 53 87 
13 63 18 
69 63 94 
43 66 24 
50 81 56 
40 42 56 
53 96 85 
44 95 81 
85 76 54 
64 21 55 
53 38 50 
5 74 39 
15 31 35 
1 12 58 
98 7 46 
49 8 29 
71 76 94 
49 93 69 
31 77 99 
66 14 72 
31 69 23 
38 50 45 
65 1 59 
28 5 90 
1 62 77 
79 76 67 
16 93 100 
5 52 87 
41 93 68 
72 46 3 
100 75 87 
10 64 100 
44 18 51 
30 92 42 
62 29 40 
21 91 31 
35 78 29 
70 71 20 
43 36 19 
53 38 49 
14 17 88 
95 30 67 
59 61 46 
41 17 64 
62 24 45 
72 69 54 
87 57 24 
16 40 21 
15 29 16 
17 86 89 
68 6 47 
88 53 22 
74 83 2 
20 18 29 
50 27 76 
2 49 75 
25 26 82 
81 96 64 
78 61 81 
20 33 59 
75 23 88 
25 46 35 
20 95 90 
58 73 25 
41 84 31 
63 80 93 
99 78 11 
43 77 84 
78 59 76 
24 27 55 
32 53 24 
63 95 15 
43 25 11 
64 68 95 
50 73 76 
18 86 71 
67 64 43 
12 59 38 
21 27 76 
65 58 36 
70 86 17 
99 100 15 
88 37 84 
35 1 48 
16 72 100 
82 34 41 
95 40 91 
100 25 2 
53 95 14 
96 26 24 
9 87 88 
6 47 64 
93 57 21 
63 61 54 
87 58 38 
53 89 49 
33 57 98 
65 17 55 
72 42 17 
64 8 45 
10 65 21 
11 26 84 
81 59 37 
19 17 22 
29 25 62 
73 10 97 
80 52 14 
19 95 49 
70 10 44 
76 46 33 
41 44 64 
66 92 69 
32 14 31 
10 56 99 
12 25 76 
11 4 16 
77 66 72 
49 39 30 
28 93 14 
12 47 21 
47 80 91 
17 60 52 
25 62 13 
24 22 80 
39 66 5 
89 54 65 
10 94 62 
12 71 66 
10 50 80 
2 11 10 
41 20 12 
98 43 21 
25 2 57 
18 17 43 
3 69 73 
21 20 11 
54 19 24 
66 29 60 
4 74 44 
46 84 26 
11 79 46 
17 73 99 
2 49 17 
47 41 60 
4 50 80 
72 65 88 
100 94 91 
53 47 26 
29 76 67 
87 16 50 
91 46 83 
56 32 26 
63 77 85 
37 90 20 
70 74 47 
77 88 21 
84 9 40 
82 31 22 
3 12 26 
48 25 89 
10 72 4 
49 29 13 
28 10 21 
95 65 75 
99 4 44 
73 37 91 
98 30 50 
69 98 13 
19 50 5 
89 66 36 
99 41 74 
27 10 94 
75 60 45 
38 64 2 
4 82 9 
10 27 54 
33 50 1 
48 68 77 
12 56 94 
58 10 19 
8 28 100 
41 22 29 
21 49 63 
76 62 88 
32 27 86 
78 58 11 
77 66 14 
6 15 58 
21 34 13 
39 64 65 
27 44 31 
34 95 50 
46 6 2 
94 14 38 
18 23 28 
1 75 33 
38 25 93 
73 16 37 
56 64 90 
21 72 55 
20 64 31 
27 88 10 
33 24 57 
64 76 10 
93 15 57 
33 91 45 
78 83 62 
76 39 92 
23 83 16 
86 80 72 
53 55 51 
59 8 28 
68 69 49 
74 16 24 
2 42 33 
50 12 51 
73 63 44 
34 15 42 
89 58 47 
70 57 58 
58 57 33 
2 55 88 
44 97 9 
28 90 22 
92 8 53 
52 49 95 
66 37 99 
30 65 21 
52 49 54 
11 36 31 
71 30 41 
12 47 92 
79 74 75 
5 95 87 
90 57 89 
10 97 49 
5 42 71 
26 3 85 
64 75 13 
37 94 90 
60 6 40 
73 39 62 
41 64 33 
69 5 57 
77 60 47 
10 6 95 
84 76 45 
51 42 100 
96 8 9 
5 86 23 
54 10 55 
61 60 70 
29 92 74 
10 5 42 
26 40 75 
88 85 33 
10 76 5 
56 2 84 
23 12 65 
68 29 65 
31 9 29 
33 15 86 
2 57 99 
15 68 4 
2 60 66 
22 85 65 
58 54 20 
32 25 13 
35 37 52 
57 19 44 
28 85 62 
98 71 80 
16 83 75 
91 83 87 
14 85 23 
68 53 25 
13 86 16 
50 93 80 
3 87 75 
2 77 50 
37 1 70 
23 50 22 
95 44 93 
31 70 3 
38 13 31 
65 10 9 
65 51 48 
2 47 53 
4 12 19 
99 42 23 
84 64 70 
76 25 48 
74 4 55 
26 54 57 
46 59 11 
20 3 7 
1 66 23 
59 3 73 
17 63 96 
69 84 79 
99 55 21 
65 4 70 
10 48 33 
20 13 67 
28 50 85 
11 37 19 
16 82 83 
17 42 12 
97 9 51 
46 62 68 
48 60 67 
53 84 97 
81 31 95 
61 9 49 
73 81 32 
98 80 17 
76 90 39 
30 33 29 
15 24 81 
30 6 87 
9 82 18 
94 27 56 
23 41 57 
92 49 38 
74 5 92 
14 58 93 
9 80 12 
34 38 60 
100 12 27 
24 47 76 
6 77 99 
33 63 74 
24 25 82 
57 75 69 
86 95 4 
3 12 84 
68 49 46 
22 10 66 
83 24 55 
78 75 69 
51 94 59 
72 98 96 
98 46 32 
52 48 41 
28 7 34 
84 36 76 
82 28 72 
97 100 62 
85 75 19 
8 75 95 
36 62 17 
3 57 14 
85 37 25 
26 20 52 
53 40 79 
1 81 77 
54 58 83 
28 7 70 
61 54 75 
4 86 21 
8 45 18 
26 62 88 
90 68 93 
81 62 16 
87 55 60 
3 7 77 
3 8 32 
23 97 21 
26 73 58 
86 31 81 
55 49 84 
30 23 44 
74 55 51 
36 82 63 
81 70 40 
66 78 51 
71 83 92 
23 62 36 
91 87 23 
37 17 54 
82 49 84 
73 37 28 
40 68 14 
49 34 9 
3 98 71 
88 45 55 
96 100 40 
42 65 77 
32 98 12 
92 85 47 
30 58 70 
58 20 12 
39 9 86 
39 53 32 
26 6 91 
84 31 85 
3 25 10 
100 34 64 
97 57 3 
62 48 82 
49 58 51 
82 19 24 
22 82 70 
94 38 43 
43 3 79 
99 18 1 
44 73 10 
45 99 26 
89 63 20 
8 70 10 
52 73 82 
43 41 20 
79 89 26 
89 19 24 
63 22 51 
80 37 100 
97 38 83 
62 82 56 
81 72 89 
62 95 60 
76 41 88 
45 58 80 
19 77 98 
39 89 19 
2 34 26 
44 46 57 
4 83 94 
24 86 31 
36 63 87 
47 73 30 
2 16 60 
12 14 1 
68 48 18 
91 55 14 
84 29 76 
1 22 14 
81 61 56 
60 41 73 
87 95 35 
31 34 51 
47 84 36 
85 34 11 
67 62 35 
12 36 79 
44 15 54 
3 57 26 
19 14 34 
28 11 25 
39 18 80 
75 39 50 
6 14 19 
20 6 7 
41 26 28 
33 46 94 
64 86 1 
62 34 53 
21 77 49 
33 76 99 
26 62 80 
69 50 8 
74 24 58 
67 61 19 
74 81 10 
33 44 42 
17 69 15 
27 3 6 
56 78 98 
86 15 75 
50 8 74 
14 65 89 
51 8 12 
65 19 17 
39 38 79 
69 71 33 
36 66 90 
53 61 67 
78 81 43 
86 42 53 
24 53 40 
6 87 96 
63 49 62 
38 36 27 
62 92 96 
16 74 29 
97 83 37 
19 39 99 
28 88 26 
84 98 90 
24 6 65 
5 69 17 
6 51 57 
18 33 100 
25 68 73 
57 68 72 
24 61 73 
39 94 72 
51 4 31 
52 80 94 
60 24 16 
43 31 40 
8 63 23 
60 87 69 
54 1 95 
54 2 8 
87 62 9 
57 54 12 
19 70 69 
18 12 16 
75 50 77 
81 36 70 
95 82 97 
86 80 55 
39 65 29 
34 5 39 
76 87 91 
18 80 72 
76 72 25 
72 98 92 
67 11 61 
100 65 17 
69 4 83 
32 23 66 
98 80 42 
19 50 66 
49 87 74 
56 25 81 
95 93 76 
41 14 7 
6 92 17 
45 38 23 
55 95 25 
47 29 37 
46 96 43 
54 59 87 
80 95 42 
14 22 89 
25 11 53 
61 28 70 
1 57 18 
46 8 24 
96 57 61 
51 61 66 
43 6 27 
99 83 62 
3 60 70 
14 27 46 
13 55 67 
86 19 77 
90 21 6 
25 58 38 
48 14 12 
14 73 48 
12 38 60 
19 33 51 
15 12 95 
45 100 57 
43 46 56 
56 49 44 
96 17 32 
49 94 72 
66 26 87 
93 41 47 
23 36 95 
96 17 22 
9 54 70 
62 51 1 
42 10 65 
29 12 71 
95 31 74 
95 9 44 
90 99 19 
90 12 4 
3 33 47 
40 59 2 
71 97 50 
70 1 85 
71 10 39 
4 40 30 
2 71 69 
8 64 16 
6 80 37 
30 78 29 
48 15 24 
81 32 59 
5 21 73 
58 44 73 
100 83 60 
16 28 38 
78 34 51 
79 66 72 
52 30 89 
27 66 12 
81 68 26 
19 74 34 
84 71 76 
76 8 19 
10 86 24 
22 24 48 
39 27 91 
23 52 13 
54 12 17 
4 59 77 
52 56 57 
91 58 47 
61 48 47 
1 54 40 
16 17 18 
48 73 27 
73 70 62 
18 31 49 
41 100 27 
66 14 78 
14 41 71 
21 50 61 
6 99 64 
55 13 27 
86 73 95 
52 17 49 
79 74 28 
15 64 11 
54 70 72 
37 46 16 
65 7 51 
41 15 86 
69 85 36 
70 71 43 
61 53 38 
61 45 8 
31 83 98 
45 20 30 
58 89 12 
45 67 18 
9 25 11 
14 35 85 
1 81 45 
85 17 52 
53 52 72 
31 26 11 
52 84 3 
95 28 17 
25 81 79 
8 38 84 
6 65 41 
13 69 41 
31 62 91 
48 30 88 
52 5 32 
23 95 63 
42 26 97 
13 57 10 
63 49 51 
57 45 38 
87 4 84 
58 78 70 
57 31 56 
100 54 58 
84 15 30 
30 66 79 
77 11 92 
79 2 17 
3 11 44 
22 42 13 
53 95 39 
5 52 91 
38 58 9 
26 64 79 
91 94 51 
75 49 50 
65 71 30 
66 82 7 
10 34 45 
37 25 92 
30 39 45 
46 51 31 
2 52 57 
65 98 85 
72 97 95 
49 4 26 
76 77 28 
44 87 47 
79 7 38 
59 13 94 
75 68 92 
35 93 22 
39 28 83 
99 23 82 
39 7 88 
94 4 97 
40 96 77 
36 90 23 
55 81 17 
1 36 43 
33 25 90 
45 66 24 
99 9 23 
71 87 40 
51 87 75 
7 53 40 
90 88 15 
39 78 30 
34 49 94 
93 94 61 
64 59 98 
15 78 32 
50 24 100 
78 92 33 
100 53 92 
50 79 9 
23 74 35 
22 23 2 
39 70 85 
43 32 6 
89 88 86 
40 54 70 
96 30 70 
44 40 53 
77 63 97 
70 52 16 
27 45 72 
86 94 91 
64 1 5 
86 85 76 
95 20 39 
38 41 52 
14 23 99 
63 7 49 
36 25 10 
79 81 42 
6 32 89 
32 71 18 
25 39 52 
49 40 7 
5 81 72 
36 19 1 
60 36 20 
100 85 94 
1 35 73 
71 1 52 
6 56 16 
81 95 76 
45 50 14 
100 18 30 
4 7 6 
92 80 4 
78 28 49 
99 39 38 
82 29 41 
89 25 61 
40 82 67 
74 56 77 
67 94 30 
84 23 34 
1 49 95 
20 93 28 
58 73 85 
90 45 61 
45 42 20 
88 6 23 
76 21 83 
9 62 8 
64 49 35 
50 96 7 
25 33 73 
64 42 48 
47 26 58 
22 3 47 
83 18 15 
100 7 3 
23 29 24 
44 93 18 
43 81 26 
24 14 63 
77 93 17 
87 84 51 
80 96 17 
93 8 86 
33 12 92 
80 100 17 
16 33 12 
33 37 3 
68 94 18 
47 33 83 
60 29 21 
11 25 16 
92 55 31 
64 52 28 
20 82 60 
51 11 35 
13 53 57 
79 31 87 
66 85 69 
29 27 57 
16 57 20 
53 76 42 
93 64 53 
53 15 50 
22 2 75 
51 30 25 
87 63 82 
96 9 70 
39 54 31 
29 61 7 
61 60 99 
63 45 86 
56 84 4 
7 24 49 
54 22 10 
38 26 63 
38 64 65 
66 99 70 
41 39 33 
18 87 72 
79 5 96 
12 35 72 
66 99 5 
26 47 29 
60 35 11 
62 37 33 
41 12 88 
84 95 31 
4 8 44 
1 30 60 
31 16 69 
14 78 36 
53 94 65 
67 64 11 
69 46 48 
52 10 35 
28 22 62 
55 84 33 
19 29 76 
42 43 45 
15 54 71 
86 55 50 
47 32 1 
99 48 22 
17 78 65 
43 68 18 
11 16 15 
26 42 55 
55 91 68 
66 63 27 
10 68 40 
29 83 47 
86 81 3 
1 23 82 
76 26 14 
97 5 67 
60 82 36 
42 77 40 
6 42 5 
12 61 29 
64 26 46 
97 29 51 
90 85 14 
90 26 53 
4 19 79 
54 22 26 
85 6 44 
92 27 87 
60 6 71 
42 89 39 
88 84 18 
38 87 21 
33 12 63 
77 97 17 
37 70 14 
36 51 49 
7 98 64 
15 50 90 
4 55 15 
67 61 41 
36 53 44 
93 97 8 
77 17 89 
86 78 55 
90 19 15 
41 86 64 
71 48 78 
74 87 3 
45 73 58 
12 50 34 
63 99 22 
1 9 17 
82 28 3 
30 84 53 
58 25 79 
35 1 39 
71 33 93 
100 31 16 
42 54 27 
76 35 39 
20 16 23 
42 97 9 
8 45 28 
51 7 12 
79 59 95 
23 86 32 
41 54 44 
84 72 29 
92 39 60 
87 51 42 
2 6 96 
37 72 76 
29 73 53 
27 67 3 
98 41 40 
56 6 52 
19 49 71 
39 31 81 
68 20 46 
95 79 16 
9 37 4 
24 5 93 
15 46 78 
62 40 21 
97 50 42 
69 98 24 
38 98 88 
61 93 90 
43 77 29 
88 4 56 
28 88 72 
54 16 4 
8 78 85 
1 52 3 
96 16 64 
39 24 81 
54 76 38 
2 81 86 
9 10 88 
53 73 17 
64 37 72 
36 98 61 
76 14 36 
100 66 61 
4 39 30 
16 52 64 
8 28 38 
2 72 57 
54 25 9 
51 30 77 
57 89 81 
52 2 88 
42 99 97 
28 15 33 
19 97 35 
39 60 97 
18 68 10 
29 48 16 
96 74 95 
50 58 30 
93 81 66 
31 14 37 
28 91 26 
74 97 20 
18 67 40 
13 3 78 
40 89 39 
2 1 7 
67 48 44 
41 69 5 
58 38 57 
84 7 68 
66 87 96 
70 50 57 
67 20 71 
95 26 1 
65 78 1 
85 34 32 
88 60 32 
25 65 16 
84 74 33 
34 1 98 
36 60 77 
36 81 29 
37 92 75 
40 11 73 
32 19 80 
93 63 83 
58 50 55 
21 44 45 
7 27 100 
71 84 78 
3 50 44 
92 4 53 
100 13 28 
23 7 30 
84 14 27 
47 7 46 
26 75 19 
94 53 16 
100 68 40 
51 89 20 
6 80 15 
44 25 91 
82 88 93 
63 35 57 
43 2 30 
62 24 53 
61 73 16 
12 72 59 
19 66 34 
67 87 71 
73 97 16 
88 41 94 
52 39 35 
81 89 71 
85 38 2 
67 85 10 
2 1 82 
62 92 77 
89 29 33 
76 41 9 
51 6 14 
38 62 73 
38 65 28 
86 10 43 
69 22 82 
85 82 64 
11 23 13 
27 93 78 
48 42 88 
93 99 97 
34 67 8 
70 76 82 
43 4 58 
19 5 70 
54 33 6 
38 26 65 
9 63 42 
49 31 43 
51 72 9 
22 97 26 
34 59 55 
87 55 50 
93 35 86 
12 58 92 
61 46 76 
4 17 53 
51 13 22 
3 53 37 
27 23 20 
78 88 46 
97 4 65 
87 18 52 
21 85 16 
78 32 58 
69 34 60 
1 12 87 
54 27 7 
53 88 93 
55 26 4 
92 28 49 
79 87 47 
29 24 46 
11 16 18 
18 15 30 
75 17 46 
18 87 38 
5 91 37 
22 13 92 
76 40 69 
8 47 63 
73 69 58 
7 4 47 
76 13 38 
47 84 34 
68 50 71 
86 95 42 
65 68 61 
5 94 19 
47 83 78 
72 83 8 
25 64 26 
31 3 21 
32 37 27 
15 24 39 
38 50 41 
95 67 28 
37 84 45 
86 50 21 
76 4 96 
21 69 84 
46 76 68 
51 35 17 
95 73 77 
98 56 42 
45 96 82 
51 24 19 
22 15 38 
75 76 79 
99 75 22 
98 47 13 
78 56 13 
37 92 19 
66 76 35 
72 78 32 
70 94 33 
2 4 59 
100 60 32 
88 50 69 
92 14 56 
86 83 35 
13 32 72 
32 17 10 
74 53 49 
11 82 14 
75 81 83 
59 4 58 
24 64 37 
41 31 6 
29 33 16 
28 40 72 
29 83 2 
45 72 73 
91 59 82 
9 88 83 
69 19 64 
24 90 47 
60 67 81 
5 95 19 
56 40 31 
21 82 91 
76 44 13 
99 23 86 
71 8 86 
78 100 67 
78 88 58 
94 40 1 
48 72 82 
80 59 81 
100 69 3 
14 85 92 
45 71 67 
60 4 35 
20 11 2 
78 45 3 
99 100 48 
96 71 67 
54 59 65 
58 66 100 
56 45 26 
38 18 48 
34 98 67 
26 58 97 
72 22 75 
39 67 18 
43 34 69 
83 55 85 
82 80 19 
97 31 90 
43 46 93 
65 86 22 
69 22 98 
35 4 16 
92 21 64 
33 90 75 
15 62 27 
36 21 9 
82 38 81 
18 24 60 
87 53 37 
34 100 48 
68 78 86 
67 80 92 
37 5 86 
40 89 45 
82 6 74 
99 9 59 
62 85 92 
63 58 71 
13 29 27 
76 32 75 
67 58 20 
8 91 97 
79 51 81 
98 24 54 
76 39 87 
35 40 28 
78 43 52 
100 67 84 
21 37 72 
19 6 82 
25 42 94 
22 74 94 
95 93 100 
45 21 31 
24 62 61 
24 93 41 
82 96 39 
88 10 21 
21 18 23 
91 27 58 
24 8 92 
91 16 83 
88 4 53 
34 80 42 
11 87 66 
74 43 69 
62 59 54 
48 23 20 
2 98 24 
79 26 23 
15 94 58 
77 62 47 
41 25 96 
46 47 80 
79 6 25 
36 98 85 
14 5 76 
85 14 46 
45 37 12 
56 41 43 
88 61 1 
96 74 9 
64 52 14 
48 81 40 
32 12 15 
52 24 56 
66 62 99 
62 46 32 
59 10 26 
29 33 47 
47 43 13 
52 100 14 
77 29 68 
44 67 29 
23 59 88 
69 80 94 
8 98 5 
13 84 67 
22 40 75 
96 24 99 
69 80 72 
64 35 99 
28 48 85 
95 29 74 
54 79 26 
66 84 91 
62 82 47 
48 96 33 
35 5 90 
20 49 2 
59 52 60 
40 46 19 
17 2 52 
66 70 46 
79 29 22 
64 47 28 
82 77 59 
43 46 6 
36 51 48 
27 12 19 
11 22 6 
55 27 37 
67 92 55 
43 5 81 
87 1 17 
81 5 70 
43 24 93 
31 97 48 
61 22 43 
27 94 69 
5 16 33 
28 40 22 
8 33 25 
9 74 82 
31 22 44 
16 11 56 
8 37 96 
56 84 55 
100 3 60 
73 91 54 
48 47 51 
22 78 30 
31 20 58 
49 34 72 
52 89 2 
81 23 30 
37 87 10 
20 18 3 
14 87 78 
60 2 39 
85 39 45 
62 70 66 
19 18 68 
74 89 37 
21 70 17 
27 25 8 
3 7 58 
26 54 43 
11 59 37 
56 91 73 
67 93 38 
72 63 97 
50 70 68 
73 45 100 
79 30 90 
7 36 73 
13 69 3 
28 53 22 
10 20 88 
9 47 85 
60 17 29 
57 40 41 
83 41 96 
92 90 3 
81 37 65 
99 15 33 
21 7 3 
99 52 59 
22 67 28 
68 97 57 
11 19 26 
5 63 91 
27 84 93 
88 26 95 
56 21 51 
72 70 92 
94 99 86 
36 75 5 
37 40 75 
33 100 54 
73 83 18 
100 2 4 
7 3 8 
77 90 34 
18 13 1 
4 19 91 
64 8 99 
11 5 57 
72 87 12 
97 9 13 
18 32 51 
28 97 38 
3 98 96 
9 70 95 
28 34 8 
19 17 37 
82 95 79 
77 58 59 
57 44 51 
99 78 18 
43 37 16 
35 23 94 
90 85 20 
13 39 82 
38 25 15 
14 85 28 
58 77 27 
34 80 22 
25 80 17 
55 34 56 
25 1 67 
58 1 17 
75 49 21 
72 4 28 
46 87 39 
5 56 58 
85 29 36 
93 50 51 
70 39 55 
49 21 31 
36 53 75 
100 88 70 
18 7 52 
41 60 67 
37 50 94 
13 2 25 
3 30 16 
66 99 58 
77 99 97 
82 50 95 
52 83 94 
43 38 44 
40 84 42 
39 65 73 
62 24 41 
12 53 22 
66 52 87 
76 27 49 
37 16 48 
22 80 63 
79 96 61 
100 3 18 
99 29 33 
78 42 76 
40 66 14 
35 62 77 
44 100 57 
78 25 76 
42 44 71 
21 70 76 
7 56 11 
77 57 67 
28 51 53 
68 58 40 
69 4 71 
76 74 54 
34 31 90 
70 59 97 
65 53 28 
84 63 78 
95 36 9 
35 27 97 
14 84 60 
78 7 44 
29 21 88 
15 58 92 
55 50 60 
43 81 17 
61 35 46 
81 59 23 
40 25 84 
58 66 83 
69 13 80 
39 80 21 
58 38 72 
44 77 16 
66 29 86 
99 14 74 
76 19 87 
78 53 88 
93 62 39 
75 89 71 
8 58 62 
22 20 80 
47 66 28 
91 51 45 
4 68 18 
1 85 87 
15 30 26 
60 26 39 
58 76 23 
88 33 83 
13 9 16 
16 91 69 
16 80 8 
95 64 66 
48 17 13 
67 86 52 
44 64 66 
29 18 98 
80 45 41 
10 7 64 
76 16 36 
99 24 38 
71 16 56 
57 60 5 
17 76 61 
74 20 93 
13 80 91 
19 36 89 
65 33 68 
86 40 46 
35 58 78 
28 19 64 
74 2 90 
31 27 50 
62 4 40 
8 48 35 
61 75 36 
44 51 70 
75 2 91 
5 49 72 
92 39 57 
10 55 9 
53 89 82 
65 87 92 
2 58 44 
67 93 59 
93 25 87 
66 6 16 
75 91 92 
99 1 12 
30 32 49 
3 16 59 
40 21 78 
17 97 44 
9 19 96 
9 42 30 
46 54 71 
32 48 82 
21 78 2 
56 80 98 
68 10 75 
13 6 47 
26 20 15 
68 80 82 
43 68 27 
87 46 48 
24 2 86 
96 94 27 
37 89 38 
29 59 99 
26 9 19 
25 26 39 
78 87 62 
96 60 31 
49 96 45 
64 86 100 
6 12 74 
71 29 56 
18 25 60 
71 25 86 
88 68 29 
45 64 77 
20 24 10 
73 62 17 
22 29 18 
72 41 21 
38 34 53 
94 79 44 
7 11 32 
29 44 11 
43 77 26 
43 8 36 
42 91 100 
49 23 59 
55 58 75 
32 21 85 
73 12 36 
80 89 75 
74 64 39 
24 47 72 
33 60 56 
29 11 52 
54 47 95 
27 88 79 
81 59 27 
10 73 53 
4 65 25 
91 22 4 
65 54 76 
53 16 54 
10 94 14 
36 14 62 
24 62 31 
94 32 73 
88 95 59 
88 4 68 
46 54 93 
76 19 23 
55 41 19 
82 49 32 
35 71 68 
4 88 26 
96 13 29 
87 82 15 
19 77 74 
32 5 26 
90 18 58 
70 23 52 
52 84 43 
79 93 74 
42 2 48 
84 30 35 
17 24 90 
45 31 88 
29 93 6 
27 63 14 
41 19 87 
38 50 93 
70 98 92 
56 17 76 
75 37 41 
6 42 45 
8 91 34 
62 34 94 
12 97 24 
100 74 94 
77 80 97 
11 71 73 
92 89 57 
24 39 43 
27 23 71 
2 44 52 
26 8 98 
3 78 27 
12 34 19 
57 82 27 
24 49 99 
89 1 8 
52 3 77 
72 89 15 
75 2 89 
25 70 81 
44 75 99 
13 46 71 
76 25 13 
90 48 93 
9 87 70 
87 95 11 
31 57 75 
21 13 14 
37 97 21 
20 49 50 
56 49 16 
94 10 79 
93 22 59 
82 36 40 
15 85 12 
34 94 89 
100 15 92 
40 1 79 
90 22 19 
14 100 50 
96 56 97 
24 5 42 
30 95 85 
39 63 90 
14 54 94 
44 27 87 
7 40 19 
78 60 79 
99 77 60 
63 10 61 
41 69 22 
21 72 64 
88 87 5 
58 94 24 
68 62 17 
40 89 2 
1 50 28 
96 41 89 
33 52 97 
77 69 65 
91 81 66 
43 32 88 
18 2 49 
29 52 8 
95 91 90 
64 97 72 
20 47 21 
79 27 62 
72 71 90 
90 43 58 
31 64 36 
100 69 26 
67 68 63 
66 56 10 
15 17 74 
77 22 29 
92 55 88 
53 79 52 
35 40 8 
1 59 89 
30 22 94 
74 93 7 
11 92 37 
96 46 73 
73 1 80 
48 58 86 
97 63 17 
79 66 29 
52 73 38 
71 94 29 
87 43 85 
5 99 98 
98 40 74 
21 33 51 
56 35 100 
32 92 21 
76 39 1 
89 35 4 
78 75 4 
35 58 48 
59 95 47 
36 25 37 
75 26 60 
16 2 72 
57 46 100 
29 89 75 
62 98 51 
59 23 26 
84 39 74 
88 85 8 
74 84 86 
2 53 64 
39 77 46 
26 63 100 
100 53 70 
1 89 38 
65 52 10 
83 61 18 
43 37 63 
79 59 71 
19 27 59 
79 66 90 
99 9 2 
76 88 25 
12 97 49 
45 27 43 
22 60 99 
57 79 94 
1 92 28 
85 37 81 
42 27 93 
45 33 100 
70 65 80 
27 58 37 
83 63 64 
45 60 22 
58 93 100 
67 15 53 
37 62 67 
68 93 1 
97 59 33 
13 68 3 
29 71 63 
43 9 40 
92 88 91 
38 87 16 
91 78 94 
87 23 83 
1 26 76 
62 72 31 
75 96 24 
39 77 35 
71 88 6 
55 28 22 
16 52 99 
86 93 92 
11 16 46 
25 80 28 
87 10 57 
47 24 66 
92 37 98 
34 84 87 
39 34 90 
3 91 25 
97 80 59 
10 65 22 
51 22 31 
23 58 86 
50 47 27 
7 42 62 
17 11 55 
98 9 85 
36 24 92 
57 43 98 
53 46 37 
88 87 95 
80 22 97 
50 84 33 
15 61 80 
25 34 54 
71 93 68 
1 93 19 
61 91 74 
44 3 93 
92 93 31 
27 32 81 
83 39 64 
96 8 74 
72 3 91 
98 27 42 
79 53 64 
51 89 31 
97 50 64 
74 97 25 
99 7 50 
21 48 33 
33 8 92 
94 81 65 
17 100 95 
19 54 80 
32 43 75 
13 17 39 
79 90 48 
1 99 65 
18 77 58 
48 6 13 
23 17 45 
81 61 35 
56 90 97 
44 13 17 
78 11 57 
34 73 84 
95 10 93 
73 18 15 
11 8 92 
84 10 69 
37 16 87 
27 24 33 
76 42 91 
7 17 97 
41 16 1 
24 55 65 
4 29 36 
50 4 100 
26 9 28 
19 68 30 
14 16 19 
86 60 30 
45 14 41 
27 72 60 
11 92 18 
33 92 17 
49 100 12 
93 88 13 
80 75 51 
78 89 34 
23 81 52 
24 84 98 
7 16 97 
81 84 93 
71 84 94 
31 64 91 
81 18 23 
98 29 43 
77 93 16 
75 57 24 
70 26 49 
55 4 60 
40 25 88 
8 6 71 
2 79 41 
32 21 25 
39 15 8 
79 50 62 
93 26 64 
97 98 47 
5 91 23 
73 36 26 
12 16 3 
80 73 18 
38 96 56 
37 6 69 
75 43 18 
68 16 72 
99 5 55 
77 56 68 
69 83 29 
78 71 74 
16 55 63 
63 76 35 
99 2 32 
43 55 71 
25 82 99 
25 100 38 
48 45 55 
62 5 75 
56 100 43 
63 3 71 
45 93 8 
14 70 61 
14 52 69 
46 23 81 
64 60 15 
14 1 45 
79 36 83 
22 43 45 
97 87 70 
86 80 32 
20 9 1 
43 38 11 
33 69 74 
89 69 88 
35 81 71 
71 80 34 
98 82 77 
30 74 2 
67 71 18 
97 90 73 
60 4 37 
34 50 29 
74 87 25 
41 19 35 
30 9 71 
76 17 3 
69 75 42 
45 59 36 
34 68 2 
55 68 88 
35 59 20 
8 15 76 
71 46 37 
48 83 75 
62 27 58 
90 23 21 
74 18 10 
31 39 19 
4 100 39 
45 95 53 
42 6 66 
18 94 28 
51 81 45 
10 85 89 
18 97 93 
70 3 93 
1 24 22 
33 37 84 
30 17 67 
86 84 9 
9 87 23 
41 87 72 
73 92 63 
21 50 97 
97 9 67 
48 54 74 
84 42 76 
11 67 27 
1 11 79 
15 23 90 
84 37 22 
1 14 88 
30 77 45 
12 17 81 
32 19 24 
56 6 35 
99 26 37 
22 15 61 
65 38 75 
54 17 59 
76 21 90 
24 45 12 
34 31 25 
38 72 76 
70 20 91 
23 64 69 
52 34 88 
32 46 95 
54 59 52 
8 24 89 
9 63 41 
88 73 98 
82 17 77 
55 81 22 
65 38 69 
2 38 1 
32 5 68 
99 23 24 
3 13 18 
32 94 29 
93 44 81 
24 2 57 
53 61 66 
57 25 72 
89 98 40 
100 40 71 
99 28 79 
89 36 20 
3 29 96 
76 44 2 
34 38 43 
22 11 34 
64 69 79 
22 73 99 
99 59 16 
87 55 19 
11 63 83 
98 46 38 
11 6 76 
49 30 4 
78 8 48 
48 73 31 
21 87 78 
66 55 75 
98 5 79 
42 17 63 
93 62 21 
51 2 100 
22 82 87 
74 70 91 
82 63 100 
1 45 30 
98 1 55 
1 32 99 
46 41 79 
58 42 79 
7 90 91 
79 57 89 
21 84 92 
67 71 32 
2 49 69 
96 54 60 
74 57 54 
7 52 61 
35 59 47 
20 76 54 
77 43 62 
79 66 9 
55 14 28 
71 94 69 
6 40 22 
67 51 55 
83 84 22 
66 18 51 
60 32 5 
12 68 7 
46 66 18 
36 15 16 
5 18 96 
29 23 69 
93 94 91 
35 16 11 
28 42 37 
87 83 24 
30 2 94 
53 87 91 
18 60 89 
96 68 22 
91 83 38 
43 46 28 
3 15 18 
77 100 29 
17 16 14 
35 90 1 
29 83 90 
81 84 49 
91 1 4 
55 60 81 
42 89 53 
52 13 45 
81 68 47 
32 10 63 
58 27 72 
98 6 47 
93 47 38 
35 76 95 
99 15 23 
81 25 21 
74 27 51 
57 19 61 
90 69 80 
35 21 16 
74 1 78 
19 57 36 
1 64 21 
36 23 65 
66 3 14 
6 48 28 
60 93 72 
95 44 31 
90 94 55 
58 23 9 
89 61 88 
69 98 64 
59 82 87 
26 98 33 
34 59 66 
21 53 33 
49 73 99 
65 58 8 
67 46 47 
30 51 44 
52 1 89 
22 13 40 
22 93 66 
24 87 42 
22 28 79 
59 24 16 
28 17 58 
4 42 47 
14 38 10 
32 60 90 
97 51 40 
68 79 78 
72 6 19 
77 31 30 
42 22 74 
23 48 93 
18 14 98 
61 39 24 
89 85 36 
16 56 69 
67 84 1 
55 3 73 
4 43 12 
7 65 27 
45 15 58 
18 38 21 
17 34 56 
37 50 83 
75 67 100 
57 22 47 
15 21 32 
88 12 23 
91 43 46 
35 15 74 
5 24 74 
71 49 7 
99 53 83 
8 62 89 
34 57 2 
9 73 76 
96 41 68 
7 8 50 
34 84 57 
95 43 71 
75 81 68 
76 35 36 
6 78 74 
21 37 33 
56 35 44 
84 69 33 
82 3 80 
20 83 28 
41 50 8 
93 89 88 
57 45 31 
47 95 61 
14 37 2 
63 88 89 
99 17 75 
45 41 28 
14 78 84 
5 63 74 
29 25 67 
53 35 55 
90 69 86 
15 45 27 
61 49 11 
19 43 11 
19 79 42 
14 72 53 
12 50 65 
45 46 49 
80 48 97 
25 66 1 
41 91 39 
78 66 92 
72 3 34 
18 33 60 
6 84 50 
6 2 9 
94 79 20 
16 33 19 
49 76 32 
36 81 28 
70 82 29 
18 85 57 
20 34 4 
85 74 96 
49 29 16 
21 74 72 
26 24 15 
32 40 43 
81 65 21 
16 61 100 
20 29 4 
27 40 35 
58 96 25 
36 68 17 
11 69 88 
67 79 77 
30 62 1 
19 100 55 
38 5 44 
2 46 95 
28 1 70 
64 78 19 
6 75 19 
65 61 71 
16 18 27 
51 59 9 
79 54 76 
58 89 73 
78 53 96 
70 75 14 
97 34 53 
85 74 78 
65 71 3 
47 19 43 
4 34 54 
13 99 47 
5 47 18 
56 77 80 
3 47 63 
7 59 52 
2 30 16 
89 55 88 
80 100 14 
98 74 3 
61 91 100 
60 19 14 
5 97 45 
41 54 38 
13 80 3 
14 8 47 
35 48 66 
38 23 65 
88 17 7 
84 31 68 
44 2 10 
50 67 89 
21 13 94 
3 68 73 
40 44 98 
59 30 27 
4 69 74 
64 57 54 
13 40 61 
41 65 45 
11 45 14 
72 38 97 
12 89 79 
72 27 86 
95 28 33 
60 95 46 
68 86 70 
55 26 10 
36 63 83 
30 54 44 
77 89 67 
53 100 6 
20 22 1 
29 24 34 
15 31 47 
6 78 7 
23 13 83 
27 32 59 
92 90 88 
90 49 99 
33 10 1 
35 13 31 
57 53 12 
75 51 16 
100 1 34 
46 7 25 
47 82 58 
19 79 45 
1 52 56 
70 23 41 
89 92 100 
45 47 70 
61 26 36 
23 96 44 
69 51 4 
98 20 43 
30 97 39 
53 95 7 
62 43 48 
24 93 13 
71 88 37 
43 44 75 
59 82 19 
63 85 47 
56 98 91 
36 27 74 
76 75 74 
73 6 63 
81 46 100 
44 24 25 
41 87 27 
36 54 57 
33 36 17 
39 11 57 
97 100 35 
8 96 48 
66 99 51 
93 19 62 
86 58 19 
28 96 83 
74 25 78 
58 72 41 
10 29 2 
90 8 50 
18 69 36 
56 36 8 
44 3 89 
96 86 63 
10 80 1 
1 71 68 
16 10 85 
41 6 57 
63 58 78 
41 93 29 
49 42 51 
18 53 57 
20 50 1 
18 1 70 
93 57 13 
64 44 59 
37 46 40 
84 95 58 
18 55 43 
5 38 99 
32 17 1 
80 96 14 
74 70 75 
80 100 55 
73 26 21 
91 42 93 
51 34 39 
63 45 54 
86 78 18 
9 88 78 
56 17 38 
36 53 71 
24 88 39 
100 21 62 
11 32 52 
75 52 12 
43 36 13 
67 71 53 
51 60 80 
59 72 3 
96 84 92 
100 49 62 
62 66 97 
46 26 12 
9 64 97 
35 22 75 
94 40 10 
27 12 87 
51 57 63 
46 87 29 
38 68 74 
21 26 77 
16 24 22 
30 81 39 
12 52 20 
36 37 62 
3 15 26 
48 22 79 
53 59 11 
48 89 44 
26 12 6 
21 1 25 
48 97 92 
31 65 45 
63 82 21 
96 91 85 
9 10 17 
72 47 68 
97 99 79 
31 1 70 
69 19 78 
50 79 33 
7 25 20 
86 4 56 
32 58 21 
1 5 27 
73 74 33 
74 2 25 
56 76 45 
39 42 36 
89 61 50 
33 7 12 
12 62 87 
75 54 81 
82 32 12 
2 13 88 
43 46 25 
97 32 91 
20 72 61 
68 48 45 
47 36 73 
6 8 60 
22 92 35 
68 52 45 
78 13 52 
31 56 90 
20 84 90 
55 20 23 
48 90 32 
46 96 75 
36 81 97 
45 12 84 
91 51 99 
2 91 25 
16 65 40 
97 7 100 
44 33 69 
35 28 23 
49 33 46 
8 49 86 
75 83 78 
6 81 74 
44 50 75 
49 21 81 
3 50 68 
32 92 11 
33 46 6 
32 69 10 
38 35 83 
20 93 27 
6 66 97 
19 14 17 
27 12 62 
11 34 8 
71 37 19 
41 14 59 
39 54 28 
30 42 45 
15 45 11 
62 56 49 
61 1 32 
38 32 59 
21 84 94 
85 20 77 
22 87 100 
39 59 41 
35 21 14 
38 98 61 
53 80 67 
79 96 36 
72 78 59 
26 80 25 
47 88 33 
19 98 2 
30 34 8 
30 23 50 
7 91 74 
33 22 58 
98 77 71 
40 45 56 
38 12 28 
17 9 38 
28 46 94 
49 45 33 
95 6 38 
52 55 88 
75 30 47 
23 87 28 
20 45 25 
43 71 66 
15 71 72 
32 74 41 
100 93 17 
31 58 29 
21 60 81 
96 73 62 
69 28 98 
3 52 10 
40 74 4 
90 3 4 
6 22 16 
68 45 94 
12 88 29 
68 56 51 
27 74 11 
70 52 29 
32 5 13 
18 83 79 
32 9 25 
48 58 40 
39 8 44 
92 90 31 
34 100 4 
93 19 89 
59 16 33 
3 85 33 
96 57 67 
99 29 18 
39 4 13 
30 54 40 
46 55 67 
6 19 100 
95 71 40 
35 3 67 
44 3 59 
21 13 71 
95 18 26 
68 32 70 
72 24 71 
97 77 82 
25 69 7 
25 94 15 
91 45 98 
12 51 43 
81 71 13 
36 56 65 
66 48 3 
32 97 23 
13 34 2 
36 79 91 
22 17 97 
29 74 82 
76 46 89 
97 9 2 
36 9 64 
83 65 1 
23 30 89 
97 1 60 
57 48 26 
49 48 6 
70 60 23 
59 84 13 
41 63 23 
82 37 79 
1 36 99 
36 64 91 
38 30 21 
33 58 83 
46 7 51 
29 77 44 
39 35 67 
78 46 36 
8 81 83 
57 80 67 
8 10 36 
70 49 34 
49 96 83 
35 79 82 
74 12 60 
92 46 22 
80 68 88 
17 67 40 
58 62 66 
14 55 6 
97 5 99 
45 14 37 
8 14 5 
62 76 12 
48 71 79 
49 30 45 
54 6 79 
57 90 96 
42 86 67 
53 100 96 
5 50 78 
10 4 80 
56 1 44 
10 58 64 
22 44 37 
17 72 96 
11 90 96 
6 47 26 
26 40 28 
25 15 68 
64 78 52 
93 1 46 
27 74 18 
16 63 35 
56 3 82 
11 47 57 
77 96 37 
52 28 49 
22 46 40 
36 95 96 
73 37 66 
75 41 34 
40 67 7 
41 21 10 
3 72 17 
8 83 37 
92 61 49 
56 82 48 
22 32 82 
17 37 94 
95 20 74 
4 62 34 
90 8 6 
33 94 59 
72 7 25 
66 14 63 
47 66 32 
41 39 51 
73 19 23 
46 5 58 
74 92 20 
53 17 14 
92 87 21 
81 71 25 
49 73 54 
66 85 22 
41 15 42 
20 19 13 
91 86 58 
25 97 79 
9 68 37 
98 83 58 
91 13 50 
67 25 63 
61 10 43 
96 4 34 
98 53 46 
39 29 68 
69 70 60 
65 64 49 
48 26 4 
75 32 45 
49 65 95 
41 20 13 
14 25 8 
42 74 13 
24 64 11 
97 54 15 
73 70 83 
36 34 68 
29 18 56 
54 3 95 
83 67 89 
31 27 69 
48 8 15 
25 42 38 
7 97 26 
25 48 78 
12 39 45 
61 69 65 
55 37 30 
43 26 15 
39 57 8 
80 45 59 
20 82 94 
44 51 46 
45 3 81 
58 90 72 
20 1 30 
61 37 48 
24 94 13 
39 42 86 
77 73 14 
75 89 49 
78 42 4 
100 2 30 
10 94 8 
66 40 52 
3 25 24 
67 55 10 
97 99 58 
80 44 50 
47 51 93 
39 50 22 
36 11 75 
68 42 51 
41 59 52 
11 22 12 
60 62 32 
27 77 98 
51 24 30 
31 25 29 
69 58 18 
76 38 89 
12 34 51 
56 5 59 
18 31 47 
10 58 74 
33 48 27 
46 89 45 
1 38 56 
44 32 83 
88 20 12 
2 90 76 
19 22 44 
1 48 67 
36 23 22 
17 96 78 
41 79 28 
5 44 56 
72 47 23 
3 17 27 
6 12 2 
4 46 34 
1 18 65 
89 88 11 
30 64 96 
24 14 68 
8 99 98 
97 12 2 
82 77 34 
15 33 60 
86 49 30 
92 22 56 
7 15 36 
34 5 100 
38 32 58 
74 67 81 
38 43 78 
73 43 83 
67 83 43 
60 17 26 
76 87 40 
24 58 40 
2 22 54 
93 66 97 
37 97 74 
70 92 24 
13 47 10 
60 26 61 
33 53 15 
27 4 25 
27 45 69 
43 90 34 
68 83 97 
8 32 82 
68 37 91 
29 39 32 
36 56 87 
37 69 20 
12 23 60 
60 7 73 
10 73 40 
72 50 74 
10 62 90 
95 5 35 
100 8 21 
34 90 48 
68 61 5 
82 76 1 
80 29 81 
83 64 37 
14 16 46 
30 37 96 
95 40 31 
8 65 77 
31 68 40 
87 11 64 
82 84 81 
36 22 93 
91 64 78 
94 57 76 
75 89 20 
57 85 66 
34 87 46 
18 92 5 
50 88 35 
66 51 33 
19 11 67 
70 56 51 
98 84 35 
79 39 83 
33 70 85 
77 68 67 
38 31 36 
43 50 4 
66 3 60 
76 97 55 
38 68 41 
83 81 82 
67 31 48 
44 27 89 
31 74 16 
12 63 1 
1 34 28 
86 27 58 
64 85 10 
65 93 64 
53 73 95 
7 91 33 
95 76 67 
60 73 55 
31 4 29 
31 80 85 
40 59 67 
84 74 53 
23 93 44 
55 37 20 
83 13 66 
96 32 28 
68 35 54 
18 96 47 
37 66 81 
80 76 43 
12 57 65 
32 19 25 
80 81 35 
24 49 98 
85 72 35 
47 59 51 
100 30 22 
52 53 99 
74 45 59 
66 53 3 
56 36 28 
14 60 99 
52 81 24 
88 61 67 
71 19 46 
2 13 77 
99 55 4 
71 70 83 
57 17 51 
47 89 51 
60 7 45 
17 60 91 
33 51 99 
41 77 1 
14 65 45 
52 17 79 
46 55 14 
46 37 97 
18 92 66 
12 71 59 
13 67 43 
28 17 78 
85 3 46 
34 51 47 
17 2 34 
10 52 31 
62 21 51 
17 20 99 
4 12 99 
26 87 68 
24 29 51 
53 73 84 
39 53 24 
30 88 36 
73 75 74 
2 93 3 
12 80 94 
23 72 67 
76 23 31 
9 52 3 
26 6 7 
99 30 43 
35 31 64 
6 31 35 
9 37 17 
34 66 41 
38 70 30 
72 46 25 
60 38 21 
81 71 17 
3 58 32 
85 77 3 
19 53 28 
3 83 73 
76 33 41 
61 1 35 
61 94 57 
72 34 41 
35 88 5 
5 45 98 
94 77 14 
78 50 54 
57 39 56 
51 2 17 
73 8 93 
92 23 84 
38 7 23 
86 53 41 
90 7 15 
49 20 79 
38 42 52 
8 18 48 
75 21 56 
67 84 31 
69 15 45 
76 3 71 
4 22 35 
38 40 95 
16 62 28 
15 24 59 
44 73 37 
31 100 77 
16 57 1 
22 4 53 
71 49 43 
9 64 8 
19 59 42 
62 70 27 
44 34 59 
14 59 42 
93 88 37 
45 76 99 
27 62 87 
13 49 12 
14 71 9 
49 58 87 
32 26 30 
9 33 18 
55 22 18 
65 59 36 
38 54 58 
50 6 59 
19 2 10 
82 26 34 
35 94 9 
7 68 8 
24 3 63 
47 53 74 
43 32 77 
18 62 100 
49 31 36 
30 90 49 
97 60 47 
31 52 64 
85 80 49 
87 98 63 
29 85 63 
45 49 62 
9 77 45 
72 55 87 
41 81 26 
81 42 84 
65 61 72 
95 94 57 
27 55 80 
91 78 77 
93 6 83 
100 15 70 
4 75 34 
97 61 15 
47 35 66 
51 18 95 
81 53 60 
100 15 64 
66 55 91 
27 34 43 
72 54 93 
74 45 89 
98 76 23 
94 52 2 
32 8 78 
76 38 27 
13 40 20 
50 60 25 
77 25 81 
8 62 33 
85 4 43 
34 18 58 
24 33 14 
27 16 58 
92 18 63 
20 2 4 
79 20 72 
40 50 56 
39 64 88 
71 90 31 
82 88 49 
22 26 43 
61 53 18 
29 84 48 
88 47 55 
2 26 81 
62 41 3 
62 60 3 
54 61 64 
53 59 87 
78 30 87 
46 81 79 
10 65 43 
8 74 73 
97 89 23 
13 58 93 
39 86 27 
29 84 90 
69 47 44 
64 51 26 
32 25 16 
31 78 32 
33 78 74 
80 22 79 
1 89 51 
67 86 24 
9 89 81 
85 43 73 
63 47 62 
32 94 33 
46 13 27 
39 70 34 
31 39 60 
14 95 63 
95 42 76 
3 95 8 
50 51 37 
53 38 84 
43 38 10 
25 91 38 
8 52 86 
27 20 64 
31 90 47 
22 71 20 
62 18 60 
75 62 97 
24 93 90 
32 36 76 
30 38 56 
28 11 12 
62 55 59 
20 50 67 
88 57 5 
74 68 59 
72 15 86 
65 26 94 
40 74 47 
67 27 99 
15 76 7 
8 33 59 
93 83 80 
6 19 74 
42 82 68 
3 67 34 
28 14 45 
2 64 28 
58 70 96 
62 77 78 
45 34 81 
24 88 37 
30 12 37 
38 43 95 
82 1 50 
76 87 69 
1 70 88 
20 69 88 
17 61 100 
90 93 44 
65 40 98 
64 40 45 
6 53 67 
30 15 66 
12 87 76 
53 87 97 
53 5 13 
37 52 67 
4 37 56 
28 27 57 
28 98 67 
33 17 62 
32 4 75 
38 77 33 
20 16 82 
99 10 57 
94 73 56 
83 63 18 
3 100 37 
89 25 98 
20 29 54 
33 62 60 
79 62 14 
28 92 41 
68 12 50 
73 87 45 
89 30 12 
24 92 6 
90 94 57 
49 53 93 
50 83 7 
35 10 32 
37 39 61 
85 79 40 
54 55 15 
45 29 65 
80 40 88 
72 99 51 
57 28 44 
19 14 1 
65 60 37 
77 69 40 
92 8 89 
68 16 48 
22 79 50 
69 59 49 
41 83 16 
65 55 13 
85 25 73 
24 34 18 
97 21 17 
62 85 56 
5 20 26 
11 30 18 
73 45 74 
68 57 7 
27 7 86 
71 91 16 
82 95 80 
35 95 60 
58 93 90 
42 58 47 
19 49 91 
71 33 83 
3 94 33 
87 42 81 
82 7 96 
4 68 8 
27 64 32 
74 89 60 
13 76 7 
3 86 74 
62 34 85 
26 56 69 
38 93 37 
99 84 82 
85 14 48 
36 29 87 
79 67 23 
69 34 56 
56 13 95 
41 63 15 
15 67 89 
30 60 47 
61 43 36 
5 46 68 
77 54 65 
65 40 86 
22 9 29 
55 25 21 
52 36 88 
18 64 38 
74 1 24 
75 49 23 
73 1 25 
2 54 83 
86 35 77 
14 97 34 
98 41 37 
92 3 64 
35 24 7 
21 66 23 
1 81 79 
63 61 14 
40 58 86 
7 85 8 
44 72 96 
54 60 37 
29 13 80 
40 68 72 
37 22 63 
57 81 87 
41 32 54 
26 5 3 
17 53 34 
38 26 15 
33 67 22 
93 97 96 
38 72 73 
40 89 33 
38 31 68 
61 25 99 
39 67 84 
47 90 46 
72 69 41 
88 7 12 
39 97 20 
51 94 58 
76 51 68 
100 35 65 
29 83 41 
21 27 31 
34 65 15 
46 25 9 
26 53 31 
48 90 77 
36 62 2 
39 14 17 
29 48 52 
78 77 7 
58 71 8 
30 65 40 
90 41 84 
65 8 75 
22 23 32 
89 66 61 
94 48 29 
40 63 31 
7 37 13 
51 48 77 
58 55 7 
51 78 61 
6 59 68 
44 37 66 
39 83 16 
13 44 60 
31 36 79 
65 31 50 
75 61 87 
9 80 85 
69 47 40 
5 7 39 
64 79 99 
62 99 68 
96 35 64 
42 41 80 
18 99 63 
25 86 32 
28 66 74 
7 15 14 
13 54 80 
13 30 26 
41 17 50 
42 23 83 
35 12 81 
97 91 14 
40 46 57 
4 1 67 
78 58 59 
19 90 73 
73 64 52 
2 37 85 
49 24 32 
15 34 3 
11 14 12 
43 13 41 
93 80 81 
7 53 46 
13 75 79 
4 51 40 
67 26 60 
85 74 51 
21 37 79 
31 37 34 
42 100 23 
58 53 52 
100 83 88 
75 70 92 
10 60 49 
92 19 86 
32 84 79 
38 35 33 
68 90 5 
11 70 40 
40 88 14 
67 80 18 
26 7 20 
36 75 24 
55 42 7 
46 26 5 
41 95 87 
77 96 60 
16 81 43 
65 58 80 
74 13 63 
13 44 42 
33 52 65 
71 53 26 
59 17 29 
14 44 29 
79 27 23 
30 70 11 
97 66 18 
95 69 23 
30 79 99 
89 22 71 
7 37 36 
64 30 48 
62 78 25 
64 59 39 
35 7 58 
29 28 48 
87 62 23 
68 56 9 
88 98 35 
43 61 89 
70 49 52 
66 84 15 
72 35 34 
90 16 17 
29 6 94 
22 17 71 
26 75 20 
64 45 71 
61 86 70 
26 71 63 
19 30 51 
13 58 49 
9 2 55 
31 87 23 
20 70 31 
55 15 81 
100 69 48 
80 52 10 
43 84 5 
65 95 14 
97 90 40 
48 97 40 
21 23 22 
48 62 61 
74 84 100 
84 85 54 
79 37 16 
1 20 44 
54 78 70 
7 75 1 
48 23 11 
14 54 91 
43 36 41 
7 16 20 
53 15 9 
92 82 77 
21 28 38 
73 17 30 
77 92 6 
86 47 84 
99 57 82 
29 79 46 
78 37 88 
5 6 91 
93 65 26 
72 27 87 
92 53 81 
59 34 19 
40 50 78 
61 37 11 
38 12 69 
32 12 33 
75 55 60 
72 83 47 
53 60 79 
40 42 24 
45 18 60 
10 2 94 
59 34 60 
88 29 59 
49 25 84 
51 84 37 
37 74 7 
30 19 65 
99 17 78 
1 11 17 
48 2 12 
34 75 94 
32 18 25 
51 100 11 
27 54 53 
52 55 71 
84 69 29 
29 91 42 
11 96 51 
43 50 37 
52 5 34 
35 3 24 
5 74 35 
10 48 63 
16 100 36 
79 11 66 
11 70 89 
41 75 74 
9 55 44 
66 22 76 
70 53 9 
53 86 71 
43 41 80 
35 8 34 
92 94 59 
63 60 20 
22 91 71 
32 94 1 
68 92 19 
56 4 35 
51 53 78 
100 18 67 
17 38 45 
2 40 82 
30 23 46 
48 21 88 
35 20 75 
34 78 36 
14 5 98 
17 9 71 
53 79 39 
10 88 90 
8 84 87 
41 22 26 
64 50 92 
20 53 41 
14 66 21 
59 58 31 
14 38 21 
30 38 45 
63 39 98 
95 8 45 
15 22 32 
39 8 86 
42 44 14 
34 3 33 
85 81 80 
11 78 70 
81 25 67 
66 90 40 
12 31 34 
94 97 29 
84 85 13 
31 56 55 
91 81 2 
12 52 61 
40 53 19 
29 66 4 
8 54 82 
76 20 38 
17 98 61 
97 35 66 
49 35 8 
2 50 91 
31 33 9 
4 1 62 
22 34 18 
62 54 33 
71 77 73 
39 98 62 
60 24 27 
62 57 95 
82 89 66 
26 31 96 
63 50 53 
88 65 14 
49 77 14 
63 57 36 
80 1 89 
43 100 37 
79 13 25 
19 52 53 
64 92 43 
18 53 33 
65 69 39 
40 49 66 
71 42 90 
7 15 99 
45 43 18 
28 53 62 
38 76 65 
81 18 34 
22 72 56 
81 13 2 
63 75 85 
92 58 55 
44 43 97 
52 13 48 
14 49 2 
99 36 49 
4 79 86 
86 66 74 
85 43 1 
55 22 30 
40 87 34 
82 20 52 
55 39 22 
19 16 29 
47 17 83 
55 96 19 
29 50 40 
88 19 68 
96 94 86 
70 98 59 
63 42 60 
31 65 5 
5 34 26 
44 97 1 
62 29 98 
94 20 44 
1 71 21 
65 92 42 
21 92 68 
39 63 32 
15 93 4 
54 59 40 
32 35 54 
32 94 61 
17 93 19 
65 83 73 
76 19 22 
60 29 23 
93 82 12 
19 98 89 
22 18 25 
72 86 48 
85 91 97 
47 51 1 
27 23 62 
23 8 65 
56 31 45 
83 60 84 
17 13 40 
59 30 29 
89 61 54 
62 32 82 
64 75 37 
70 45 88 
98 22 77 
88 21 69 
3 7 99 
97 25 54 
15 57 16 
58 10 53 
8 4 61 
22 43 52 
47 74 30 
72 34 36 
78 92 5 
93 49 27 
63 52 42 
35 23 26 
56 8 79 
25 2 86 
33 66 46 
90 54 48 
93 82 29 
15 89 76 
2 59 80 
28 6 98 
81 60 4 
83 66 48 
72 19 5 
76 39 44 
79 17 89 
19 86 70 
93 3 81 
8 17 18 
20 59 56 
6 69 41 
83 65 81 
42 39 53 
21 37 24 
18 5 42 
78 5 41 
17 6 72 
20 52 30 
23 75 1 
52 62 96 
18 78 31 
59 85 56 
71 74 36 
43 14 73 
73 14 81 
95 66 22 
62 14 53 
57 4 96 
82 21 80 
87 46 54 
7 53 29 
3 67 95 
36 59 55 
71 74 44 
32 53 94 
91 84 80 
83 15 51 
98 57 82 
41 36 74 
98 97 83 
45 21 99 
47 39 77 
31 12 22 
56 39 11 
6 57 91 
76 58 87 
52 77 15 
40 68 1 
89 24 62 
35 39 19 
93 56 34 
43 57 91 
74 56 38 
6 45 21 
51 95 50 
8 36 94 
49 53 62 
57 70 66 
44 25 74 
82 80 84 
19 95 8 
98 43 49 
68 75 50 
88 94 35 
78 27 45 
22 75 64 
61 8 42 
22 25 76 
68 14 69 
37 51 52 
43 35 36 
22 12 37 
33 50 85 
81 15 30 
1 25 84 
70 99 63 
66 80 43 
62 47 95 
4 56 93 
99 21 43 
62 99 11 
2 81 53 
94 38 46 
3 84 98 
62 98 88 
49 56 92 
70 78 15 
72 17 94 
64 80 98 
65 67 97 
64 99 19 
20 7 1 
61 27 29 
33 73 84 
96 45 88 
76 36 38 
69 44 80 
64 65 97 
72 14 69 
54 34 20 
41 91 12 
81 23 27 
26 54 66 
72 61 78 
74 5 56 
24 13 52 
89 85 43 
86 54 44 
68 29 52 
94 74 13 
79 36 17 
18 91 96 
1 85 68 
10 16 73 
12 31 100 
67 49 14 
97 83 75 
35 26 74 
42 89 9 
7 91 32 
37 91 38 
73 67 7 
72 10 36 
20 42 38 
37 96 84 
57 89 97 
83 80 60 
49 93 92 
10 68 35 
45 30 51 
58 78 95 
80 51 40 
68 93 38 
6 3 94 
90 89 44 
30 92 65 
63 6 98 
86 26 94 
84 71 42 
6 35 71 
56 4 95 
15 50 2 
28 11 52 
70 13 55 
5 69 14 
12 86 61 
4 73 47 
21 75 3 
85 78 4 
50 8 14 
9 38 62 
95 76 55 
97 31 81 
35 91 33 
25 20 93 
64 73 98 
67 68 58 
80 28 76 
37 98 88 
68 87 63 
87 55 25 
82 81 62 
32 20 78 
84 76 58 
97 59 66 
97 86 58 
37 100 98 
7 58 90 
41 29 53 
49 42 76 
5 95 7 
93 16 62 
68 91 21 
4 72 59 
32 61 58 
26 6 85 
96 64 68 
19 49 16 
29 50 66 
77 63 9 
74 19 7 
38 88 44 
98 81 83 
48 60 65 
26 69 16 
45 66 4 
89 34 63 
4 85 7 
77 89 6 
33 37 30 
27 59 89 
2 27 99 
3 49 1 
35 44 9 
24 100 43 
32 59 77 
53 49 47 
15 53 90 
90 89 85 
77 79 53 
31 29 17 
2 77 98 
49 4 46 
26 50 9 
44 19 16 
66 61 35 
70 35 92 
75 32 40 
22 61 29 
94 76 22 
26 52 58 
30 47 70 
9 48 80 
35 32 17 
31 19 66 
62 91 97 
9 77 56 
91 48 58 
61 37 31 
99 19 33 
2 97 44 
39 22 13 
72 19 11 
95 8 70 
59 9 6 
44 15 13 
73 67 43 
39 75 35 
62 17 38 
64 40 76 
38 30 80 
86 77 28 
45 55 68 
17 3 62 
27 78 25 
45 9 40 
41 92 15 
36 18 44 
78 25 90 
68 37 98 
75 12 43 
69 57 27 
66 46 62 
8 9 99 
63 57 17 
32 94 34 
90 70 88 
32 37 38 
6 74 43 
53 84 64 
6 94 25 
24 83 67 
64 41 85 
31 46 68 
45 22 89 
87 84 5 
69 55 51 
24 60 80 
20 15 33 
96 26 23 
81 20 29 
1 12 59 
49 46 14 
95 41 11 
24 15 98 
7 51 68 
49 32 96 
10 69 100 
72 69 39 
47 26 36 
44 10 23 
83 84 63 
77 13 26 
66 52 62 
22 91 31 
81 48 89 
53 11 5 
15 37 49 
38 35 32 
69 23 83 
49 34 39 
13 31 3 
73 29 20 
33 11 39 
99 24 39 
6 7 96 
27 20 94 
46 88 23 
59 99 68 
46 58 4 
82 95 24 
92 58 83 
1 32 73 
58 56 98 
34 44 18 
25 9 52 
5 42 14 
24 23 67 
97 46 100 
1 37 12 
71 99 86 
47 88 4 
94 84 57 
99 37 58 
49 97 68 
29 58 90 
73 18 26 
2 18 41 
16 68 30 
86 65 81 
95 22 98 
9 46 45 
43 54 42 
82 74 54 
76 25 100 
70 35 59 
72 44 12 
38 30 35 
50 81 90 
42 20 90 
32 25 20 
9 56 93 
92 47 15 
20 78 25 
41 83 79 
86 21 79 
98 30 75 
41 84 15 
19 22 8 
11 2 72 
64 18 49 
16 58 45 
51 36 7 
69 59 27 
1 43 6 
46 79 24 
7 95 81 
29 69 81 
70 35 80 
35 6 94 
76 35 74 
28 57 99 
4 35 51 
42 41 53 
25 63 2 
54 77 44 
51 73 44 
13 70 14 
89 37 66 
60 85 49 
33 69 40 
51 39 3 
86 94 64 
5 71 76 
77 55 71 
72 99 23 
19 7 6 
84 20 2 
4 65 26 
54 17 25 
56 27 77 
81 100 14 
88 90 95 
37 95 56 
85 37 41 
30 28 88 
40 66 32 
95 47 38 
58 35 85 
45 73 5 
88 58 39 
27 69 96 
92 26 52 
60 22 27 
91 98 1 
89 43 67 
1 12 11 
2 13 83 
76 84 91 
69 78 29 
99 35 86 
52 60 80 
57 32 84 
29 77 40 
4 46 47 
36 30 50 
40 100 33 
77 12 72 
10 55 44 
15 64 77 
1 53 93 
8 78 39 
79 68 26 
37 87 96 
52 51 17 
43 28 27 
1 44 42 
43 97 47 
86 84 98 
96 26 74 
92 97 8 
67 76 25 
24 50 26 
82 11 38 
89 1 71 
72 19 42 
31 5 23 
15 55 86 
96 95 15 
3 5 97 
8 66 96 
27 79 56 
10 87 39 
80 55 46 
19 96 85 
99 51 39 
93 57 52 
91 5 51 
24 42 52 
79 4 14 
77 8 32 
99 33 26 
53 38 76 
56 26 40 
3 76 84 
94 15 99 
80 46 44 
46 49 71 
24 89 82 
41 88 20 
6 21 31 
31 93 27 
65 61 66 
76 35 97 
46 23 22 
87 61 29 
72 83 70 
19 66 29 
66 36 63 
8 45 4 
82 72 47 
1 57 70 
26 23 56 
99 86 30 
69 61 41 
89 41 71 
66 4 5 
90 2 65 
78 77 71 
48 62 66 
91 11 6 
48 65 91 
72 86 16 
71 30 37 
1 52 16 
93 59 80 
83 41 64 
100 2 20 
31 30 24 
66 48 21 
35 51 56 
45 46 76 
55 53 61 
16 94 2 
19 1 8 
30 80 67 
24 61 17 
65 78 13 
74 11 15 
73 65 29 
15 71 18 
96 21 68 
51 81 29 
72 15 45 
6 50 31 
100 93 5 
68 99 60 
27 50 7 
72 2 82 
65 9 72 
71 17 98 
38 34 10 
53 24 96 
51 62 73 
44 58 31 
20 22 95 
20 36 34 
95 77 44 
1 56 27 
20 96 57 
73 6 67 
43 39 13 
76 14 97 
75 90 4 
8 42 25 
35 15 10 
37 77 30 
86 57 15 
96 87 30 
90 91 25 
25 45 14 
44 99 96 
47 90 70 
32 7 17 
13 88 75 
24 63 37 
24 80 68 
17 6 43 
92 97 59 
94 25 39 
95 26 43 
88 69 99 
89 42 70 
40 57 15 
43 32 16 
75 15 77 
22 29 19 
36 7 30 
82 96 11 
4 82 62 
80 84 64 
8 69 18 
36 30 1 
5 19 21 
10 42 20 
91 19 80 
10 1 45 
71 39 16 
13 35 85 
79 2 34 
4 28 38 
79 20 65 
45 26 50 
51 29 14 
98 16 99 
2 89 51 
77 33 65 
8 23 3 
80 49 48 
45 79 80 
21 94 25 
64 78 15 
73 49 100 
9 100 54 
56 16 34 
9 99 66 
93 89 49 
37 87 27 
45 97 69 
28 2 13 
11 59 48 
4 15 6 
72 40 80 
91 98 5 
64 7 95 
46 32 73 
95 74 28 
88 6 24 
100 22 59 
20 55 52 
23 84 99 
11 83 47 
98 48 8 
20 16 69 
47 7 83 
52 40 43 
68 17 98 
42 97 36 
6 87 39 
92 81 93 
46 31 97 
89 74 85 
90 86 16 
89 59 22 
99 44 53 
44 9 96 
42 91 26 
25 27 31 
88 12 16 
96 60 72 
17 97 78 
7 66 17 
14 92 29 
27 5 33 
51 86 62 
29 85 3 
35 90 14 
10 45 21 
3 38 16 
26 66 20 
81 22 61 
95 41 9 
42 58 74 
50 60 3 
67 93 36 
63 75 79 
41 28 65 
51 44 81 
46 96 56 
100 17 19 
48 60 81 
33 92 2 
100 82 84 
43 28 51 
72 46 74 
6 64 68 
96 100 17 
18 59 83 
47 22 74 
93 14 56 
23 2 93 
63 99 16 
25 61 20 
9 2 10 
71 27 90 
40 30 74 
69 3 54 
49 41 2 
90 11 13 
17 52 3 
50 32 96 
4 64 66 
31 93 34 
39 24 4 
95 77 49 
81 66 29 
95 27 46 
53 56 1 
32 10 18 
16 63 21 
27 80 35 
74 13 60 
13 23 26 
29 97 17 
95 35 71 
55 72 47 
66 35 63 
76 27 100 
65 6 9 
42 84 26 
20 2 57 
29 94 15 
55 59 81 
78 89 29 
69 83 55 
62 48 20 
79 18 16 
42 89 83 
51 52 91 
41 38 77 
3 31 8 
44 7 1 
71 14 78 
7 80 17 
30 45 70 
37 97 77 
74 36 100 
17 56 15 
94 74 82 
31 98 24 
48 74 79 
77 89 22 
59 22 17 
33 51 49 
12 24 17 
75 91 95 
3 9 99 
65 22 57 
20 61 79 
7 56 55 
42 96 37 
30 17 50 
63 80 25 
24 93 29 
53 55 17 
90 34 50 
70 9 55 
28 55 58 
83 81 22 
51 26 35 
41 24 51 
92 97 11 
27 8 87 
94 79 75 
12 10 52 
36 44 7 
20 92 29 
82 35 88 
1 15 88 
21 96 57 
42 77 39 
15 63 12 
88 68 58 
10 43 62 
6 77 98 
82 45 53 
91 64 42 
97 22 1 
15 39 55 
44 95 85 
36 21 67 
99 18 11 
32 50 6 
19 95 6 
50 36 95 
16 3 56 
29 56 98 
7 27 60 
42 26 92 
28 19 10 
36 20 65 
48 49 99 
33 86 63 
93 3 94 
90 56 58 
19 63 81 
77 69 43 
4 60 58 
88 5 15 
83 23 57 
10 33 27 
50 43 73 
45 5 74 
20 12 11 
23 26 76 
70 88 39 
3 63 31 
24 39 33 
55 86 93 
17 70 65 
73 39 11 
78 50 3 
7 8 53 
86 75 26 
44 90 40 
8 4 29 
98 57 22 
52 88 23 
45 72 56 
83 53 52 
57 13 59 
71 81 41 
30 36 71 
15 37 40 
80 62 40 
86 54 29 
41 26 68 
40 80 3 
12 78 21 
1 97 78 
76 49 2 
20 1 6 
28 83 15 
18 25 2 
35 44 10 
25 49 62 
80 76 62 
50 3 59 
20 13 12 
43 35 53 
42 54 18 
17 77 56 
40 21 54 
3 85 7 
82 62 76 
41 12 17 
40 57 11 
61 82 71 
74 68 8 
52 41 27 
13 20 58 
68 80 87 
4 53 42 
90 76 83 
35 59 46 
14 83 38 
10 64 43 
47 59 23 
51 33 24 
90 87 2 
86 75 1 
17 26 31 
76 81 51 
83 28 82 
92 61 59 
22 65 66 
97 62 27 
7 61 74 
69 63 15 
51 24 76 
41 33 37 
59 33 27 
88 19 56 
31 87 1 
14 33 54 
19 24 9 
33 37 95 
69 5 55 
9 8 45 
57 53 19 
20 24 12 
25 58 78 
97 23 57 
89 5 86 
4 5 42 
84 67 73 
96 29 61 
36 62 4 
47 65 23 
99 41 14 
15 32 61 
22 86 68 
59 3 20 
9 40 72 
44 47 70 
70 38 47 
86 70 76 
53 13 9 
71 56 34 
13 39 47 
68 65 31 
27 37 40 
61 26 29 
80 84 54 
10 47 18 
90 87 47 
26 65 34 
63 70 6 
72 61 97 
31 71 8 
9 61 69 
29 84 80 
67 39 56 
18 88 77 
11 14 97 
61 49 52 
10 37 7 
29 74 33 
44 10 22 
3 46 36 
3 63 69 
28 29 26 
24 64 2 
12 22 9 
55 39 9 
12 75 5 
62 50 14 
46 54 12 
37 39 12 
4 37 11 
66 6 98 
6 34 19 
18 17 92 
10 61 4 
23 97 79 
76 87 37 
73 33 97 
93 12 85 
55 24 8 
57 3 77 
99 21 5 
30 48 11 
32 38 51 
73 55 70 
67 7 61 
93 83 87 
64 46 20 
36 100 3 
30 65 12 
84 76 59 
2 80 43 
24 65 8 
3 15 21 
31 36 8 
96 94 76 
38 23 13 
22 39 51 
85 30 49 
14 4 31 
39 44 36 
40 53 74 
65 55 19 
66 76 65 
35 20 24 
56 100 23 
46 42 48 
2 6 54 
34 86 31 
35 10 6 
76 63 96 
51 55 37 
97 87 8 
91 89 97 
53 79 56 
99 44 79 
27 22 33 
40 96 14 
58 4 3 
20 63 79 
59 38 94 
17 25 38 
84 96 30 
58 94 26 
35 31 74 
57 27 61 
13 95 51 
28 85 64 
19 70 32 
19 80 64 
66 57 78 
45 51 38 
76 90 56 
59 82 42 
96 92 51 
30 81 99 
40 73 3 
21 8 56 
27 12 42 
39 55 46 
5 57 58 
42 65 9 
37 14 54 
100 31 8 
54 76 3 
47 11 66 
53 43 73 
56 96 17 
24 64 89 
3 67 19 
95 97 98 
91 53 14 
12 16 15 
9 87 47 
8 90 42 
76 56 73 
56 38 77 
37 58 17 
23 26 43 
72 48 39 
22 79 99 
38 36 30 
85 26 39 
76 34 13 
48 72 58 
14 22 28 
52 12 38 
75 53 46 
60 94 34 
56 50 19 
16 67 46 
78 49 25 
16 28 79 
75 83 29 
16 36 35 
79 62 31 
32 23 18 
54 33 9 
16 93 22 
65 1 84 
43 17 83 
38 30 42 
74 8 69 
79 18 93 
1 82 98 
35 8 22 
11 23 4 
41 72 59 
38 57 93 
59 30 32 
1 53 18 
82 81 63 
24 87 20 
25 3 45 
19 77 35 
95 66 24 
23 64 43 
38 36 35 
7 42 70 
15 1 92 
23 54 52 
47 73 39 
54 9 30 
50 9 58 
83 92 95 
47 25 30 
24 96 82 
26 76 85 
40 89 76 
43 42 1 
70 80 13 
20 50 9 
15 78 71 
26 12 22 
57 42 52 
68 15 83 
20 69 29 
53 76 45 
87 82 37 
12 1 31 
10 76 80 
6 12 44 
67 91 11 
73 25 6 
91 2 63 
82 5 43 
53 85 4 
27 12 4 
11 4 22 
98 37 77 
15 66 37 
78 20 87 
37 62 11 
16 95 11 
92 64 93 
41 98 96 
15 52 69 
93 98 26 
49 29 34 
31 77 50 
94 40 15 
10 57 35 
65 85 43 
66 43 54 
37 33 80 
84 55 68 
57 9 71 
67 55 14 
26 16 40 
77 66 63 
7 90 30 
99 20 77 
74 86 47 
22 43 60 
78 81 72 
32 11 1 
19 84 49 
7 76 68 
81 78 96 
26 14 22 
46 4 74 
47 27 41 
80 36 55 
91 65 4 
85 28 33 
61 71 4 
76 24 16 
33 96 59 
78 54 27 
68 49 55 
81 15 18 
6 54 48 
43 33 11 
90 49 53 
40 57 34 
90 56 27 
21 62 66 
51 15 21 
93 84 46 
13 32 49 
51 25 20 
4 86 17 
25 100 96 
9 67 25 
91 93 11 
23 10 64 
86 5 80 
9 46 70 
55 73 23 
34 8 93 
26 75 68 
68 85 16 
12 82 8 
89 94 68 
11 84 82 
28 70 38 
39 1 100 
92 62 12 
2 13 91 
11 14 100 
41 34 83 
99 11 22 
26 59 55 
54 22 32 
95 100 88 
5 95 83 
49 42 12 
5 25 41 
38 65 17 
24 40 76 
8 78 74 
40 8 44 
13 4 42 
95 9 22 
66 47 94 
56 96 39 
81 40 61 
52 33 17 
83 9 61 
16 58 28 
52 59 3 
100 66 36 
29 99 63 
42 81 38 
52 36 6 
38 28 2 
9 2 40 
49 58 59 
16 1 72 
55 76 8 
2 50 36 
23 38 5 
21 85 25 
73 98 30 
3 15 88 
90 62 82 
49 70 61 
70 49 53 
34 2 83 
92 62 57 
26 62 61 
23 83 68 
59 79 15 
95 77 28 
44 63 3 
6 86 10 
11 30 5 
23 8 97 
87 81 46 
24 86 30 
9 1 62 
3 68 23 
41 73 85 
79 10 9 
65 62 56 
71 22 34 
10 82 7 
8 92 66 
82 26 42 
60 82 3 
7 29 51 
21 16 45 
10 52 16 
51 24 8 
41 79 1 
99 62 77 
90 16 85 
43 55 26 
59 79 45 
15 25 6 
4 55 58 
8 20 51 
49 59 17 
5 37 34 
91 57 10 
33 88 71 
20 40 2 
92 82 29 
9 48 41 
88 6 99 
37 90 78 
32 70 24 
78 96 3 
22 57 26 
45 49 98 
27 13 39 
31 48 53 
72 19 14 
86 45 14 
91 51 37 
37 66 45 
92 57 91 
26 90 46 
56 71 64 
25 67 4 
20 86 7 
28 9 1 
58 60 79 
22 69 88 
24 63 88 
47 25 31 
88 58 40 
2 33 27 
98 18 43 
67 80 44 
71 91 1 
17 67 13 
28 84 64 
12 10 13 
31 46 34 
2 54 38 
8 52 78 
37 35 87 
35 69 40 
79 58 84 
2 97 27 
69 44 48 
75 99 87 
75 29 51 
39 6 2 
94 47 9 
85 64 76 
84 71 15 
93 89 16 
96 25 15 
94 11 44 
26 47 2 
74 40 55 
47 58 35 
41 24 39 
94 55 75 
32 53 99 
95 9 77 
69 16 49 
42 1 63 
58 6 54 
56 55 72 
61 29 72 
43 81 7 
60 41 13 
97 59 81 
79 3 12 
36 12 90 
94 1 38 
79 73 19 
98 32 84 
57 38 72 
89 9 94 
58 82 70 
6 23 7 
23 69 21 
64 71 12 
12 52 92 
60 4 1 
45 88 47 
46 96 8 
26 42 28 
77 48 64 
39 87 74 
67 26 58 
2 83 93 
85 80 19 
2 77 58 
53 59 36 
15 70 72 
20 7 62 
45 37 24 
10 5 47 
36 20 91 
87 56 46 
46 40 65 
32 27 69 
18 15 49 
47 13 30 
8 66 37 
72 86 68 
60 71 21 
98 75 9 
49 56 98 
25 54 39 
77 8 100 
59 72 13 
92 9 87 
35 30 92 
36 99 66 
67 59 33 
42 58 40 
19 94 26 
76 40 71 
41 2 46 
89 8 60 
87 52 53 
14 42 78 
5 86 6 
40 67 23 
98 8 85 
83 5 58 
27 57 90 
40 16 70 
45 18 35 
21 64 100 
80 50 11 
98 5 50 
39 78 62 
76 96 25 
78 15 51 
38 72 49 
20 58 27 
41 18 65 
25 86 19 
84 38 3 
98 82 22 
2 78 61 
84 77 26 
96 91 89 
5 18 19 
76 97 23 
68 90 15 
55 21 30 
32 34 84 
20 64 93 
14 62 11 
85 19 37 
84 1 16 
20 12 15 
21 50 28 
71 56 98 
75 56 29 
67 66 90 
56 46 79 
28 50 9 
28 3 2 
32 80 6 
18 16 22 
8 100 57 
44 49 80 
39 59 43 
52 51 28 
45 92 66 
46 93 75 
40 44 13 
27 95 87 
85 8 49 
32 27 67 
44 46 61 
17 50 52 
83 65 63 
2 9 44 
26 48 56 
91 2 60 
88 34 99 
39 15 80 
38 29 78 
99 3 17 
60 7 44 
50 62 66 
3 75 39 
24 88 75 
98 80 47 
5 84 88 
60 35 99 
69 75 70 
4 32 56 
84 30 25 
2 26 46 
66 52 34 
97 61 62 
30 85 14 
44 5 11 
61 58 95 
47 64 79 
23 60 68 
6 2 16 
32 58 22 
27 44 30 
29 40 94 
95 99 73 
92 6 54 
26 4 91 
99 76 35 
97 81 10 
35 66 6 
68 42 75 
62 48 16 
37 94 92 
31 22 17 
91 6 15 
81 69 14 
9 21 81 
55 38 56 
68 97 19 
42 33 77 
4 61 60 
39 59 52 
31 22 13 
36 14 18 
41 89 80 
23 64 1 
15 84 53 
76 25 83 
65 71 95 
47 27 48 
81 36 67 
89 69 34 
37 48 76 
36 14 12 
97 78 91 
45 49 57 
7 48 27 
68 92 17 
99 100 11 
41 36 65 
4 51 53 
50 59 28 
55 72 13 
27 89 97 
79 69 35 
69 51 41 
26 83 7 
93 83 50 
24 39 51 
44 66 97 
14 84 58 
70 92 49 
44 54 51 
81 96 79 
84 12 9 
80 16 84 
13 21 88 
44 28 79 
92 51 61 
51 28 7 
49 47 23 
11 39 62 
43 78 68 
5 27 36 
77 64 7 
46 91 70 
74 51 54 
63 18 94 
38 63 36 
53 85 90 
71 93 36 
20 59 66 
17 58 81 
80 46 27 
93 84 42 
54 39 95 
76 74 96 
68 91 17 
79 63 97 
14 1 15 
69 70 84 
21 32 71 
23 2 67 
50 10 73 
74 93 64 
45 10 60 
36 97 28 
5 29 28 
20 71 31 
32 58 88 
67 44 87 
22 25 55 
96 88 70 
62 10 84 
40 51 20 
14 69 95 
52 58 62 
66 7 48 
81 60 25 
44 73 11 
46 66 97 
21 10 47 
92 83 27 
52 81 71 
100 68 2 
84 21 8 
32 70 22 
8 80 65 
35 83 3 
32 75 7 
85 82 31 
95 3 33 
7 83 29 
76 77 98 
81 16 5 
14 61 59 
31 8 53 
83 57 51 
28 88 83 
93 23 64 
34 54 68 
28 69 1 
83 57 21 
63 30 52 
74 56 25 
50 63 96 
36 28 58 
29 88 47 
8 80 85 
20 9 31 
28 19 39 
20 14 67 
75 56 24 
5 24 4 
8 15 81 
30 45 95 
53 94 66 
25 88 41 
46 67 84 
68 18 85 
94 81 49 
85 46 16 
65 71 5 
97 4 21 
10 48 41 
24 46 28 
48 26 54 
39 2 66 
9 48 39 
29 89 46 
27 61 22 
84 35 26 
43 51 13 
20 2 64 
3 91 66 
87 44 98 
37 81 56 
34 51 57 
95 66 8 
83 58 36 
84 2 16 
34 53 35 
74 86 93 
68 85 8 
9 62 100 
80 78 37 
45 92 68 
93 47 33 
33 16 1 
36 76 55 
37 88 12 
30 1 64 
97 36 88 
49 84 93 
25 37 1 
57 17 52 
24 12 66 
68 69 39 
80 49 58 
20 66 9 
9 14 90 
41 66 24 
1 27 51 
24 16 68 
34 91 36 
52 79 91 
93 97 9 
78 48 40 
87 23 48 
99 58 17 
21 1 15 
90 39 91 
54 28 85 
80 77 38 
50 94 59 
83 13 85 
19 91 96 
35 52 69 
27 53 41 
23 66 97 
47 93 90 
79 88 29 
51 1 15 
83 84 97 
49 14 97 
27 53 98 
10 97 24 
89 68 60 
66 64 19 
24 57 7 
74 90 65 
84 6 89 
91 60 3 
3 43 72 
40 60 53 
96 31 71 
1 13 20 
98 30 45 
49 30 1 
59 71 46 
7 48 69 
85 28 42 
91 50 42 
93 63 98 
36 90 22 
84 32 74 
26 44 27 
86 37 77 
98 49 3 
90 63 31 
60 28 26 
36 58 17 
24 82 56 
16 17 48 
41 21 48 
88 12 63 
36 11 69 
100 90 38 
95 36 7 
48 77 16 
68 4 80 
52 28 48 
74 2 89 
13 22 49 
57 50 13 
90 42 86 
46 5 22 
76 22 27 
68 71 26 
27 67 79 
85 73 79 
97 13 85 
5 77 76 
59 49 98 
66 85 46 
37 30 86 
1 85 67 
13 27 81 
61 12 32 
16 22 54 
94 43 20 
72 19 10 
52 64 97 
41 33 6 
66 46 59 
53 77 20 
38 75 86 
17 63 38 
28 92 25 
67 85 84 
87 81 24 
76 81 37 
2 26 28 
58 20 84 
15 22 27 
90 88 30 
15 4 25 
34 14 40 
60 12 33 
17 68 5 
48 24 19 
22 2 33 
9 75 26 
5 50 18 
40 93 77 
35 27 62 
3 55 52 
16 10 43 
40 22 89 
63 24 57 
13 97 80 
66 100 74 
97 85 87 
27 18 78 
44 35 99 
75 42 49 
65 8 52 
78 7 79 
5 42 7 
57 25 48 
20 22 99 
52 2 41 
92 74 83 
68 69 18 
75 100 32 
68 12 87 
60 16 43 
11 48 78 
38 51 70 
95 72 63 
13 22 3 
96 29 94 
25 88 78 
14 31 11 
29 88 48 
72 99 64 
25 70 76 
72 90 50 
65 56 80 
13 33 32 
96 66 6 
53 62 83 
95 2 74 
49 36 17 
29 5 74 
90 53 4 
50 32 84 
51 15 54 
82 35 77 
55 95 47 
90 81 83 
94 44 32 
76 69 52 
40 81 77 
89 22 10 
28 50 7 
35 92 14 
90 20 53 
68 81 74 
74 55 77 
69 58 60 
35 86 60 
90 61 95 
52 37 12 
33 100 49 
9 30 13 
94 39 76 
65 58 34 
85 52 76 
67 43 47 
29 42 99 
46 88 47 
20 70 6 
89 62 59 
2 58 70 
100 29 59 
49 95 63 
58 57 50 
88 18 64 
46 83 70 
16 31 18 
36 51 64 
88 51 65 
92 9 50 
29 98 16 
97 37 52 
86 98 74 
18 13 43 
11 35 61 
8 87 39 
23 30 9 
63 59 94 
70 21 71 
43 37 66 
53 99 70 
17 98 14 
53 47 73 
47 38 5 
5 45 62 
46 19 54 
37 62 6 
68 13 64 
87 84 85 
62 8 84 
15 6 63 
65 92 14 
49 27 29 
20 13 22 
27 80 23 
19 55 69 
90 13 56 
76 11 90 
52 44 33 
91 81 23 
83 64 96 
43 48 38 
38 81 7 
91 68 87 
85 29 70 
92 81 19 
19 92 40 
66 32 64 
26 21 78 
37 34 93 
89 28 62 
36 4 77 
25 51 43 
31 32 49 
22 34 23 
18 56 25 
46 78 73 
8 33 32 
78 44 97 
90 65 52 
43 12 93 
47 16 90 
68 27 60 
14 66 29 
43 92 96 
35 15 42 
31 72 52 
59 22 5 
97 63 37 
61 54 7 
33 68 66 
55 29 4 
6 36 61 
85 38 81 
66 94 8 
80 54 15 
29 83 48 
41 51 40 
25 50 63 
82 72 80 
32 27 10 
46 32 74 
45 88 34 
74 15 22 
25 55 68 
70 4 53 
46 25 27 
65 56 86 
94 54 25 
12 11 40 
12 32 60 
41 87 88 
39 38 89 
71 43 46 
99 40 77 
88 28 94 
94 24 38 
31 48 5 
12 25 49 
6 74 98 
34 66 38 
54 27 13 
95 72 21 
15 92 22 
60 41 9 
12 75 67 
26 42 19 
65 92 37 
80 12 62 
63 96 74 
97 43 89 
89 37 84 
66 42 86 
92 53 56 
17 2 22 
79 81 23 
61 18 40 
58 98 68 
92 57 16 
44 84 53 
65 51 13 
41 24 13 
44 17 14 
11 77 86 
54 33 19 
33 73 77 
51 18 25 
2 50 62 
16 25 41 
45 54 36 
73 91 65 
51 17 22 
77 97 44 
39 25 1 
65 46 51 
58 54 53 
81 7 61 
68 38 75 
31 13 63 
16 88 75 
93 26 52 
48 14 6 
96 86 35 
27 8 91 
4 49 18 
14 77 99 
75 14 59 
66 86 30 
80 74 81 
76 95 84 
47 100 50 
17 64 2 
17 62 30 
26 44 5 
41 64 8 
4 18 35 
77 88 8 
61 33 31 
76 3 27 
48 7 23 
18 53 6 
29 61 97 
62 61 85 
67 61 63 
26 12 4 
10 43 4 
29 11 71 
50 52 62 
100 5 62 
81 18 58 
50 63 67 
73 18 35 
70 50 4 
47 32 48 
67 92 24 
23 71 15 
89 69 85 
51 54 52 
82 50 48 
30 39 2 
81 8 1 
39 53 65 
44 93 33 
95 69 3 
18 4 16 
79 88 3 
36 28 39 
97 27 99 
84 92 95 
1 37 79 
45 71 58 
96 33 22 
71 80 5 
47 6 48 
28 58 68 
47 8 99 
24 47 4 
61 88 75 
37 71 57 
39 92 31 
81 5 95 
99 43 2 
41 96 11 
41 32 97 
94 44 26 
20 53 45 
64 88 97 
95 45 31 
64 99 48 
98 21 80 
92 80 68 
85 49 73 
64 60 75 
44 96 85 
95 30 21 
39 50 57 
54 13 29 
10 55 16 
90 22 56 
4 40 41 
36 40 35 
10 11 39 
84 87 89 
97 60 62 
61 47 98 
59 8 17 
52 64 65 
22 69 2 
51 96 18 
79 12 68 
56 25 30 
74 24 77 
83 84 67 
25 64 16 
36 91 90 
25 27 54 
84 22 21 
60 23 10 
92 84 83 
5 48 34 
93 83 56 
90 3 98 
50 24 47 
76 45 8 
51 96 14 
16 76 67 
29 60 67 
56 81 43 
25 64 3 
77 1 14 
33 50 35 
53 6 13 
80 10 55 
80 93 37 
87 44 83 
96 8 14 
51 17 21 
67 49 62 
50 47 42 
12 64 20 
67 28 49 
23 37 41 
44 68 84 
52 12 40 
61 86 23 
46 97 38 
42 4 68 
32 26 24 
15 92 42 
72 47 11 
94 40 24 
70 49 46 
41 99 93 
29 62 67 
17 87 26 
86 7 80 
17 66 88 
27 12 8 
28 34 38 
38 85 87 
72 22 78 
89 50 68 
93 47 55 
64 95 55 
34 19 37 
26 43 85 
34 9 36 
100 60 55 
15 35 45 
36 25 97 
40 56 87 
27 2 12 
77 32 18 
69 82 31 
24 8 42 
76 40 90 
86 42 33 
66 53 39 
52 69 66 
8 95 58 
87 49 29 
10 94 67 
31 70 24 
10 62 35 
76 72 89 
4 85 23 
48 72 49 
39 46 1 
58 29 98 
100 10 65 
97 26 50 
21 3 61 
22 11 33 
73 63 20 
80 32 54 
37 70 34 
94 40 51 
40 18 44 
98 85 3 
16 13 68 
55 3 42 
86 55 4 
47 39 3 
79 66 55 
63 48 46 
11 17 36 
92 71 85 
67 72 3 
6 46 94 
18 14 2 
99 83 100 
3 91 71 
87 84 94 
65 49 3 
54 28 4 
33 12 64 
30 9 80 
13 24 55 
9 52 97 
96 97 37 
9 58 91 
30 33 10 
43 64 11 
14 45 8 
77 13 60 
63 82 43 
34 74 16 
84 9 14 
41 25 13 
79 52 95 
1 81 54 
27 83 34 
2 34 15 
82 100 58 
43 48 37 
4 84 48 
96 66 68 
82 30 79 
27 23 5 
25 17 53 
36 87 91 
95 19 67 
89 28 26 
23 57 66 
96 62 65 
53 6 96 
64 51 52 
75 30 93 
35 94 100 
49 20 40 
75 44 58 
97 18 62 
5 20 83 
12 50 93 
86 100 98 
67 2 53 
43 67 38 
2 25 89 
39 79 98 
26 65 6 
42 44 5 
9 42 45 
70 72 95 
7 83 92 
59 32 10 
7 85 97 
44 34 54 
27 46 34 
27 68 31 
73 20 74 
91 93 64 
97 17 5 
58 77 16 
61 10 49 
11 81 39 
84 7 78 
15 5 37 
100 51 91 
11 96 52 
8 26 41 
3 8 39 
49 90 3 
16 2 98 
21 88 75 
51 54 3 
19 90 71 
4 63 28 
26 28 25 
42 57 70 
71 39 50 
12 49 4 
8 25 11 
52 6 77 
27 6 15 
66 37 78 
99 76 12 
24 8 47 
65 64 18 
59 57 61 
82 88 54 
89 62 11 
45 31 24 
78 3 49 
50 8 72 
