1000
100000
47 44 78 
6 15 58 
66 64 11 
32 78 58 
31 13 28 
80 44 49 
81 21 65 
27 85 67 
3 38 63 
33 62 37 
6 54 2 
55 52 20 
59 12 72 
52 35 48 
7 51 68 
74 45 73 
48 5 34 
52 16 64 
21 24 31 
15 7 2 
82 19 80 
32 59 30 
78 43 62 
22 51 8 
28 20 27 
25 54 27 
57 62 71 
81 32 56 
22 1 24 
70 49 16 
77 67 12 
43 40 21 
23 7 62 
12 54 46 
78 62 25 
2 25 43 
34 57 4 
28 81 37 
32 8 3 
84 15 41 
34 25 64 
81 52 23 
43 23 64 
52 36 72 
22 45 60 
45 56 26 
82 70 76 
55 61 53 
85 33 12 
15 51 1 
39 34 5 
55 22 30 
3 4 17 
41 43 80 
58 20 12 
66 55 57 
67 83 43 
56 85 59 
21 81 17 
28 43 75 
48 7 16 
7 4 47 
45 76 81 
5 42 44 
86 4 21 
75 27 5 
72 79 20 
62 48 61 
4 10 61 
59 65 31 
52 38 42 
9 47 32 
15 33 75 
66 60 2 
6 26 12 
81 66 72 
25 6 64 
73 32 80 
71 29 56 
14 21 33 
70 10 44 
63 85 47 
7 46 47 
57 72 38 
15 34 75 
60 67 81 
71 80 34 
73 59 3 
49 85 73 
45 75 60 
25 27 4 
9 10 40 
2 20 39 
41 36 67 
40 56 31 
38 57 40 
60 49 10 
19 37 85 
15 55 81 
44 39 8 
7 46 25 
65 37 75 
20 67 12 
36 39 44 
75 40 37 
78 85 65 
48 75 33 
65 5 24 
85 48 28 
15 11 82 
37 62 11 
73 3 42 
86 14 15 
43 32 16 
17 1 9 
14 36 76 
67 30 85 
30 54 9 
11 78 50 
22 54 10 
77 85 20 
43 55 71 
78 25 74 
7 75 67 
58 83 67 
13 47 6 
81 18 63 
5 62 17 
72 2 25 
4 62 34 
8 19 22 
13 26 23 
21 5 19 
6 13 48 
31 69 82 
68 72 66 
23 31 73 
8 25 11 
39 10 11 
43 73 77 
51 83 68 
31 16 69 
41 74 48 
12 57 21 
4 3 1 
72 29 85 
33 14 69 
8 37 24 
58 11 83 
19 22 18 
80 85 81 
41 74 47 
74 75 33 
77 54 65 
29 66 4 
50 82 38 
42 81 84 
77 15 75 
36 49 51 
32 17 10 
28 14 33 
14 66 21 
44 46 51 
48 8 12 
25 42 35 
19 3 15 
32 41 2 
63 75 2 
22 27 33 
27 12 66 
53 61 38 
40 61 81 
51 67 1 
12 24 10 
5 13 53 
1 54 28 
37 15 66 
44 4 64 
77 33 70 
39 83 16 
8 13 21 
80 46 27 
67 75 58 
21 17 23 
49 38 72 
26 82 42 
40 56 42 
55 49 6 
44 41 64 
33 84 73 
21 84 69 
12 3 7 
71 9 57 
18 11 43 
25 72 57 
56 4 78 
52 73 82 
86 46 40 
61 12 4 
21 10 28 
49 48 53 
61 43 22 
17 29 53 
35 68 66 
21 9 36 
57 75 63 
39 71 16 
66 70 16 
15 30 48 
80 51 22 
40 72 68 
3 26 15 
14 71 78 
34 15 42 
56 44 65 
27 42 39 
18 43 68 
8 47 63 
45 30 33 
2 78 43 
47 45 27 
17 62 73 
40 19 3 
56 48 61 
22 46 5 
4 64 15 
9 38 58 
5 21 73 
38 56 17 
20 26 5 
38 57 45 
4 82 9 
6 78 7 
54 47 82 
6 26 7 
56 51 70 
81 61 22 
15 71 19 
57 13 59 
22 43 60 
42 59 14 
45 35 18 
76 25 41 
45 67 71 
69 68 72 
11 57 5 
46 62 32 
42 59 20 
74 68 8 
29 14 51 
85 10 8 
7 17 32 
68 30 16 
59 35 84 
58 24 78 
19 41 48 
29 77 15 
22 77 29 
2 16 30 
9 27 13 
40 59 54 
52 7 61 
37 15 40 
14 72 69 
54 75 61 
66 85 69 
63 68 61 
3 41 14 
78 64 66 
67 60 48 
51 77 30 
85 12 15 
18 24 20 
33 26 81 
72 64 73 
67 44 80 
18 45 55 
41 2 66 
70 19 32 
48 79 52 
82 77 20 
6 25 73 
49 78 28 
31 56 57 
45 74 17 
52 49 39 
30 64 31 
72 38 76 
46 66 54 
22 63 69 
25 21 74 
33 77 42 
70 47 45 
73 1 76 
81 55 1 
26 54 22 
44 46 27 
63 18 72 
45 17 82 
65 84 1 
78 74 6 
19 74 34 
53 59 80 
74 69 43 
12 70 59 
23 47 65 
45 43 54 
9 6 46 
62 70 66 
9 33 31 
80 13 29 
45 81 3 
41 52 58 
39 17 13 
86 5 6 
35 47 4 
85 42 36 
30 81 15 
50 52 62 
18 47 23 
62 5 75 
3 54 76 
81 24 70 
80 2 43 
38 70 66 
77 65 42 
19 10 64 
62 28 53 
48 47 27 
40 48 58 
70 42 7 
77 50 75 
32 27 8 
42 29 72 
51 40 41 
8 78 19 
10 47 4 
6 5 42 
7 66 17 
28 64 2 
14 62 21 
84 37 6 
32 77 8 
35 81 80 
65 25 28 
43 66 54 
8 67 77 
65 46 49 
44 84 62 
70 18 36 
16 35 65 
58 1 12 
68 75 42 
60 53 28 
19 8 76 
82 70 79 
19 69 40 
6 60 8 
42 50 12 
36 57 9 
24 5 42 
68 48 45 
36 9 64 
52 1 3 
75 3 39 
13 42 4 
85 7 4 
22 15 16 
65 6 41 
42 82 25 
48 22 13 
29 60 67 
19 55 65 
30 42 9 
25 73 68 
46 16 49 
82 50 85 
55 80 77 
7 34 29 
25 69 71 
66 26 55 
44 46 61 
55 10 44 
47 72 11 
58 53 52 
33 2 27 
20 11 12 
73 60 7 
33 42 44 
63 18 83 
11 16 18 
6 21 31 
8 85 78 
14 8 5 
58 47 9 
45 28 34 
62 17 68 
12 62 80 
43 78 7 
56 26 4 
11 62 14 
11 54 80 
37 26 32 
3 25 24 
56 78 14 
33 52 65 
70 9 46 
40 4 41 
71 46 84 
4 42 68 
48 51 80 
37 66 77 
12 28 11 
45 19 79 
63 37 22 
33 74 31 
75 17 35 
7 20 86 
23 72 36 
13 11 23 
44 18 10 
56 69 16 
3 7 21 
77 55 74 
75 34 4 
42 81 38 
19 25 8 
1 24 65 
72 29 27 
39 45 75 
80 33 48 
24 47 76 
71 43 70 
26 25 28 
37 46 71 
43 27 28 
43 10 45 
1 85 70 
84 9 46 
71 79 43 
12 51 7 
27 71 23 
34 84 60 
86 27 14 
81 47 12 
68 21 18 
60 27 47 
82 76 62 
47 78 25 
5 71 16 
48 38 30 
12 22 31 
51 27 74 
7 54 42 
56 59 52 
43 4 50 
23 67 5 
34 74 33 
60 13 42 
42 83 23 
71 80 47 
45 83 64 
56 25 74 
38 45 26 
80 50 4 
5 56 44 
26 28 2 
23 1 64 
57 32 84 
1 25 11 
33 35 85 
19 12 17 
82 16 63 
76 69 52 
47 78 53 
62 13 75 
8 41 6 
50 79 1 
79 10 9 
73 11 43 
51 61 66 
30 77 37 
5 20 83 
9 18 33 
1 34 15 
2 66 15 
5 26 3 
32 66 47 
82 23 70 
40 69 76 
2 81 26 
81 51 76 
80 64 13 
56 75 52 
71 80 5 
74 72 54 
74 79 82 
44 23 45 
76 79 75 
8 55 65 
23 1 66 
12 41 3 
22 55 66 
78 74 36 
65 29 39 
19 37 11 
68 24 80 
30 33 26 
29 57 27 
22 27 15 
20 7 6 
78 73 46 
31 23 18 
18 67 23 
23 55 73 
39 33 11 
85 11 38 
80 10 57 
55 17 53 
7 28 70 
32 66 23 
32 84 50 
17 4 12 
52 49 61 
65 41 36 
18 24 15 
24 27 58 
60 68 22 
22 17 71 
74 84 53 
32 51 29 
78 34 72 
80 74 81 
21 13 14 
12 34 31 
41 66 24 
41 33 45 
8 69 74 
85 42 52 
60 61 26 
53 51 78 
77 80 38 
65 26 38 
30 14 1 
58 79 60 
24 74 1 
67 63 68 
1 62 30 
68 84 7 
33 47 10 
59 74 83 
26 43 85 
4 32 75 
39 22 33 
28 33 25 
57 39 56 
47 42 50 
80 36 55 
24 44 75 
10 55 80 
15 71 22 
3 50 44 
37 54 11 
73 16 40 
25 8 27 
68 43 22 
13 11 26 
6 28 70 
39 32 53 
45 35 7 
19 35 72 
39 20 16 
50 59 3 
48 53 28 
13 24 55 
18 45 81 
65 45 14 
3 50 37 
22 10 62 
14 63 61 
9 83 38 
8 23 2 
62 53 34 
21 20 47 
13 38 76 
82 56 79 
7 17 80 
49 69 2 
20 11 2 
24 51 39 
36 34 78 
70 73 83 
24 8 28 
70 48 84 
10 34 45 
33 19 57 
17 13 15 
70 44 51 
20 79 49 
57 23 83 
6 64 19 
50 70 57 
63 2 6 
42 70 74 
25 62 49 
68 13 16 
85 38 20 
1 52 71 
71 5 54 
84 66 81 
20 30 45 
69 75 42 
34 4 46 
14 46 55 
68 57 7 
70 62 73 
62 75 61 
42 66 6 
61 16 79 
46 50 33 
25 50 20 
56 65 62 
38 15 22 
28 74 24 
15 78 46 
67 60 46 
11 77 31 
40 45 61 
17 27 43 
51 75 29 
6 39 60 
12 37 39 
32 5 13 
37 12 82 
61 9 75 
48 7 69 
48 11 44 
75 16 30 
38 32 51 
49 53 21 
32 54 57 
73 45 58 
33 32 36 
62 42 65 
1 2 7 
67 38 73 
4 28 63 
20 15 12 
77 15 64 
13 52 58 
55 52 64 
34 51 31 
12 64 20 
13 54 29 
78 6 69 
34 46 27 
32 39 63 
82 43 62 
14 3 57 
35 22 59 
10 35 68 
61 36 75 
9 78 32 
4 80 68 
77 66 61 
36 62 76 
4 61 71 
65 21 30 
67 66 29 
29 28 5 
36 69 18 
20 66 74 
24 62 41 
52 11 28 
17 14 2 
30 74 40 
83 15 18 
82 61 73 
28 42 85 
36 14 62 
57 54 36 
65 33 38 
62 49 63 
59 6 68 
16 25 65 
82 59 19 
68 85 50 
40 2 9 
7 57 24 
77 84 53 
15 17 20 
14 50 62 
51 33 66 
37 24 64 
30 77 45 
33 38 84 
10 7 26 
76 35 39 
17 76 3 
52 72 54 
84 79 32 
65 61 72 
51 36 48 
9 59 33 
39 78 8 
41 72 69 
24 15 46 
11 60 35 
53 13 14 
13 40 61 
82 63 43 
58 18 13 
28 47 19 
40 53 60 
27 28 12 
16 25 32 
29 20 81 
39 78 16 
12 64 15 
53 59 3 
67 8 4 
73 1 25 
69 11 66 
19 5 50 
33 83 47 
70 17 25 
49 32 23 
67 64 47 
49 28 59 
68 52 45 
84 3 7 
16 18 22 
44 35 56 
30 59 29 
30 48 51 
12 37 45 
24 31 70 
49 3 78 
73 36 51 
86 10 6 
72 16 1 
20 26 37 
44 41 46 
42 78 44 
84 11 82 
39 71 35 
73 34 11 
42 77 12 
23 74 35 
14 27 84 
79 85 46 
63 85 77 
67 41 61 
38 33 35 
37 76 72 
39 35 77 
66 83 61 
55 72 21 
9 57 51 
70 17 45 
11 15 45 
41 16 83 
18 14 2 
77 60 45 
27 62 15 
85 48 14 
22 83 33 
40 22 2 
63 30 41 
20 15 26 
40 68 60 
27 74 36 
22 71 34 
21 62 66 
72 18 26 
36 67 81 
24 83 55 
21 7 27 
64 6 70 
68 73 82 
78 71 15 
64 63 83 
7 66 9 
4 36 5 
58 75 55 
6 35 27 
76 28 80 
21 2 78 
72 12 31 
27 61 57 
13 85 66 
58 4 43 
65 36 47 
60 5 57 
15 60 64 
29 26 28 
14 28 45 
63 15 12 
26 44 49 
45 6 57 
48 29 11 
58 57 50 
70 37 21 
52 75 23 
47 10 83 
59 77 58 
4 34 73 
56 12 36 
63 49 17 
19 3 67 
82 41 81 
55 12 16 
26 77 21 
25 36 10 
15 72 70 
49 45 57 
14 62 2 
39 16 64 
63 36 51 
10 26 23 
16 62 28 
80 31 41 
47 38 50 
60 40 4 
65 35 17 
21 5 64 
67 72 3 
70 30 47 
32 33 12 
60 3 61 
24 45 71 
47 62 7 
17 50 85 
29 66 52 
26 79 68 
4 7 9 
38 53 34 
32 13 25 
8 74 50 
21 10 50 
71 26 63 
26 69 19 
15 25 4 
43 81 26 
76 1 39 
80 40 62 
65 21 2 
25 78 41 
22 35 8 
11 83 63 
39 19 31 
18 21 65 
35 34 72 
14 40 34 
45 8 59 
76 46 68 
66 46 70 
29 75 83 
49 17 69 
42 77 40 
68 11 54 
56 8 21 
59 79 15 
19 59 35 
77 79 40 
13 17 67 
1 19 29 
31 71 20 
11 51 3 
73 20 10 
56 75 24 
74 38 68 
51 4 57 
49 54 8 
80 49 56 
34 83 2 
14 3 42 
57 66 78 
25 48 76 
32 6 67 
38 23 13 
25 67 9 
31 51 22 
5 4 24 
17 70 65 
9 81 21 
41 71 30 
7 51 85 
47 24 66 
29 51 26 
43 62 77 
52 13 48 
44 19 54 
41 64 17 
58 26 52 
76 32 84 
31 85 82 
81 32 50 
82 5 69 
13 25 79 
27 38 39 
25 27 58 
9 22 29 
74 75 70 
76 44 1 
64 46 65 
1 7 75 
79 14 32 
56 20 59 
71 65 9 
26 59 10 
39 64 74 
58 84 20 
73 27 48 
73 60 41 
86 37 30 
9 23 16 
18 58 81 
25 78 20 
14 23 58 
41 54 24 
54 65 59 
82 63 67 
8 12 86 
80 8 47 
11 15 16 
9 62 1 
34 41 86 
84 83 22 
63 51 49 
13 42 37 
62 75 25 
10 76 5 
15 24 1 
81 71 41 
31 22 7 
3 51 54 
31 14 62 
56 70 41 
16 11 46 
83 8 72 
24 64 11 
43 16 81 
74 42 67 
6 20 72 
5 8 85 
65 11 14 
1 82 23 
10 2 9 
9 79 50 
76 67 16 
62 36 61 
32 22 54 
17 50 35 
17 77 56 
14 69 81 
52 37 51 
60 23 70 
33 4 35 
79 3 12 
78 1 74 
23 69 14 
29 75 58 
11 41 37 
74 8 73 
28 60 26 
66 4 64 
57 26 72 
8 65 80 
44 13 17 
65 30 12 
28 34 38 
40 16 21 
19 64 44 
17 57 51 
17 25 39 
28 51 52 
38 15 26 
38 35 83 
82 26 61 
46 60 81 
59 14 61 
7 37 6 
58 79 36 
81 55 22 
48 7 23 
31 18 16 
78 76 80 
11 78 58 
21 49 86 
28 7 34 
81 71 35 
8 35 34 
78 51 66 
12 1 11 
58 70 66 
34 78 50 
17 51 52 
39 84 74 
68 39 29 
