10000
100000
33 63 12 
57 33 96 
76 49 27 
78 13 56 
15 66 19 
4 1 51 
41 40 7 
77 90 34 
8 84 87 
88 1 61 
59 33 20 
13 69 62 
84 3 98 
32 74 41 
90 84 20 
25 6 87 
49 43 71 
13 51 22 
35 24 3 
44 73 51 
51 81 29 
94 99 15 
27 37 86 
32 73 80 
62 95 51 
64 26 51 
27 60 87 
56 76 44 
3 75 39 
88 33 83 
36 51 64 
27 91 8 
37 67 68 
5 60 63 
83 55 24 
12 1 87 
24 45 66 
23 28 35 
54 41 44 
55 78 94 
4 45 66 
15 42 69 
34 45 54 
60 79 93 
25 52 39 
48 90 77 
16 70 73 
30 34 39 
94 52 2 
5 9 39 
14 61 70 
58 41 4 
15 8 76 
59 87 90 
37 25 92 
70 15 72 
98 27 32 
44 25 62 
55 1 99 
29 44 55 
54 74 76 
87 6 96 
27 21 75 
58 2 35 
16 90 17 
23 27 68 
93 19 17 
88 96 81 
26 81 76 
73 20 29 
8 56 83 
88 99 6 
41 30 71 
54 72 74 
94 76 9 
22 52 43 
88 94 41 
36 7 29 
97 77 44 
87 82 59 
32 7 87 
29 38 73 
13 72 69 
29 11 52 
20 40 65 
64 53 93 
42 96 64 
3 49 1 
88 86 83 
99 64 79 
29 19 66 
61 55 53 
30 33 7 
44 42 5 
31 56 45 
31 65 69 
89 51 49 
36 65 23 
41 82 81 
70 35 59 
51 100 42 
41 27 87 
10 99 85 
74 71 47 
78 76 44 
35 52 37 
82 7 18 
14 51 29 
55 67 25 
71 3 63 
36 53 71 
89 8 92 
25 2 30 
84 13 26 
33 11 86 
72 47 11 
74 84 86 
4 53 90 
82 72 31 
66 36 53 
69 9 6 
32 27 37 
46 92 6 
70 36 81 
12 87 68 
2 44 76 
24 17 61 
100 68 2 
95 35 53 
36 97 88 
86 5 76 
83 22 84 
99 8 21 
30 21 38 
83 21 57 
50 91 25 
15 58 6 
81 21 9 
22 15 38 
70 68 86 
55 51 67 
72 80 82 
20 45 25 
32 41 97 
72 38 57 
16 2 60 
93 20 44 
29 25 59 
33 22 83 
57 78 25 
56 11 98 
9 85 100 
65 49 3 
46 84 32 
47 89 70 
65 31 50 
94 84 41 
52 37 85 
58 15 39 
87 9 62 
37 66 81 
97 2 9 
69 9 75 
29 34 24 
95 36 9 
88 55 52 
88 59 23 
27 31 73 
37 100 43 
36 99 1 
3 46 72 
25 16 65 
79 66 11 
28 91 26 
95 99 43 
67 82 35 
47 92 22 
13 45 39 
48 64 71 
20 10 34 
32 79 14 
75 26 83 
99 98 58 
80 3 40 
14 65 11 
54 21 49 
11 17 77 
64 95 63 
5 33 58 
39 70 55 
89 64 81 
76 23 17 
20 35 94 
66 52 29 
12 76 99 
58 40 48 
2 67 8 
100 48 82 
10 21 50 
32 7 11 
30 74 55 
62 52 58 
57 18 85 
23 9 99 
24 3 25 
76 38 72 
66 81 93 
20 31 10 
69 9 78 
46 44 61 
29 20 75 
39 64 88 
24 63 45 
96 5 49 
15 59 24 
70 88 38 
32 43 33 
51 79 43 
1 86 64 
99 82 98 
66 3 53 
59 12 39 
67 76 36 
48 47 64 
38 61 89 
76 90 40 
91 62 31 
31 56 36 
44 57 100 
93 29 82 
36 66 100 
79 69 34 
87 11 95 
54 58 53 
57 10 26 
98 13 69 
72 33 45 
25 82 99 
28 25 43 
8 53 56 
30 39 97 
25 76 68 
56 77 74 
91 20 63 
69 45 15 
5 74 35 
79 9 66 
82 39 46 
85 1 70 
99 5 75 
42 64 91 
47 90 70 
91 1 4 
47 13 99 
24 26 32 
40 88 14 
74 75 73 
99 2 9 
75 88 16 
28 65 98 
79 56 54 
40 72 68 
26 72 18 
49 50 20 
44 79 94 
27 23 81 
36 64 12 
96 48 33 
66 70 99 
32 90 18 
97 13 36 
42 89 39 
63 2 6 
50 76 53 
77 53 84 
54 9 30 
43 37 50 
92 23 96 
53 38 22 
14 55 28 
42 71 84 
84 56 2 
83 45 64 
21 80 8 
11 21 56 
28 88 73 
2 40 22 
68 45 14 
64 66 11 
12 61 29 
100 18 67 
13 68 11 
35 39 78 
41 78 85 
24 65 1 
62 72 55 
87 47 79 
80 59 81 
16 20 68 
38 43 11 
21 16 45 
8 34 11 
11 15 82 
71 45 64 
70 72 68 
7 9 6 
78 11 48 
29 98 56 
86 41 53 
7 8 53 
92 68 45 
5 61 75 
97 100 62 
97 67 70 
70 24 31 
69 10 32 
8 76 16 
76 49 91 
31 3 63 
51 9 97 
31 64 91 
46 71 19 
9 62 100 
42 91 26 
27 100 76 
65 55 13 
97 79 50 
54 91 14 
4 56 37 
18 44 85 
26 38 51 
88 1 99 
44 10 22 
16 49 12 
3 94 93 
23 70 96 
19 74 52 
67 41 18 
74 91 7 
39 42 86 
19 95 67 
82 79 2 
58 65 36 
79 17 65 
39 14 81 
93 100 16 
48 92 5 
16 24 32 
51 57 44 
22 59 5 
71 9 65 
97 19 78 
12 52 75 
81 25 67 
26 49 44 
26 53 47 
56 86 65 
66 7 48 
12 66 27 
83 62 53 
46 34 4 
6 41 8 
80 72 40 
83 80 6 
1 56 38 
35 7 45 
49 80 56 
22 91 31 
69 25 7 
34 59 60 
72 89 44 
6 87 30 
28 38 97 
27 86 7 
42 5 14 
25 67 63 
81 58 17 
99 75 22 
94 28 46 
60 57 5 
32 60 62 
24 79 46 
83 80 54 
92 66 69 
36 79 39 
52 80 60 
54 69 3 
34 32 89 
7 81 95 
2 67 23 
28 87 100 
12 84 82 
45 64 77 
15 93 57 
96 75 64 
72 26 57 
32 61 15 
26 89 90 
94 26 44 
12 15 63 
65 49 54 
13 6 55 
91 5 22 
25 5 41 
44 70 93 
4 61 28 
21 63 49 
50 34 12 
61 12 4 
37 9 4 
1 18 70 
87 46 80 
44 97 66 
74 7 71 
7 22 44 
25 68 53 
41 33 29 
43 61 89 
42 72 29 
46 45 9 
55 92 31 
17 96 53 
39 8 81 
81 84 49 
63 38 66 
18 94 63 
34 83 27 
36 5 75 
48 49 99 
4 26 12 
25 35 46 
2 26 21 
6 33 46 
5 76 10 
94 1 38 
84 98 24 
80 17 100 
4 45 28 
77 66 6 
19 18 68 
40 45 55 
91 54 43 
16 3 30 
15 99 92 
4 18 28 
84 83 92 
38 53 89 
84 62 10 
25 24 29 
1 68 98 
1 18 13 
18 8 49 
42 56 25 
48 34 45 
67 81 74 
37 11 55 
63 88 89 
77 98 2 
41 86 64 
99 72 23 
48 39 12 
73 72 60 
58 85 35 
30 33 2 
85 80 31 
61 7 54 
66 21 48 
90 95 61 
12 49 42 
58 44 2 
19 36 57 
66 64 95 
86 58 40 
35 76 99 
60 94 54 
51 38 45 
28 98 44 
82 70 68 
87 27 95 
62 27 58 
95 82 60 
11 25 1 
1 49 13 
31 79 36 
21 3 31 
18 61 40 
4 52 24 
20 26 15 
71 72 24 
46 29 24 
27 67 79 
50 92 43 
3 50 76 
60 69 58 
77 67 68 
79 64 26 
74 90 68 
32 33 13 
30 45 38 
87 50 26 
29 49 13 
1 95 8 
82 84 69 
44 27 26 
35 31 64 
18 16 4 
22 43 26 
42 53 39 
84 74 26 
24 40 78 
60 76 35 
33 94 70 
39 35 77 
85 44 6 
9 42 65 
56 5 54 
72 27 87 
95 81 69 
80 47 100 
86 15 75 
67 49 13 
78 88 9 
63 67 66 
46 39 77 
90 15 53 
17 68 91 
10 35 15 
55 67 10 
68 1 90 
18 39 97 
52 35 96 
8 37 53 
37 12 1 
17 3 76 
30 90 79 
77 21 9 
71 15 18 
2 87 77 
8 52 78 
17 24 97 
72 3 43 
90 40 51 
98 39 62 
76 13 90 
3 85 7 
51 40 97 
17 59 22 
3 77 57 
65 94 26 
27 1 5 
87 66 96 
44 14 56 
14 17 16 
79 56 53 
41 62 3 
82 81 98 
86 37 77 
31 27 52 
56 57 63 
20 77 85 
7 16 97 
82 99 65 
36 78 33 
34 46 87 
24 23 29 
32 84 7 
88 66 17 
74 5 24 
97 25 79 
48 29 88 
33 5 16 
19 96 84 
22 8 51 
42 47 58 
65 49 46 
20 95 17 
70 3 66 
68 34 36 
38 65 26 
23 44 93 
11 72 28 
91 99 49 
48 23 70 
8 57 53 
58 68 28 
5 74 80 
27 35 80 
33 46 55 
42 4 28 
32 8 14 
16 40 94 
26 93 52 
82 92 29 
79 28 16 
15 54 80 
83 38 91 
64 97 50 
48 79 74 
11 56 50 
70 85 82 
64 94 40 
71 47 58 
68 63 96 
12 60 23 
76 81 37 
40 16 65 
38 12 35 
28 53 65 
17 58 7 
17 57 51 
72 60 93 
26 20 52 
97 69 25 
32 43 6 
59 19 34 
45 13 100 
25 88 41 
33 64 3 
40 79 36 
37 66 73 
75 89 20 
94 2 73 
66 76 35 
10 9 65 
38 17 63 
34 78 36 
62 19 4 
93 33 35 
5 59 70 
98 97 36 
83 38 97 
22 76 82 
96 78 17 
57 78 82 
30 25 47 
97 49 67 
82 77 59 
11 14 82 
46 47 94 
45 20 71 
96 43 1 
51 73 39 
50 69 8 
34 69 60 
99 15 100 
86 100 98 
88 58 99 
36 60 38 
96 33 22 
27 94 20 
4 59 2 
57 23 66 
34 90 43 
21 43 65 
10 27 32 
2 27 97 
85 68 41 
35 86 59 
3 17 62 
78 41 23 
47 62 7 
5 41 69 
80 90 18 
34 50 90 
66 97 1 
26 19 49 
69 42 75 
45 8 98 
88 15 13 
22 13 31 
36 73 51 
31 44 58 
22 54 10 
69 14 81 
49 70 35 
46 30 23 
57 99 2 
29 61 27 
29 24 51 
53 99 32 
63 34 76 
22 95 86 
73 35 18 
3 49 90 
3 37 53 
2 38 96 
18 43 85 
88 47 55 
47 10 13 
25 76 78 
91 25 22 
73 83 42 
14 83 7 
30 59 29 
36 30 99 
94 38 14 
31 72 21 
84 44 62 
1 81 37 
26 69 49 
27 15 30 
23 86 32 
37 3 100 
81 37 92 
90 37 65 
100 88 83 
46 24 8 
80 60 98 
80 76 2 
41 52 2 
46 57 100 
54 74 85 
5 83 20 
60 1 97 
25 65 17 
98 75 61 
3 12 62 
66 11 87 
23 53 61 
49 68 55 
21 32 58 
32 55 20 
34 39 51 
12 18 5 
3 7 100 
17 84 42 
22 21 23 
92 81 93 
80 46 44 
22 75 64 
14 62 79 
93 84 66 
39 87 76 
9 33 31 
3 44 11 
19 71 49 
64 11 67 
68 30 41 
22 56 72 
49 58 52 
55 54 14 
17 52 60 
68 18 72 
25 97 54 
48 35 68 
55 59 89 
14 50 45 
89 48 25 
19 24 74 
97 19 100 
62 7 12 
25 61 2 
10 41 21 
22 10 13 
44 79 99 
51 92 20 
96 46 8 
22 16 24 
93 34 17 
96 81 37 
14 94 54 
4 31 16 
60 59 52 
32 45 30 
60 50 55 
5 98 79 
9 73 95 
35 13 31 
32 87 41 
74 96 92 
93 81 84 
86 98 74 
62 4 1 
36 82 63 
37 11 88 
67 38 43 
33 10 18 
28 39 54 
31 98 84 
90 51 10 
33 2 90 
18 4 68 
14 53 95 
100 38 92 
89 93 55 
54 12 57 
29 41 82 
23 30 50 
36 56 6 
30 16 43 
44 99 25 
90 81 50 
60 51 59 
82 12 37 
94 46 33 
62 36 61 
27 92 88 
76 37 72 
53 90 80 
28 98 43 
90 35 49 
7 49 24 
31 51 4 
60 18 45 
49 53 62 
79 25 6 
16 61 79 
68 81 47 
49 8 56 
86 96 17 
56 82 3 
87 95 41 
95 28 75 
37 87 43 
35 81 71 
37 75 85 
74 42 70 
96 14 78 
80 3 76 
87 85 48 
61 53 18 
8 98 85 
37 77 44 
28 72 4 
66 29 67 
30 15 84 
79 17 2 
36 56 65 
67 35 12 
39 1 91 
6 68 64 
96 80 14 
22 39 50 
29 62 79 
70 87 57 
21 26 77 
92 99 48 
6 35 80 
82 24 25 
68 59 78 
18 78 86 
80 32 19 
45 100 36 
67 100 75 
50 64 92 
64 8 16 
20 7 16 
66 95 24 
97 9 42 
81 21 25 
96 9 74 
42 79 19 
90 86 69 
22 1 24 
25 68 60 
13 52 48 
86 11 51 
88 52 23 
39 52 35 
34 78 89 
5 92 54 
94 51 17 
25 99 61 
55 54 43 
65 22 86 
39 47 3 
78 46 15 
55 16 57 
60 21 54 
34 4 100 
94 96 27 
54 6 33 
74 33 60 
5 75 34 
30 43 14 
49 46 4 
16 55 63 
15 77 75 
44 90 15 
12 64 71 
11 52 48 
65 95 36 
99 71 19 
49 21 81 
36 56 8 
48 28 81 
16 27 48 
47 26 50 
94 52 83 
59 9 99 
30 87 40 
28 22 55 
40 29 62 
33 37 30 
28 58 55 
9 70 55 
96 34 9 
100 9 54 
49 48 88 
77 58 46 
56 10 12 
86 55 34 
21 20 47 
50 38 9 
92 28 25 
20 79 49 
52 9 6 
55 46 1 
53 70 49 
33 40 69 
36 24 75 
83 100 99 
25 38 42 
81 63 85 
33 99 26 
41 84 15 
61 91 100 
98 47 96 
66 80 83 
68 31 27 
26 60 61 
15 38 26 
61 23 86 
50 58 90 
56 38 55 
22 49 21 
59 36 44 
45 26 50 
91 60 64 
31 53 48 
58 94 15 
41 90 3 
30 12 37 
20 3 59 
8 64 45 
44 9 90 
43 10 61 
48 15 30 
1 14 77 
8 3 23 
33 12 64 
61 56 55 
20 31 70 
98 19 89 
44 23 30 
75 44 79 
43 84 5 
75 48 77 
54 68 34 
90 86 42 
19 69 70 
57 34 2 
49 80 85 
28 26 89 
56 77 28 
76 39 90 
13 93 72 
10 53 94 
73 4 47 
61 48 37 
80 97 59 
42 59 89 
49 3 68 
42 6 5 
47 44 69 
31 34 51 
4 48 83 
11 31 2 
93 100 21 
83 54 2 
12 59 21 
10 19 28 
16 85 90 
35 56 62 
78 48 73 
29 12 71 
48 10 63 
43 57 91 
5 31 23 
44 25 15 
71 37 57 
56 28 59 
86 58 97 
22 90 19 
39 24 81 
19 39 95 
80 100 37 
77 83 49 
93 80 83 
79 17 68 
69 66 52 
45 100 73 
18 84 47 
39 24 99 
78 11 50 
69 84 77 
89 22 59 
46 64 16 
44 50 39 
78 88 58 
32 84 39 
44 35 10 
27 54 7 
59 96 33 
73 99 95 
17 83 46 
46 94 91 
82 49 84 
49 95 59 
44 40 34 
1 12 79 
6 59 58 
53 47 74 
82 72 33 
3 29 85 
32 1 17 
5 7 42 
60 41 95 
68 94 89 
78 48 71 
52 54 59 
48 30 88 
49 60 92 
25 35 54 
54 39 31 
1 100 39 
87 7 11 
10 41 48 
96 11 41 
9 10 2 
95 17 100 
13 48 6 
40 84 19 
66 43 37 
8 49 90 
50 70 4 
78 77 22 
94 100 91 
72 48 49 
66 85 57 
94 96 69 
67 81 73 
100 22 21 
21 59 26 
77 19 64 
23 38 21 
59 3 52 
81 60 56 
30 22 55 
73 11 71 
82 80 19 
87 72 80 
53 9 70 
40 72 78 
94 12 80 
39 11 36 
15 71 47 
93 38 77 
57 81 89 
29 18 99 
80 49 37 
13 29 96 
11 52 26 
96 17 100 
49 10 84 
47 44 88 
56 79 82 
34 91 36 
24 28 57 
66 89 36 
59 2 80 
56 30 54 
86 4 55 
32 33 12 
97 93 35 
66 96 8 
55 21 99 
58 56 78 
40 42 58 
18 43 16 
40 67 88 
41 35 25 
92 32 21 
18 47 30 
82 32 22 
71 22 15 
93 27 15 
47 33 62 
82 85 31 
62 12 80 
100 81 14 
25 37 1 
23 75 19 
70 27 62 
43 27 45 
30 65 7 
12 40 51 
15 60 33 
31 43 51 
14 17 98 
65 71 80 
60 40 69 
31 86 34 
55 68 88 
46 7 53 
82 6 15 
30 26 33 
10 73 20 
86 42 33 
50 76 84 
18 17 43 
100 84 41 
65 80 42 
55 22 58 
66 46 33 
38 68 66 
48 6 16 
21 56 75 
13 61 40 
38 52 12 
47 67 62 
18 80 67 
41 12 91 
76 92 74 
17 66 22 
48 27 93 
76 50 98 
44 38 43 
93 24 41 
76 90 73 
1 10 19 
62 93 28 
27 85 67 
19 49 72 
87 83 24 
32 6 80 
28 53 51 
81 15 55 
21 84 94 
14 89 29 
39 42 36 
42 32 90 
84 33 76 
100 55 61 
7 4 85 
19 8 25 
31 14 37 
92 12 33 
14 90 18 
72 90 50 
18 15 49 
4 57 40 
88 51 65 
47 85 63 
30 78 4 
54 25 94 
55 48 99 
42 16 17 
53 58 52 
100 22 59 
2 49 95 
4 38 28 
24 19 51 
28 21 38 
29 60 23 
1 45 30 
41 34 74 
21 13 55 
38 33 47 
26 4 56 
69 33 66 
38 30 70 
19 42 59 
54 3 51 
24 23 67 
28 81 37 
63 45 54 
14 72 69 
9 3 80 
71 4 61 
36 19 1 
90 58 43 
37 100 75 
35 23 49 
51 91 100 
46 41 79 
14 17 39 
12 1 96 
20 94 9 
20 13 41 
36 20 26 
75 50 39 
48 38 28 
53 4 85 
9 86 69 
23 5 38 
66 1 99 
60 8 45 
30 20 45 
14 45 72 
33 21 1 
23 88 72 
25 56 86 
59 16 33 
94 23 80 
37 40 21 
89 51 1 
66 23 48 
62 65 42 
69 78 52 
44 80 67 
19 26 11 
54 73 20 
25 44 86 
52 49 70 
62 69 91 
19 24 20 
93 30 16 
67 17 40 
99 24 96 
24 8 47 
22 16 89 
75 61 54 
33 50 49 
10 85 8 
31 45 49 
27 16 20 
14 31 11 
12 65 57 
38 45 15 
16 23 64 
5 58 83 
7 80 17 
40 61 45 
78 50 5 
47 40 69 
22 70 82 
13 25 42 
60 92 39 
90 10 87 
47 22 57 
27 48 47 
18 34 24 
65 75 55 
19 51 9 
53 5 11 
27 4 8 
20 89 24 
43 10 56 
51 85 6 
39 8 17 
35 51 56 
91 70 42 
69 94 58 
55 59 81 
8 48 78 
11 67 92 
27 31 25 
56 95 15 
74 42 67 
65 9 6 
87 81 24 
76 44 23 
18 16 12 
38 62 17 
75 59 50 
62 55 16 
80 5 78 
32 67 71 
95 65 71 
57 96 67 
24 6 40 
99 39 70 
73 81 14 
10 91 81 
75 24 44 
46 59 71 
24 82 56 
27 62 23 
1 9 62 
15 86 14 
58 55 92 
31 56 90 
6 82 68 
39 2 91 
48 79 21 
20 59 56 
36 91 20 
37 62 11 
68 48 18 
35 5 43 
18 25 56 
100 11 20 
19 95 91 
82 6 74 
50 22 23 
77 98 14 
74 68 21 
20 9 66 
73 3 83 
37 47 85 
52 76 5 
39 83 28 
100 10 64 
54 47 95 
25 67 74 
42 36 35 
82 77 34 
3 69 63 
81 91 2 
44 97 17 
89 80 1 
85 30 96 
77 91 78 
50 32 96 
15 51 1 
40 66 90 
18 29 98 
9 19 96 
10 85 57 
76 40 71 
86 55 15 
93 16 77 
99 16 52 
21 68 92 
54 39 43 
1 73 76 
56 52 2 
5 58 56 
76 81 95 
76 71 3 
94 57 79 
94 35 100 
3 64 100 
12 75 43 
23 1 90 
46 88 50 
54 38 2 
68 41 3 
19 47 28 
33 97 59 
85 47 9 
18 78 27 
79 5 23 
76 70 21 
13 89 33 
82 12 8 
18 23 81 
54 70 28 
63 89 6 
67 14 49 
91 63 5 
42 77 39 
21 65 2 
46 25 9 
49 63 44 
5 55 21 
26 99 45 
57 78 66 
16 31 100 
3 31 54 
11 54 80 
10 79 94 
17 81 71 
84 56 85 
40 53 44 
90 88 37 
42 17 53 
15 34 68 
78 68 79 
1 52 32 
32 81 89 
74 65 90 
53 23 68 
39 33 91 
17 72 42 
66 24 46 
68 89 50 
47 13 6 
18 79 83 
70 9 87 
58 47 9 
5 22 46 
32 34 94 
87 60 30 
25 6 54 
62 14 21 
39 89 19 
85 32 37 
79 8 20 
71 89 41 
67 95 65 
61 21 50 
22 14 15 
64 96 83 
95 7 36 
44 18 40 
3 26 5 
84 69 9 
32 17 7 
83 50 37 
42 29 79 
89 80 75 
57 55 66 
60 45 10 
10 73 11 
88 45 97 
22 95 20 
44 1 56 
46 53 37 
38 79 8 
38 95 63 
1 71 52 
37 29 55 
20 40 18 
42 38 19 
42 38 18 
97 23 25 
50 85 88 
7 47 46 
48 93 71 
52 35 69 
84 64 49 
3 54 61 
88 82 54 
27 20 64 
78 30 39 
1 31 12 
5 13 32 
98 29 16 
49 44 98 
50 98 5 
23 31 18 
31 64 30 
82 20 8 
22 6 16 
15 54 21 
35 40 8 
39 24 15 
16 37 73 
32 5 60 
66 78 14 
27 77 53 
96 63 74 
4 75 32 
18 13 43 
14 30 100 
63 42 52 
86 70 78 
33 86 63 
7 73 85 
76 3 27 
22 80 24 
79 88 3 
94 72 33 
1 20 44 
22 77 89 
72 15 90 
61 32 99 
15 54 55 
98 69 91 
23 86 66 
34 27 100 
12 50 90 
12 20 64 
79 4 14 
32 26 5 
39 90 91 
25 66 1 
23 99 24 
44 34 18 
74 25 4 
14 10 30 
46 26 84 
40 6 60 
43 71 13 
41 11 37 
55 60 100 
36 47 65 
40 11 64 
48 22 24 
85 77 3 
2 99 90 
52 93 16 
78 54 76 
46 47 4 
94 3 33 
34 23 84 
14 3 41 
60 22 50 
27 13 29 
5 26 96 
39 70 85 
20 7 3 
50 21 28 
10 71 35 
48 2 23 
33 42 44 
24 11 85 
53 54 91 
74 65 33 
58 9 35 
14 95 25 
51 98 54 
13 10 26 
48 86 58 
9 1 85 
57 98 22 
46 79 33 
65 56 44 
29 63 71 
31 61 37 
36 91 41 
4 95 57 
91 17 8 
15 95 96 
32 71 18 
71 33 93 
50 84 32 
20 67 14 
4 24 5 
1 79 37 
82 26 34 
40 9 14 
31 50 44 
33 50 64 
27 81 90 
68 43 94 
71 23 100 
24 43 93 
43 75 28 
95 2 46 
66 97 35 
14 54 56 
26 29 9 
5 22 32 
5 98 45 
26 30 32 
1 61 35 
84 31 68 
3 76 84 
24 29 93 
73 1 35 
5 16 71 
55 92 20 
54 57 36 
43 44 75 
92 74 29 
53 78 62 
63 62 49 
75 52 23 
6 51 20 
26 43 15 
43 74 6 
95 71 52 
8 52 55 
46 56 79 
78 87 35 
96 32 17 
29 96 94 
90 15 49 
3 34 15 
96 70 30 
9 3 90 
3 98 49 
77 8 12 
91 99 95 
49 31 68 
43 47 67 
63 61 43 
5 74 96 
36 100 16 
20 55 37 
93 80 81 
46 80 89 
89 97 57 
28 43 44 
12 39 57 
64 20 93 
40 34 87 
37 27 55 
22 62 28 
27 58 71 
15 12 16 
93 13 34 
63 85 29 
41 39 43 
100 29 61 
42 99 23 
44 14 43 
65 54 76 
85 74 51 
80 29 81 
15 55 8 
81 82 83 
35 55 81 
88 22 11 
11 57 40 
41 52 25 
58 32 78 
23 99 14 
47 51 59 
9 59 6 
87 85 73 
74 89 2 
56 9 55 
82 45 79 
39 47 13 
12 75 5 
62 14 23 
4 1 60 
81 67 82 
37 45 12 
77 72 12 
67 83 89 
6 35 38 
77 45 60 
5 86 23 
53 70 18 
40 52 66 
62 73 17 
88 32 57 
19 35 97 
100 83 79 
18 49 31 
80 37 78 
71 61 79 
9 16 13 
29 62 98 
39 77 47 
63 94 69 
80 1 92 
39 70 34 
3 72 17 
88 92 16 
31 66 8 
68 90 14 
55 4 74 
96 15 100 
14 66 63 
1 32 73 
37 71 19 
93 38 67 
3 46 85 
73 29 25 
26 90 46 
88 13 2 
24 92 36 
41 60 13 
16 39 78 
94 100 74 
66 53 94 
75 44 50 
12 68 7 
38 20 89 
34 100 5 
33 35 85 
64 15 78 
47 12 81 
53 67 71 
62 75 97 
1 20 22 
99 41 74 
24 38 94 
54 95 7 
44 35 56 
20 15 12 
91 15 68 
32 47 27 
69 13 3 
73 16 100 
62 51 49 
53 44 58 
98 74 59 
91 2 13 
12 99 29 
59 67 45 
64 65 38 
46 17 87 
3 53 71 
41 27 75 
44 93 90 
20 61 25 
22 82 87 
59 45 96 
71 20 22 
58 27 20 
70 26 24 
100 55 50 
28 1 34 
66 68 45 
85 43 73 
49 48 92 
94 40 51 
26 40 28 
74 62 72 
29 16 19 
14 90 69 
46 6 24 
30 52 8 
65 23 47 
78 3 49 
85 72 35 
33 51 56 
59 80 18 
5 74 92 
19 23 73 
9 1 17 
33 30 60 
26 22 54 
5 57 84 
62 34 53 
78 72 59 
79 57 91 
19 84 49 
91 60 3 
95 31 74 
26 17 31 
80 48 44 
5 18 11 
22 37 44 
42 45 43 
66 2 39 
20 4 2 
59 92 97 
97 65 67 
88 63 94 
27 7 60 
29 59 90 
77 15 91 
1 32 77 
31 46 51 
20 65 79 
98 58 68 
66 72 65 
65 75 8 
39 31 60 
15 61 22 
39 62 100 
29 61 87 
63 60 20 
84 64 53 
47 41 74 
4 52 32 
27 45 72 
60 97 52 
86 66 74 
10 58 74 
42 7 62 
9 77 50 
89 19 93 
32 22 23 
6 86 10 
56 82 88 
8 10 36 
38 33 35 
68 38 31 
93 100 5 
75 24 57 
59 78 99 
37 9 8 
34 59 81 
62 97 66 
90 62 12 
2 66 98 
16 10 73 
85 98 3 
18 35 4 
33 20 15 
84 67 1 
83 98 80 
10 49 61 
93 61 99 
26 4 65 
19 8 78 
98 61 38 
50 20 25 
38 31 36 
55 76 36 
35 50 64 
93 85 12 
75 45 39 
24 71 45 
40 52 55 
2 71 96 
91 6 89 
14 45 80 
65 33 68 
6 74 98 
7 73 13 
15 80 61 
79 59 24 
3 26 57 
62 69 18 
17 45 82 
23 35 69 
5 65 31 
100 18 62 
42 30 38 
68 34 45 
8 86 88 
100 81 16 
45 30 77 
93 58 100 
58 3 32 
17 98 80 
61 38 73 
21 93 88 
35 53 56 
97 20 93 
2 43 78 
71 68 35 
50 71 97 
77 99 83 
17 60 26 
21 14 35 
53 99 83 
69 94 27 
21 18 65 
93 39 85 
55 31 80 
68 48 16 
56 5 74 
2 40 20 
56 84 100 
17 81 43 
95 54 82 
44 9 99 
60 85 24 
63 100 75 
20 53 45 
19 6 72 
23 29 69 
84 71 15 
68 83 23 
72 59 13 
29 32 39 
14 90 35 
66 37 15 
7 26 10 
4 100 50 
76 44 1 
98 6 66 
90 65 52 
99 97 40 
64 60 75 
19 6 75 
36 64 9 
9 47 73 
59 61 92 
51 93 47 
51 7 93 
73 14 77 
59 23 47 
72 65 75 
82 70 73 
40 84 42 
72 76 95 
33 18 81 
73 40 16 
8 9 64 
95 52 18 
5 74 45 
50 17 30 
25 85 2 
91 16 86 
43 50 24 
6 23 7 
80 38 14 
85 39 95 
80 36 76 
45 54 59 
29 69 99 
15 33 80 
31 87 23 
53 21 91 
82 20 77 
7 55 37 
71 24 10 
46 52 34 
30 88 36 
11 90 76 
100 36 55 
17 20 99 
37 79 49 
24 33 39 
43 78 62 
67 32 27 
16 71 39 
34 39 93 
70 58 78 
73 7 36 
48 37 16 
28 34 69 
97 80 3 
54 16 57 
90 57 94 
11 10 90 
49 88 2 
77 2 13 
95 46 32 
55 73 60 
53 100 96 
27 99 43 
16 72 2 
91 96 18 
60 84 14 
5 72 19 
46 25 43 
13 22 28 
2 38 28 
23 81 30 
40 98 44 
68 80 82 
78 68 72 
18 60 33 
93 83 56 
9 40 53 
48 16 14 
94 57 76 
61 80 49 
78 26 48 
78 61 81 
67 44 29 
36 92 16 
21 54 100 
71 90 72 
69 16 20 
92 70 71 
8 92 53 
23 60 10 
55 3 52 
17 12 24 
42 87 24 
54 19 46 
56 15 17 
93 31 27 
66 68 10 
94 43 20 
67 50 20 
91 36 90 
53 6 96 
93 31 76 
58 67 20 
97 27 35 
44 73 63 
83 97 56 
82 25 42 
21 10 65 
68 7 40 
34 18 81 
35 36 67 
27 40 11 
55 5 47 
74 25 87 
67 8 34 
61 14 59 
20 29 18 
29 23 30 
100 74 84 
47 42 50 
91 63 28 
93 7 18 
52 2 57 
70 64 29 
42 43 48 
8 65 77 
4 14 2 
96 10 20 
13 39 82 
78 43 52 
61 49 9 
9 13 27 
15 3 26 
59 50 28 
24 70 51 
77 68 56 
58 36 28 
73 68 3 
47 63 15 
94 44 8 
99 5 21 
66 3 96 
79 56 8 
49 26 70 
46 16 14 
84 66 15 
53 29 7 
19 15 75 
76 24 47 
87 63 82 
59 65 36 
5 33 97 
24 41 48 
1 54 78 
38 52 41 
88 21 13 
23 34 22 
13 81 27 
90 88 15 
1 48 49 
17 43 40 
17 39 48 
54 18 42 
98 15 75 
56 74 25 
42 74 13 
40 74 30 
13 92 98 
79 70 41 
45 91 33 
86 41 34 
76 6 70 
4 58 60 
98 67 28 
25 26 28 
38 63 26 
100 65 10 
68 20 46 
69 49 68 
8 94 66 
18 23 100 
66 88 79 
28 5 8 
62 35 53 
3 18 7 
30 21 65 
50 1 79 
41 34 28 
35 34 10 
10 17 32 
79 84 100 
53 33 15 
5 24 42 
26 23 59 
7 8 3 
6 20 48 
4 19 91 
44 3 50 
88 55 2 
31 9 29 
62 14 50 
91 95 13 
6 57 41 
70 28 38 
42 85 52 
69 87 60 
70 22 32 
70 66 62 
51 35 26 
76 72 25 
95 16 83 
4 5 36 
26 90 3 
99 36 70 
3 2 67 
41 60 39 
17 24 77 
89 75 79 
28 48 61 
26 82 61 
42 78 95 
4 5 88 
95 75 8 
64 34 96 
52 41 58 
23 30 7 
62 36 76 
29 87 16 
11 92 97 
89 82 24 
6 83 93 
83 81 75 
70 17 65 
35 49 8 
87 49 58 
67 89 61 
32 61 7 
97 17 77 
50 6 31 
13 79 75 
39 16 83 
91 19 14 
44 53 12 
78 30 87 
67 77 89 
3 88 40 
47 98 6 
19 8 76 
15 16 36 
91 96 57 
75 62 5 
77 66 61 
95 20 74 
33 2 22 
14 46 55 
8 91 82 
20 78 25 
11 84 32 
83 64 92 
38 73 62 
97 7 35 
17 56 33 
32 2 41 
1 15 21 
70 21 37 
17 12 54 
2 25 100 
40 56 45 
34 29 49 
41 83 34 
34 4 75 
19 85 3 
25 86 70 
38 57 50 
97 40 92 
58 9 23 
43 49 31 
93 18 44 
71 56 29 
25 75 65 
2 11 10 
1 87 31 
37 33 62 
51 12 34 
84 23 92 
91 83 87 
98 30 75 
84 2 13 
11 9 38 
23 89 64 
37 91 38 
46 42 3 
66 52 34 
97 24 10 
18 7 89 
14 30 85 
38 40 95 
9 30 42 
14 37 54 
65 41 2 
76 46 50 
19 17 37 
33 12 16 
97 25 36 
70 83 46 
4 3 58 
67 15 31 
53 17 25 
70 67 46 
93 81 11 
6 43 1 
89 11 62 
33 98 57 
49 85 30 
31 17 83 
18 5 34 
15 53 67 
97 74 10 
48 15 8 
57 81 87 
95 11 41 
19 26 9 
39 87 10 
45 96 82 
66 72 8 
72 55 21 
58 43 4 
90 63 37 
40 4 17 
38 93 57 
1 41 16 
50 39 15 
60 46 24 
30 88 28 
54 68 11 
43 52 16 
92 5 8 
60 6 84 
48 87 70 
42 27 39 
39 92 57 
84 21 8 
49 95 65 
25 78 27 
63 76 29 
50 14 100 
93 29 6 
92 11 32 
58 35 7 
78 53 51 
56 12 13 
32 85 67 
64 62 12 
54 81 90 
70 83 71 
37 95 56 
15 64 77 
37 30 71 
27 99 67 
44 27 52 
28 79 77 
42 12 17 
11 16 15 
55 79 95 
42 19 26 
58 27 37 
40 86 64 
68 95 64 
22 1 14 
31 26 86 
55 99 93 
81 38 82 
25 62 13 
88 85 17 
55 96 19 
82 80 48 
74 55 69 
26 9 83 
53 40 7 
13 43 51 
45 92 78 
44 58 60 
6 3 94 
20 25 32 
18 1 75 
52 61 92 
43 37 45 
91 86 58 
89 50 61 
1 81 77 
46 4 93 
63 24 11 
10 38 14 
81 53 92 
50 47 53 
66 22 85 
74 77 55 
66 38 54 
11 91 42 
27 54 53 
71 89 72 
75 58 55 
4 65 91 
32 78 31 
43 12 71 
25 57 40 
92 18 2 
18 36 69 
63 75 85 
19 5 95 
88 64 10 
18 59 16 
15 92 42 
100 54 39 
64 52 31 
96 78 53 
37 6 7 
50 74 8 
94 72 49 
53 36 92 
89 94 87 
57 97 84 
71 24 100 
70 86 61 
27 30 44 
13 37 42 
53 16 84 
98 95 22 
87 37 96 
73 37 91 
56 55 49 
91 55 14 
4 34 96 
70 6 63 
53 80 67 
12 78 16 
40 89 2 
51 4 40 
46 27 13 
43 87 25 
65 38 86 
42 41 53 
57 70 50 
55 68 84 
57 99 28 
97 44 2 
63 85 58 
77 31 33 
36 98 85 
76 29 19 
72 88 28 
6 84 89 
63 94 59 
4 82 62 
97 96 23 
98 95 83 
50 42 91 
23 26 96 
37 88 48 
99 100 12 
3 15 18 
95 74 47 
85 33 12 
71 48 79 
6 25 15 
7 83 47 
8 25 14 
86 5 53 
16 100 72 
14 4 90 
12 65 23 
39 90 32 
97 6 5 
85 38 11 
11 14 45 
44 99 60 
57 27 58 
40 57 46 
47 4 57 
36 78 14 
100 61 17 
27 22 18 
39 72 94 
57 3 97 
59 44 28 
80 43 41 
49 33 53 
24 48 68 
63 25 2 
90 73 97 
88 5 21 
11 84 82 
33 65 38 
25 48 76 
95 49 100 
80 91 47 
86 29 84 
85 54 80 
74 3 19 
61 85 25 
51 76 24 
19 87 41 
33 74 13 
52 49 27 
36 96 83 
98 97 88 
22 37 28 
20 85 90 
45 33 70 
48 95 96 
8 9 62 
93 13 42 
15 63 41 
78 37 88 
95 97 98 
19 29 50 
83 91 46 
100 80 55 
91 69 87 
42 21 35 
36 64 91 
37 6 62 
32 74 84 
56 32 73 
52 43 58 
49 63 7 
89 57 9 
58 47 82 
85 46 16 
89 77 6 
70 90 38 
80 54 32 
24 33 51 
26 53 72 
22 95 66 
4 69 51 
36 20 89 
93 33 44 
6 2 12 
38 83 35 
47 53 49 
90 65 53 
94 40 45 
42 40 77 
29 21 78 
52 57 56 
98 64 69 
29 13 14 
53 15 84 
12 73 64 
72 2 57 
27 63 30 
40 9 10 
91 20 62 
55 86 93 
63 59 55 
3 13 81 
43 98 15 
15 92 100 
47 57 11 
13 27 39 
93 75 4 
4 85 18 
7 78 67 
79 54 40 
70 81 24 
37 61 39 
10 40 73 
17 51 22 
17 86 70 
15 41 11 
40 37 75 
33 73 97 
56 77 80 
3 78 13 
69 78 19 
81 36 67 
2 97 66 
83 12 96 
78 25 41 
29 47 85 
58 85 88 
78 46 73 
56 9 68 
50 20 1 
10 15 100 
67 30 80 
42 20 45 
55 6 49 
23 49 75 
1 49 95 
4 34 57 
17 87 1 
16 33 29 
42 16 35 
53 38 84 
70 58 100 
67 40 23 
76 24 16 
35 49 87 
98 36 31 
7 67 60 
31 52 55 
63 14 61 
100 29 20 
98 66 27 
19 28 48 
38 70 51 
51 97 29 
22 40 28 
20 62 71 
97 96 45 
30 98 77 
21 90 76 
99 75 17 
27 33 22 
64 14 80 
62 93 63 
34 100 48 
89 88 55 
35 68 66 
12 77 78 
2 5 40 
60 36 76 
99 16 5 
18 40 97 
58 73 96 
18 75 43 
70 20 71 
13 17 39 
95 43 74 
7 91 76 
45 88 70 
99 60 77 
64 41 85 
22 92 56 
91 58 47 
89 79 86 
51 37 50 
100 60 45 
21 45 44 
38 45 26 
71 26 68 
55 66 26 
59 44 1 
29 74 95 
83 29 47 
40 87 2 
21 72 41 
5 23 63 
61 71 82 
44 51 89 
62 17 9 
37 84 51 
37 20 90 
8 9 19 
63 99 29 
88 58 39 
46 65 64 
15 57 86 
77 29 22 
64 13 68 
89 12 82 
88 37 93 
29 56 27 
61 88 89 
66 61 89 
86 35 96 
25 34 31 
63 16 69 
30 75 4 
95 35 76 
53 60 98 
43 13 47 
86 83 59 
76 98 23 
63 54 61 
48 73 14 
19 14 60 
46 34 53 
52 87 66 
29 78 69 
92 32 23 
2 52 89 
23 91 31 
7 44 78 
68 41 38 
45 17 70 
48 30 64 
11 68 63 
80 100 38 
80 42 98 
97 39 27 
22 99 60 
69 88 11 
8 19 63 
23 53 44 
51 43 12 
46 66 68 
40 9 43 
70 72 76 
17 6 43 
30 36 50 
56 47 85 
66 87 8 
8 32 82 
9 72 39 
25 62 27 
76 75 61 
26 21 24 
91 24 94 
37 98 77 
94 34 95 
33 37 41 
2 55 17 
85 33 70 
40 71 43 
100 4 3 
98 24 73 
83 13 85 
70 81 100 
32 33 94 
38 17 56 
59 35 22 
31 51 22 
38 25 91 
32 34 70 
25 15 38 
30 49 4 
68 45 94 
4 19 79 
63 67 68 
94 1 41 
92 61 9 
40 22 75 
87 47 44 
17 57 52 
41 35 87 
89 51 15 
33 37 3 
13 84 93 
36 23 22 
89 12 10 
49 80 62 
20 7 25 
89 97 27 
7 23 70 
98 64 59 
28 87 71 
57 66 26 
27 39 80 
85 63 73 
18 6 59 
64 18 21 
93 11 33 
64 22 97 
15 21 53 
49 55 84 
62 46 68 
37 29 62 
51 36 31 
36 29 78 
27 6 43 
48 28 6 
98 95 32 
36 81 28 
19 96 85 
95 24 82 
74 19 6 
43 18 98 
83 52 53 
43 87 88 
95 8 45 
91 26 67 
50 9 97 
33 27 49 
36 20 18 
69 80 24 
76 27 22 
46 70 91 
65 85 24 
11 44 65 
8 68 69 
97 56 96 
41 20 88 
70 87 18 
6 32 67 
24 47 4 
2 83 74 
11 31 36 
24 90 17 
49 56 44 
98 63 12 
27 10 71 
50 82 38 
16 70 49 
35 90 5 
98 69 28 
9 74 82 
91 66 26 
53 17 14 
5 82 96 
9 81 89 
97 78 10 
44 71 9 
45 68 52 
22 75 2 
61 52 12 
22 61 63 
83 21 52 
3 81 93 
42 45 30 
29 77 43 
36 16 19 
59 67 20 
44 10 23 
67 44 90 
50 28 7 
43 39 99 
75 51 87 
13 42 44 
78 20 87 
68 79 97 
58 15 45 
8 82 54 
27 23 15 
59 80 93 
32 5 52 
96 95 74 
31 57 56 
45 8 9 
69 23 14 
14 78 71 
34 43 38 
100 21 8 
30 8 78 
49 45 62 
29 73 65 
65 13 96 
39 67 84 
96 76 25 
74 69 8 
29 74 33 
22 93 66 
44 91 41 
31 71 8 
72 93 1 
15 78 70 
54 17 37 
5 88 35 
70 59 54 
24 89 19 
63 98 87 
64 52 51 
62 88 76 
79 42 65 
51 38 32 
4 64 33 
48 23 7 
5 45 54 
71 87 26 
41 64 44 
80 71 34 
24 16 59 
64 57 60 
69 71 2 
12 87 76 
48 67 60 
61 35 95 
37 65 60 
7 58 55 
44 5 11 
56 77 27 
83 20 84 
89 24 62 
82 70 29 
78 74 25 
22 19 29 
58 95 84 
53 94 58 
79 8 21 
28 79 99 
69 33 14 
89 25 61 
21 49 86 
43 84 77 
87 97 70 
56 52 20 
2 41 46 
5 24 93 
5 74 39 
13 19 20 
71 1 21 
59 70 98 
86 98 63 
75 79 74 
67 85 80 
23 61 100 
79 64 17 
11 87 31 
3 17 92 
52 7 14 
99 20 3 
80 28 72 
31 62 24 
100 65 43 
79 9 10 
56 49 50 
70 75 14 
94 32 8 
21 8 13 
59 27 33 
93 13 24 
8 23 63 
45 1 10 
21 19 16 
9 45 40 
78 28 49 
32 43 16 
67 87 71 
70 60 23 
40 49 20 
19 71 27 
37 99 58 
38 49 72 
4 55 29 
24 60 18 
29 7 61 
63 52 14 
85 79 70 
88 49 55 
35 26 74 
1 44 97 
87 80 68 
19 7 2 
69 2 43 
82 34 41 
68 3 23 
64 60 73 
83 96 77 
83 80 60 
28 14 33 
4 86 7 
93 75 46 
5 30 58 
90 66 36 
82 21 71 
46 91 29 
49 16 69 
19 33 51 
87 80 60 
37 24 64 
58 25 27 
58 84 79 
76 12 81 
39 2 60 
88 83 28 
45 70 29 
66 42 7 
70 34 28 
37 91 5 
44 23 45 
62 54 33 
3 14 57 
26 51 10 
77 4 59 
11 79 82 
61 58 95 
40 34 57 
38 74 1 
80 72 69 
80 40 88 
46 93 1 
98 3 94 
37 77 30 
14 45 86 
59 79 71 
96 23 44 
41 96 98 
33 16 19 
35 67 62 
43 63 37 
9 5 38 
81 91 66 
19 92 86 
13 62 75 
13 51 65 
91 37 58 
90 16 62 
18 86 71 
24 51 8 
68 88 75 
22 61 43 
61 57 96 
82 25 26 
47 88 45 
53 76 38 
55 19 93 
64 10 58 
88 55 42 
6 85 100 
27 68 55 
34 82 89 
90 63 39 
69 71 20 
60 96 5 
34 87 100 
5 7 39 
98 34 67 
93 61 94 
86 8 49 
69 5 14 
13 91 80 
55 51 53 
99 97 27 
71 1 68 
80 43 2 
27 6 3 
58 70 82 
74 81 6 
72 52 31 
87 62 5 
89 93 36 
20 79 94 
68 72 2 
6 47 68 
20 24 1 
73 46 32 
14 82 96 
66 95 8 
72 87 41 
1 76 23 
80 35 81 
51 56 75 
59 86 24 
27 62 35 
11 26 13 
2 35 80 
19 90 71 
80 84 67 
7 98 39 
47 94 66 
75 91 41 
46 47 67 
78 42 53 
24 8 40 
76 35 100 
85 21 25 
47 93 41 
87 44 49 
58 1 45 
9 28 50 
100 30 18 
41 45 65 
51 63 14 
4 70 77 
27 97 62 
33 22 11 
86 85 95 
6 52 25 
89 9 95 
28 18 23 
56 80 3 
31 66 19 
55 95 25 
77 88 56 
50 73 45 
31 65 59 
9 17 10 
69 62 86 
92 66 45 
36 17 79 
65 41 18 
15 40 37 
59 78 58 
21 60 29 
9 3 34 
22 10 89 
50 73 76 
28 23 75 
95 80 42 
100 11 32 
99 45 76 
50 83 93 
13 9 14 
19 4 12 
53 4 22 
89 46 45 
69 76 40 
80 78 45 
87 42 99 
66 40 14 
94 22 30 
57 93 11 
31 17 29 
44 29 77 
97 59 70 
4 56 88 
99 51 39 
49 40 91 
75 49 42 
58 14 93 
84 20 2 
36 68 98 
34 15 65 
90 54 48 
73 43 14 
92 89 100 
94 75 79 
20 34 36 
36 56 28 
65 73 39 
62 57 33 
54 65 59 
35 47 59 
27 33 48 
13 65 91 
13 93 58 
71 56 16 
83 99 62 
64 78 66 
16 73 61 
98 88 91 
39 64 2 
50 6 32 
52 97 6 
76 75 32 
89 49 93 
2 48 3 
89 52 87 
23 30 9 
89 49 53 
16 54 4 
32 75 7 
94 53 16 
74 17 6 
78 45 27 
75 37 49 
27 46 80 
83 78 62 
19 24 82 
77 65 69 
1 99 65 
29 47 37 
23 99 3 
65 10 43 
36 60 77 
3 7 19 
14 38 4 
32 26 63 
88 62 26 
42 58 74 
1 23 64 
73 69 3 
77 58 50 
25 56 81 
79 98 21 
15 16 57 
46 98 32 
50 84 33 
24 99 21 
26 92 52 
56 85 87 
96 70 9 
88 14 1 
5 67 100 
100 83 9 
82 13 74 
92 41 75 
21 46 60 
81 61 40 
93 95 76 
11 29 24 
65 80 69 
97 5 17 
24 26 96 
24 47 2 
28 65 38 
50 75 68 
97 95 82 
83 92 27 
25 62 29 
92 15 1 
53 92 56 
87 27 62 
21 6 2 
93 22 35 
75 83 16 
76 65 100 
58 82 100 
58 40 68 
51 35 11 
76 73 5 
10 57 87 
82 31 22 
16 90 47 
39 65 57 
8 65 35 
11 26 84 
87 93 25 
70 92 98 
16 82 52 
98 90 3 
48 71 3 
50 26 97 
45 68 48 
22 80 63 
42 17 7 
62 13 86 
13 83 2 
70 66 38 
98 74 3 
53 99 87 
64 72 21 
58 22 33 
19 98 77 
86 15 41 
39 98 29 
48 26 56 
26 99 43 
61 83 66 
97 17 21 
12 10 13 
14 29 74 
31 30 52 
90 14 86 
75 99 87 
99 93 97 
6 41 31 
59 55 82 
33 40 36 
19 53 52 
32 22 24 
72 45 15 
32 60 70 
5 88 71 
50 3 68 
72 55 56 
90 11 49 
62 82 90 
22 12 37 
54 38 76 
25 58 79 
13 35 19 
32 25 86 
80 13 54 
41 34 75 
20 12 52 
90 61 93 
94 42 32 
91 20 94 
58 16 27 
40 21 43 
6 98 77 
83 36 58 
4 34 54 
98 72 92 
13 30 15 
85 42 36 
100 86 88 
39 26 60 
36 53 75 
12 88 41 
81 60 82 
16 30 9 
95 53 7 
56 10 19 
21 93 66 
1 23 82 
88 20 16 
81 62 82 
19 8 1 
46 16 21 
66 19 34 
83 55 5 
47 97 30 
56 53 1 
84 91 66 
97 93 51 
72 47 39 
64 54 61 
71 39 89 
32 63 25 
86 54 32 
46 25 7 
49 81 33 
3 45 23 
47 4 88 
82 17 84 
51 21 41 
70 42 89 
90 85 53 
18 97 62 
65 83 62 
35 78 29 
58 44 73 
18 30 15 
85 96 44 
53 32 24 
72 23 47 
85 34 45 
52 77 5 
21 95 7 
13 67 20 
10 71 39 
50 28 85 
43 35 53 
35 79 24 
97 23 21 
29 4 66 
57 75 69 
38 92 42 
60 96 54 
10 47 21 
5 18 70 
22 20 51 
94 14 77 
68 60 99 
100 33 54 
20 70 91 
30 48 51 
17 71 98 
37 97 90 
5 31 93 
8 19 22 
13 35 85 
41 13 43 
9 36 44 
53 70 4 
93 44 81 
25 37 36 
36 84 47 
26 34 54 
83 63 61 
78 72 32 
60 84 83 
91 68 87 
19 7 49 
94 81 31 
65 67 2 
38 18 87 
81 14 19 
65 31 68 
63 46 99 
30 47 75 
19 50 46 
47 2 53 
44 49 80 
72 90 58 
37 45 14 
61 72 78 
12 59 33 
59 12 38 
16 12 80 
43 65 83 
43 88 35 
3 13 22 
30 63 41 
47 32 48 
87 95 76 
92 70 2 
58 9 50 
90 40 97 
98 71 3 
49 18 64 
27 10 54 
18 51 56 
89 2 51 
41 34 72 
78 7 84 
49 48 53 
94 30 35 
92 16 12 
21 65 81 
5 63 44 
75 83 29 
49 17 52 
17 51 21 
41 6 33 
72 5 81 
11 76 6 
64 93 47 
66 96 46 
10 91 77 
14 6 94 
10 87 37 
41 40 4 
50 56 81 
90 46 83 
16 90 10 
45 19 5 
63 14 10 
80 81 68 
74 2 90 
25 72 80 
6 10 36 
99 52 21 
14 29 92 
79 59 45 
84 82 99 
56 99 47 
94 46 6 
46 33 50 
10 73 97 
2 44 9 
46 32 62 
36 23 90 
71 53 26 
39 52 86 
10 24 91 
39 68 69 
28 94 18 
70 12 1 
37 44 73 
63 85 19 
15 5 55 
68 90 66 
77 67 79 
15 75 33 
78 74 6 
100 17 68 
22 34 11 
8 92 44 
22 61 81 
89 38 95 
50 35 1 
41 2 49 
65 51 48 
65 61 68 
38 88 21 
60 17 51 
49 46 16 
100 24 8 
86 96 94 
54 6 38 
1 71 99 
12 14 36 
76 27 21 
16 49 4 
41 42 93 
22 59 6 
31 22 87 
4 10 61 
30 29 51 
31 38 13 
39 30 49 
49 70 34 
61 54 57 
10 20 88 
9 38 58 
67 85 10 
43 84 52 
97 12 2 
96 42 33 
48 3 21 
97 78 11 
11 3 17 
25 6 94 
96 41 79 
93 41 29 
47 48 51 
61 68 63 
87 19 55 
67 96 33 
15 28 100 
97 1 71 
87 51 27 
78 76 42 
30 20 83 
33 11 56 
20 11 12 
28 79 44 
49 45 98 
44 10 53 
48 74 98 
20 62 38 
86 94 64 
6 91 51 
39 46 55 
37 38 68 
71 41 65 
91 53 85 
14 51 6 
10 45 21 
14 47 8 
96 37 77 
16 81 43 
88 97 64 
22 3 47 
22 86 68 
46 16 37 
22 16 15 
32 6 89 
9 24 19 
44 35 9 
61 67 27 
62 1 59 
54 93 72 
11 78 58 
78 76 59 
38 77 56 
46 11 79 
7 76 13 
21 62 40 
81 15 18 
19 17 12 
88 11 14 
81 54 1 
20 64 26 
83 58 54 
26 56 40 
86 4 56 
7 53 42 
2 3 93 
54 82 47 
15 92 41 
87 52 5 
52 79 17 
80 79 45 
39 79 83 
63 4 85 
5 73 21 
73 6 25 
56 9 93 
35 18 45 
90 56 64 
13 70 55 
28 22 90 
76 79 75 
18 51 32 
38 21 35 
68 46 31 
90 53 26 
71 60 21 
83 70 84 
54 74 4 
76 81 19 
14 89 36 
19 57 53 
24 73 61 
17 78 97 
6 16 2 
66 3 48 
82 84 100 
33 10 1 
74 23 11 
5 91 52 
50 40 73 
58 20 12 
17 13 67 
2 41 66 
70 64 53 
80 51 75 
41 43 76 
71 43 55 
46 43 28 
92 19 95 
32 73 94 
77 6 18 
30 95 67 
82 10 28 
22 55 18 
63 82 100 
44 56 23 
19 95 8 
70 83 73 
97 6 40 
51 9 57 
59 95 5 
3 40 30 
36 7 37 
54 78 70 
6 99 64 
61 56 48 
62 1 66 
76 36 16 
54 99 61 
62 59 55 
50 93 51 
60 73 7 
100 6 19 
5 36 97 
88 87 20 
47 29 88 
23 74 49 
98 18 14 
11 49 61 
41 38 77 
35 24 7 
64 17 2 
84 7 68 
64 25 66 
91 97 8 
28 93 65 
69 41 13 
6 100 53 
69 75 78 
87 94 8 
22 41 29 
72 27 86 
95 13 43 
70 46 66 
95 36 50 
75 59 61 
17 49 18 
7 20 62 
95 9 77 
74 19 77 
19 64 44 
41 33 39 
93 22 16 
74 34 56 
95 48 17 
66 46 97 
59 27 69 
13 34 36 
59 94 50 
78 33 92 
7 55 56 
47 88 89 
32 51 99 
44 98 34 
13 22 48 
90 37 94 
98 15 72 
59 62 87 
82 30 79 
83 3 81 
2 60 91 
77 27 58 
37 75 92 
87 37 82 
72 13 55 
73 69 30 
65 13 78 
15 61 29 
61 19 96 
47 53 20 
36 18 14 
14 7 41 
52 10 16 
27 43 28 
39 33 100 
90 84 29 
37 12 88 
14 60 39 
68 73 82 
44 36 18 
23 87 16 
95 100 92 
69 3 95 
7 67 73 
86 50 21 
3 60 61 
14 49 2 
82 35 72 
61 32 58 
81 59 27 
78 84 71 
48 55 91 
84 1 65 
15 13 17 
100 87 22 
55 17 53 
22 55 25 
10 8 16 
32 98 84 
56 92 21 
74 13 63 
100 26 62 
5 68 17 
69 68 26 
78 51 15 
49 52 95 
90 49 99 
75 55 88 
23 74 35 
28 11 52 
12 93 53 
47 65 73 
60 47 97 
89 44 27 
79 40 53 
45 9 77 
82 40 2 
50 32 16 
14 48 6 
29 22 72 
16 65 34 
96 11 82 
28 54 4 
50 4 73 
22 34 10 
84 43 75 
54 18 31 
81 25 60 
26 47 29 
61 26 49 
89 6 7 
72 47 55 
88 4 94 
59 41 29 
46 72 74 
23 67 57 
13 68 79 
23 73 55 
4 40 30 
14 52 80 
82 17 77 
34 40 94 
96 15 25 
2 35 68 
12 83 42 
44 39 61 
60 85 49 
86 35 80 
27 65 7 
12 8 48 
91 4 22 
49 7 71 
62 60 16 
17 63 49 
18 34 22 
80 39 21 
52 49 39 
62 95 57 
59 84 76 
27 81 32 
81 58 35 
97 42 26 
48 20 5 
63 3 76 
46 33 98 
46 43 13 
43 98 29 
70 60 43 
12 24 10 
51 69 55 
50 60 90 
21 47 95 
14 1 15 
20 17 15 
70 19 5 
25 72 7 
28 79 41 
62 94 10 
2 71 27 
11 37 27 
29 65 39 
16 40 66 
38 52 42 
54 44 15 
37 55 89 
66 49 40 
52 2 17 
17 18 53 
27 64 35 
68 22 96 
22 61 29 
73 30 24 
97 71 48 
2 52 44 
7 1 12 
29 51 7 
29 27 80 
24 62 45 
4 9 82 
51 25 98 
100 62 34 
100 59 85 
88 95 26 
46 44 27 
71 45 91 
1 17 96 
73 39 45 
35 51 90 
44 29 11 
98 91 85 
37 83 8 
59 66 70 
13 78 1 
76 71 5 
29 81 36 
98 89 62 
84 29 73 
91 93 11 
91 16 69 
33 62 8 
6 84 34 
23 87 9 
57 72 68 
34 49 5 
58 59 77 
65 99 39 
68 37 30 
59 11 37 
40 41 51 
78 81 12 
34 75 94 
41 50 49 
32 31 14 
96 64 76 
97 93 9 
15 48 68 
4 31 14 
82 72 9 
5 91 51 
97 74 37 
12 75 67 
26 15 30 
63 99 16 
74 89 37 
30 35 38 
24 65 27 
75 56 24 
11 46 16 
2 3 28 
3 78 27 
48 100 95 
59 38 94 
35 10 32 
59 48 31 
84 41 67 
44 84 51 
66 46 18 
18 60 89 
15 63 40 
53 38 34 
48 24 15 
25 76 64 
37 89 11 
90 41 53 
83 3 52 
25 51 18 
3 61 21 
2 54 26 
29 66 31 
7 9 4 
71 84 94 
51 32 29 
12 62 92 
31 21 55 
49 25 84 
26 45 6 
26 66 15 
27 41 53 
71 14 9 
100 67 84 
83 18 63 
17 92 37 
17 69 62 
18 39 80 
10 94 67 
28 13 2 
14 23 58 
70 66 88 
42 3 74 
80 100 14 
24 37 8 
10 36 46 
28 25 65 
59 82 42 
4 34 3 
57 7 29 
77 29 100 
24 49 99 
54 34 44 
75 32 45 
8 65 20 
16 11 25 
42 4 47 
49 25 79 
74 85 91 
80 48 9 
4 76 96 
86 99 35 
26 97 58 
31 55 11 
13 11 90 
19 17 65 
62 56 65 
61 28 47 
15 21 62 
44 47 1 
38 96 56 
32 56 26 
52 84 81 
17 35 94 
78 43 7 
55 37 51 
43 87 78 
29 83 41 
45 72 73 
42 23 83 
27 36 38 
64 2 24 
30 70 47 
56 63 90 
38 58 54 
9 49 72 
77 63 8 
36 15 34 
33 12 60 
33 15 86 
53 79 77 
10 34 3 
79 48 90 
8 34 35 
76 26 23 
46 21 36 
78 1 46 
51 24 41 
65 45 19 
71 75 18 
36 72 34 
88 34 64 
46 3 36 
18 68 69 
74 57 54 
13 56 90 
29 58 51 
28 34 7 
95 42 27 
91 94 85 
21 29 28 
66 68 33 
64 78 45 
80 8 47 
60 51 48 
53 45 76 
12 41 20 
73 90 19 
15 44 48 
15 66 2 
78 66 92 
88 9 99 
68 75 26 
5 83 69 
31 95 84 
85 28 42 
18 96 86 
2 23 93 
31 16 33 
46 6 53 
12 92 47 
83 84 67 
95 43 26 
42 2 33 
51 70 23 
73 23 68 
60 99 50 
88 12 20 
28 29 11 
17 51 26 
65 43 85 
26 81 36 
28 69 85 
99 7 3 
64 58 62 
23 12 73 
100 8 28 
21 59 7 
12 89 30 
78 81 72 
99 48 32 
30 23 80 
8 66 70 
85 30 95 
63 99 18 
3 1 4 
3 19 33 
44 2 84 
9 24 28 
26 94 19 
18 64 26 
35 81 12 
93 38 25 
74 49 87 
81 97 59 
39 25 84 
96 40 14 
84 53 73 
10 99 57 
6 38 95 
20 40 13 
83 43 82 
59 10 94 
20 7 6 
12 90 4 
2 54 6 
4 65 98 
4 94 90 
69 28 1 
89 41 96 
10 3 31 
27 63 35 
50 3 24 
46 61 35 
52 7 18 
35 2 23 
85 92 62 
37 52 12 
60 49 6 
64 4 66 
63 76 96 
16 35 4 
49 77 52 
13 88 43 
49 89 73 
86 73 53 
50 79 33 
10 85 64 
90 39 49 
69 65 3 
6 34 17 
42 8 61 
26 13 23 
38 75 65 
32 33 51 
87 39 85 
75 48 7 
65 14 89 
64 20 2 
21 91 82 
4 86 21 
79 44 100 
68 31 40 
90 95 20 
22 70 42 
60 85 50 
30 29 33 
64 57 99 
92 66 8 
67 6 53 
63 95 14 
22 6 2 
76 17 75 
56 34 93 
36 82 60 
20 89 63 
30 81 7 
51 94 91 
47 84 81 
20 67 12 
3 83 35 
96 39 4 
5 41 22 
7 69 48 
1 15 74 
76 79 54 
58 34 49 
6 26 12 
19 93 62 
65 14 45 
77 79 40 
62 72 31 
42 7 50 
23 21 90 
41 45 80 
73 79 77 
26 78 21 
7 19 74 
58 45 16 
87 63 16 
56 6 52 
86 2 81 
75 55 60 
48 36 52 
90 50 8 
42 18 5 
72 93 24 
9 61 83 
11 12 37 
93 77 72 
65 53 39 
80 73 1 
48 31 73 
72 83 8 
9 51 59 
60 51 11 
36 8 25 
93 27 84 
39 37 12 
17 4 86 
39 56 35 
88 32 61 
27 99 46 
3 56 88 
2 62 50 
4 55 26 
21 19 85 
68 19 35 
76 19 90 
62 73 39 
53 73 43 
54 30 85 
4 96 57 
34 86 25 
34 49 9 
9 2 46 
65 83 63 
22 94 70 
44 53 28 
8 31 100 
88 37 98 
32 91 7 
99 22 73 
48 52 41 
19 72 42 
20 54 29 
51 91 52 
77 54 65 
33 7 91 
43 46 96 
6 36 95 
9 54 90 
50 19 5 
95 49 77 
10 61 63 
36 53 44 
12 54 71 
96 70 61 
61 52 1 
79 15 59 
40 78 83 
67 18 45 
42 30 8 
51 63 36 
12 25 76 
79 67 23 
20 76 54 
85 68 2 
17 78 65 
100 30 2 
71 20 67 
25 54 27 
45 88 31 
57 21 36 
86 2 44 
53 14 91 
92 13 63 
91 25 2 
27 54 13 
54 52 82 
10 11 42 
1 40 54 
58 17 28 
66 19 42 
63 73 6 
79 13 12 
72 43 18 
85 48 4 
37 10 55 
58 28 45 
52 69 22 
15 27 97 
74 39 64 
52 58 13 
9 52 24 
100 59 29 
25 57 72 
74 58 24 
88 63 24 
51 17 35 
50 15 2 
8 16 89 
70 96 88 
43 47 15 
36 71 84 
59 80 89 
45 69 24 
33 74 78 
64 34 60 
12 60 38 
61 57 27 
71 15 21 
27 14 40 
28 33 15 
8 4 86 
12 51 8 
29 10 18 
44 99 4 
71 56 94 
18 52 87 
49 69 17 
86 27 58 
20 74 54 
20 76 13 
6 69 55 
74 60 13 
30 70 58 
66 99 5 
10 52 80 
47 3 5 
22 84 94 
22 15 41 
72 22 75 
46 48 76 
48 88 36 
1 29 70 
79 69 64 
2 23 8 
41 22 84 
76 9 41 
2 81 74 
22 25 76 
45 98 58 
26 11 31 
82 42 26 
51 73 62 
40 12 52 
1 80 97 
66 37 45 
77 48 64 
85 3 26 
51 24 39 
26 80 59 
83 81 65 
46 38 98 
70 88 39 
76 38 20 
39 99 38 
81 17 12 
52 53 87 
42 50 26 
85 34 32 
80 4 90 
4 73 51 
38 24 99 
12 23 97 
46 84 93 
74 100 66 
92 17 30 
29 68 92 
86 27 39 
66 84 90 
75 89 29 
75 56 29 
44 57 19 
16 41 25 
21 12 78 
76 94 91 
91 16 71 
60 12 78 
34 14 40 
100 70 88 
29 27 49 
26 61 62 
96 100 5 
52 57 12 
97 27 70 
32 29 79 
44 18 33 
57 43 98 
99 3 17 
78 21 53 
57 27 69 
54 72 98 
45 34 81 
28 8 34 
82 69 7 
77 25 10 
85 65 78 
34 81 21 
30 92 42 
31 49 21 
28 17 72 
28 1 29 
62 80 26 
30 19 51 
6 26 42 
60 22 43 
39 87 74 
48 2 42 
51 78 68 
92 8 11 
66 24 41 
59 65 1 
46 56 87 
26 60 75 
41 84 31 
26 17 94 
21 67 24 
42 4 13 
9 92 87 
92 100 76 
49 69 2 
63 67 61 
16 84 80 
79 9 25 
100 57 91 
10 31 7 
18 60 62 
4 57 51 
32 16 25 
40 4 8 
2 93 45 
14 96 51 
98 6 28 
19 35 41 
22 45 43 
82 28 72 
42 45 6 
86 68 78 
42 62 15 
17 75 78 
53 57 13 
37 80 97 
41 67 61 
74 45 59 
15 54 24 
95 34 50 
19 76 22 
53 8 23 
59 34 44 
76 75 41 
97 64 72 
92 18 11 
81 67 60 
93 86 11 
42 9 45 
86 67 80 
84 27 17 
84 2 16 
91 55 68 
32 86 27 
74 91 61 
89 35 92 
27 69 45 
11 27 74 
37 13 7 
92 37 65 
35 19 77 
87 97 53 
5 4 66 
91 65 32 
4 90 75 
60 52 19 
86 48 21 
65 80 58 
11 95 16 
36 30 71 
37 55 30 
68 23 22 
51 96 92 
33 77 38 
53 45 82 
95 79 82 
75 77 11 
42 34 35 
65 89 57 
100 19 89 
44 25 91 
63 61 40 
78 54 18 
22 65 10 
84 31 85 
88 9 59 
98 1 91 
57 31 8 
28 81 31 
58 85 64 
93 83 39 
81 83 90 
60 56 82 
65 40 32 
53 40 77 
66 85 13 
68 36 23 
55 4 99 
87 84 94 
88 4 20 
31 38 51 
75 48 39 
74 3 68 
71 36 88 
37 99 57 
44 81 95 
39 19 28 
48 74 54 
1 5 99 
30 44 51 
64 21 1 
50 29 63 
50 2 36 
64 97 21 
57 22 28 
14 20 79 
55 69 77 
84 77 95 
23 62 17 
99 18 9 
18 65 64 
44 84 53 
45 96 57 
95 81 5 
7 75 39 
42 25 50 
69 65 39 
6 45 21 
56 21 8 
24 43 66 
26 2 34 
93 75 8 
9 62 35 
15 89 67 
84 76 95 
33 17 20 
77 9 72 
49 15 70 
86 97 84 
93 80 52 
14 78 95 
64 21 55 
40 3 19 
30 87 39 
48 35 43 
36 79 96 
58 19 39 
63 97 37 
97 3 5 
48 44 69 
76 70 37 
78 49 25 
64 11 87 
25 80 3 
62 97 91 
4 90 21 
27 60 72 
81 49 66 
43 77 26 
68 81 94 
76 51 81 
78 47 44 
41 45 55 
71 82 83 
26 4 49 
60 44 13 
44 90 40 
1 70 49 
81 65 37 
67 13 75 
6 57 51 
48 79 51 
26 37 20 
21 19 61 
32 38 59 
11 95 15 
80 21 98 
41 33 64 
40 48 78 
35 20 24 
56 93 4 
22 32 54 
6 48 54 
21 4 55 
28 66 74 
51 47 34 
80 42 34 
13 60 77 
89 46 29 
64 59 12 
67 27 11 
8 18 3 
77 88 18 
67 35 39 
80 2 41 
29 21 88 
33 5 27 
45 15 11 
31 21 91 
91 94 86 
19 41 55 
61 41 55 
90 60 3 
14 52 64 
95 45 31 
5 6 91 
93 37 34 
32 41 10 
85 80 9 
66 99 51 
70 64 94 
5 95 87 
70 3 60 
53 13 9 
10 72 6 
53 36 70 
26 31 53 
28 57 61 
73 79 57 
16 21 35 
62 33 72 
2 79 34 
33 12 2 
76 56 73 
82 41 42 
91 54 85 
36 16 35 
66 78 51 
14 24 33 
48 8 35 
27 23 80 
41 75 80 
66 47 24 
62 80 46 
11 45 95 
85 75 53 
10 2 94 
98 29 94 
76 41 44 
59 49 98 
75 78 83 
23 15 99 
59 20 97 
14 17 88 
80 19 91 
95 4 77 
85 69 36 
6 20 70 
10 40 94 
41 44 46 
12 57 53 
63 22 99 
2 21 50 
5 27 73 
35 47 4 
16 55 10 
71 89 22 
85 78 8 
21 6 31 
36 100 47 
9 61 19 
7 97 85 
26 80 1 
51 18 44 
36 32 33 
74 70 47 
50 1 91 
89 92 85 
96 69 45 
97 16 73 
29 72 84 
44 20 26 
27 87 37 
39 42 38 
6 24 56 
3 72 67 
74 27 18 
88 84 50 
86 51 22 
51 34 57 
72 58 27 
33 75 1 
58 30 17 
43 79 31 
72 22 46 
34 72 3 
3 68 19 
34 49 72 
83 22 81 
99 6 100 
88 52 34 
52 97 33 
57 97 41 
71 22 17 
89 40 45 
30 65 92 
38 79 7 
75 47 9 
87 23 83 
48 20 23 
40 81 70 
63 41 58 
88 99 34 
42 97 50 
24 19 54 
42 90 8 
80 54 84 
51 91 1 
26 91 19 
85 44 2 
27 55 24 
86 51 94 
39 66 77 
6 86 72 
54 43 42 
5 92 78 
38 98 88 
21 88 33 
10 94 27 
12 82 93 
63 24 85 
61 52 72 
96 68 66 
31 47 86 
21 96 57 
65 14 95 
75 56 52 
25 17 54 
63 48 53 
33 8 25 
52 79 19 
14 100 72 
43 62 10 
51 10 49 
56 3 16 
36 4 62 
55 92 88 
97 11 5 
85 96 70 
20 82 60 
52 77 15 
3 93 66 
72 59 12 
99 77 20 
46 4 62 
78 35 76 
10 33 30 
20 34 4 
53 34 17 
10 8 58 
50 58 57 
37 15 49 
64 67 13 
99 77 40 
51 28 43 
85 29 36 
56 96 17 
9 37 19 
79 66 29 
99 1 12 
97 22 1 
32 7 30 
61 20 65 
98 15 24 
6 46 2 
50 1 8 
64 53 73 
24 45 12 
94 23 99 
25 95 59 
25 39 94 
94 77 20 
6 42 86 
31 51 89 
89 8 1 
24 90 47 
55 50 58 
79 20 63 
21 2 45 
15 95 63 
42 100 23 
26 55 59 
9 11 44 
54 50 44 
36 20 65 
48 33 21 
2 49 17 
52 92 12 
60 16 43 
17 9 80 
2 96 65 
26 17 87 
36 10 28 
26 64 83 
87 58 38 
71 93 36 
35 65 100 
72 48 39 
88 64 93 
12 26 3 
37 89 34 
29 79 93 
51 62 98 
18 1 65 
16 10 85 
82 28 3 
100 7 29 
99 33 51 
32 12 60 
96 31 26 
81 82 78 
31 34 12 
74 30 2 
5 91 98 
90 96 72 
71 41 81 
69 31 27 
82 18 9 
98 19 2 
10 25 19 
53 58 15 
81 56 37 
93 33 74 
47 91 20 
22 98 77 
99 96 94 
6 72 17 
6 5 96 
62 7 23 
17 77 89 
48 63 23 
37 38 93 
22 11 99 
16 61 100 
34 64 92 
95 77 73 
45 16 93 
18 24 15 
65 8 55 
83 50 7 
25 90 78 
1 7 20 
56 66 8 
14 94 10 
23 56 100 
2 21 93 
18 4 15 
25 81 79 
65 9 72 
16 40 39 
30 57 88 
25 10 89 
44 79 71 
85 79 40 
6 35 53 
98 47 62 
61 8 4 
41 81 26 
3 44 93 
77 8 88 
38 37 32 
5 19 48 
91 36 87 
52 60 88 
75 46 53 
14 75 6 
73 68 25 
68 39 29 
98 61 17 
7 1 14 
68 9 37 
64 72 73 
85 79 73 
80 77 55 
95 28 74 
88 59 48 
87 10 84 
60 94 34 
73 27 70 
34 74 33 
83 78 47 
11 14 12 
69 6 78 
37 79 20 
82 75 10 
85 68 78 
75 63 2 
75 91 2 
69 38 12 
67 24 86 
62 12 68 
59 89 62 
45 57 31 
87 39 46 
48 57 26 
32 48 82 
24 13 61 
49 38 92 
21 23 18 
71 46 54 
31 44 95 
90 45 60 
37 4 72 
58 97 30 
62 10 22 
94 56 73 
92 35 22 
3 78 65 
23 1 66 
87 95 72 
6 4 7 
16 21 63 
17 79 74 
66 22 45 
85 46 14 
80 97 70 
19 14 72 
60 76 38 
81 22 7 
87 55 60 
100 90 78 
97 14 5 
9 14 97 
22 79 48 
4 17 53 
29 83 69 
28 37 42 
15 1 54 
81 85 73 
65 40 86 
47 4 8 
51 4 35 
76 87 40 
56 80 65 
8 92 77 
69 84 83 
35 28 56 
86 37 5 
25 41 13 
44 8 40 
94 86 26 
35 85 67 
28 97 87 
95 33 77 
49 35 73 
37 62 36 
31 30 25 
65 40 46 
57 70 1 
72 49 5 
15 24 26 
23 28 79 
46 29 79 
20 29 4 
34 15 75 
84 85 62 
64 99 8 
14 55 16 
79 36 91 
94 52 80 
13 54 28 
65 54 89 
73 65 91 
30 19 65 
32 25 9 
78 43 75 
65 75 37 
35 63 16 
87 98 44 
96 67 71 
64 24 7 
6 18 53 
20 71 31 
5 65 71 
95 44 9 
84 10 21 
5 35 95 
84 36 76 
6 12 44 
79 16 19 
5 23 27 
17 35 50 
97 72 78 
74 45 89 
86 85 70 
4 3 17 
77 60 20 
88 92 42 
33 80 62 
4 75 68 
41 2 79 
10 71 91 
54 95 3 
3 58 7 
84 15 10 
11 12 71 
32 10 59 
39 8 3 
72 58 41 
50 93 38 
44 24 90 
71 56 30 
48 57 11 
30 40 27 
19 3 15 
100 13 83 
97 79 17 
79 41 68 
70 17 25 
8 18 45 
99 15 7 
10 69 84 
47 74 86 
85 92 34 
95 13 51 
6 92 77 
47 61 98 
8 4 67 
31 63 90 
74 26 21 
69 88 22 
7 51 28 
81 61 14 
84 70 67 
2 31 53 
35 66 63 
62 3 8 
60 27 68 
19 17 14 
89 97 34 
21 26 8 
66 98 84 
28 53 62 
32 95 89 
20 18 3 
28 17 78 
88 10 9 
89 59 27 
96 8 74 
94 15 40 
98 8 26 
27 45 20 
50 91 83 
95 18 35 
71 34 89 
50 86 66 
12 94 23 
67 79 94 
26 100 36 
45 82 90 
4 60 61 
41 70 23 
21 60 81 
19 69 98 
24 96 53 
44 72 77 
42 37 64 
1 47 85 
92 84 95 
56 51 70 
23 71 27 
39 56 11 
7 11 56 
94 19 35 
31 75 16 
96 15 12 
55 8 76 
46 9 23 
69 40 35 
31 68 60 
3 80 66 
17 68 50 
83 96 49 
75 23 50 
45 9 64 
49 93 92 
34 38 28 
40 67 59 
84 55 33 
17 77 76 
53 60 79 
65 45 31 
18 97 66 
8 11 1 
37 89 63 
51 41 69 
6 35 82 
91 48 65 
19 17 30 
68 76 7 
77 25 81 
13 67 55 
76 14 36 
53 73 47 
68 83 51 
27 61 22 
52 17 3 
33 57 89 
73 74 50 
6 90 28 
46 36 35 
92 17 33 
20 69 45 
11 30 70 
30 45 49 
30 2 43 
29 67 60 
40 19 52 
93 22 96 
17 76 61 
41 37 98 
5 13 29 
82 21 80 
60 97 62 
67 76 25 
8 81 83 
29 21 61 
73 18 83 
80 92 4 
5 10 47 
80 22 34 
8 37 96 
77 71 53 
4 89 35 
25 20 51 
69 100 26 
7 38 23 
5 81 43 
78 56 98 
66 65 80 
54 34 20 
56 52 47 
16 63 36 
70 3 31 
2 75 35 
60 46 95 
51 7 36 
8 45 76 
24 6 65 
65 83 73 
85 68 16 
15 34 2 
23 13 83 
22 87 34 
67 27 3 
51 91 45 
80 71 37 
64 49 86 
54 32 35 
41 8 64 
59 30 82 
93 96 8 
21 69 56 
2 25 18 
22 9 12 
23 43 26 
57 28 80 
95 23 36 
77 60 12 
92 70 75 
31 99 55 
69 95 14 
26 5 34 
59 45 36 
85 28 78 
38 36 63 
44 21 92 
92 15 22 
31 45 18 
74 66 43 
94 41 77 
80 98 71 
95 43 71 
14 37 53 
53 73 56 
78 52 50 
93 80 50 
59 3 44 
69 73 78 
92 59 94 
48 72 82 
28 2 26 
32 18 10 
33 6 52 
7 76 15 
8 7 68 
61 66 51 
93 67 36 
57 89 90 
6 2 9 
95 41 19 
97 71 76 
45 80 69 
47 5 14 
49 94 69 
96 41 25 
82 70 15 
63 66 77 
81 59 37 
57 76 82 
23 81 46 
86 77 3 
24 61 7 
51 46 7 
47 64 6 
43 98 20 
36 22 63 
61 65 69 
23 91 79 
1 30 14 
83 60 62 
21 77 49 
8 84 62 
31 59 58 
78 24 56 
45 8 4 
98 6 32 
45 5 97 
2 30 94 
70 9 23 
79 69 84 
21 49 8 
80 33 30 
86 8 99 
68 24 16 
35 95 60 
76 36 3 
50 51 95 
96 73 46 
56 53 14 
64 73 52 
57 52 93 
56 82 48 
9 75 98 
88 15 3 
18 23 20 
31 52 9 
87 35 95 
15 25 68 
16 9 87 
79 23 16 
27 2 87 
50 43 73 
9 35 94 
53 28 74 
54 34 27 
42 81 38 
89 46 13 
19 86 88 
39 27 91 
91 39 64 
43 15 99 
91 24 21 
42 8 25 
45 52 89 
14 33 93 
71 90 31 
79 81 23 
72 48 58 
68 90 7 
91 11 6 
88 68 80 
21 52 8 
67 100 79 
59 9 41 
36 8 43 
45 30 98 
12 50 42 
44 25 6 
85 97 13 
68 26 87 
13 98 47 
39 49 34 
51 53 11 
91 3 6 
6 40 22 
7 98 99 
26 87 27 
16 29 68 
25 29 67 
20 61 72 
40 57 56 
36 23 55 
15 23 71 
53 70 26 
54 91 21 
60 82 26 
9 62 38 
67 3 34 
45 17 74 
90 51 84 
65 1 82 
18 17 8 
27 62 12 
71 66 48 
52 51 28 
64 4 15 
86 48 83 
100 1 30 
82 98 57 
97 17 22 
73 3 42 
21 25 35 
58 73 45 
46 56 13 
12 16 3 
90 45 61 
96 50 7 
75 21 49 
5 75 27 
58 25 38 
91 62 38 
98 62 88 
3 89 44 
24 48 90 
74 27 89 
74 7 61 
95 83 21 
86 48 98 
80 71 85 
92 69 44 
99 80 11 
68 21 18 
11 52 32 
80 65 70 
92 90 88 
60 49 10 
27 1 56 
98 100 37 
65 55 1 
67 16 76 
71 83 67 
100 90 14 
73 83 66 
67 57 80 
67 47 42 
69 46 72 
15 92 58 
33 49 51 
23 35 94 
11 54 88 
82 39 91 
2 18 20 
63 27 14 
84 54 52 
25 15 94 
71 15 78 
41 38 50 
20 27 28 
37 11 61 
3 43 35 
75 63 79 
21 25 1 
55 18 43 
10 23 50 
65 33 52 
3 70 93 
43 93 46 
58 31 34 
4 9 53 
14 41 59 
17 43 27 
76 46 45 
33 93 47 
9 92 79 
59 45 8 
40 82 67 
67 100 78 
47 67 64 
35 48 58 
8 43 17 
32 18 34 
37 97 83 
50 41 5 
95 18 51 
82 42 74 
64 78 19 
39 61 100 
33 47 17 
39 17 25 
11 67 91 
53 87 91 
93 77 27 
74 70 75 
84 29 99 
82 80 29 
38 5 47 
46 29 87 
11 8 25 
25 89 2 
70 69 75 
51 36 48 
71 83 18 
17 34 25 
26 75 86 
38 60 87 
18 95 26 
31 9 66 
53 20 41 
46 34 5 
42 12 27 
41 78 68 
28 19 64 
42 91 85 
18 10 68 
39 19 13 
28 26 41 
8 10 4 
64 33 93 
63 96 86 
96 79 5 
57 24 7 
47 43 97 
48 86 72 
39 30 2 
8 39 78 
9 34 29 
40 52 64 
80 42 41 
35 91 43 
98 7 8 
62 12 76 
37 99 89 
24 12 66 
15 84 89 
61 59 57 
28 52 10 
96 30 31 
95 55 76 
88 17 86 
53 40 19 
55 41 52 
90 86 30 
48 43 33 
14 76 97 
84 69 20 
60 66 2 
68 72 16 
10 95 6 
58 20 13 
61 6 66 
79 52 53 
32 61 1 
95 33 3 
88 65 22 
90 86 16 
22 79 99 
100 55 23 
64 35 96 
37 46 65 
22 43 68 
58 80 45 
6 38 85 
69 90 38 
88 23 65 
39 72 85 
71 21 13 
77 100 31 
8 93 45 
42 17 25 
11 39 57 
18 23 32 
20 70 97 
29 39 94 
29 60 41 
8 68 4 
53 70 99 
1 35 48 
5 42 59 
49 81 94 
53 18 7 
77 47 60 
22 69 63 
27 100 72 
70 29 89 
14 72 66 
78 75 4 
9 41 48 
63 85 9 
21 84 90 
87 93 83 
68 75 92 
29 52 8 
87 21 92 
97 77 37 
85 43 36 
19 80 85 
94 65 84 
26 55 10 
43 61 36 
84 68 12 
54 10 97 
26 65 34 
95 28 33 
16 17 48 
81 26 97 
78 71 77 
10 6 35 
98 92 5 
58 92 83 
77 15 29 
14 55 15 
21 71 70 
11 20 21 
53 18 32 
50 53 79 
28 26 88 
50 100 24 
43 88 45 
62 16 96 
66 98 86 
76 69 83 
58 44 3 
100 3 60 
12 27 100 
46 31 56 
64 59 39 
34 5 52 
25 77 45 
65 55 16 
2 98 55 
35 26 23 
90 17 86 
46 38 31 
34 64 98 
81 29 66 
4 100 39 
83 37 64 
29 27 72 
88 58 53 
4 8 29 
72 16 86 
61 69 17 
35 47 66 
20 1 13 
84 95 49 
9 39 48 
57 99 55 
69 29 20 
10 35 57 
11 15 64 
71 45 67 
25 8 87 
23 82 68 
78 38 29 
36 30 1 
45 86 63 
43 64 23 
9 2 55 
22 11 4 
39 38 27 
5 85 8 
24 2 86 
73 87 45 
16 31 18 
11 34 85 
42 55 65 
55 95 47 
85 93 87 
25 13 34 
66 99 9 
90 49 30 
96 24 75 
70 13 14 
85 53 96 
41 15 42 
98 9 15 
18 56 71 
70 39 75 
5 13 53 
95 67 76 
93 8 34 
85 52 76 
43 45 18 
32 2 99 
17 52 47 
57 94 61 
62 34 94 
70 17 21 
81 60 48 
4 88 26 
56 5 59 
28 45 34 
86 3 81 
35 90 1 
35 84 26 
18 47 10 
4 24 39 
5 68 61 
87 42 51 
40 7 49 
17 66 2 
59 36 53 
94 20 44 
86 30 37 
41 16 50 
82 16 20 
13 47 16 
77 55 71 
9 44 58 
61 52 49 
48 75 72 
13 9 58 
76 56 74 
22 98 82 
56 96 46 
99 76 33 
56 97 46 
8 71 84 
65 97 29 
74 60 46 
88 84 12 
39 55 22 
1 62 77 
82 75 49 
35 81 48 
89 93 43 
8 41 26 
56 12 94 
96 73 56 
33 47 83 
53 69 14 
54 45 49 
85 76 54 
87 92 65 
20 92 48 
35 10 52 
57 22 65 
12 17 4 
91 95 93 
72 63 81 
54 33 19 
34 33 84 
69 37 67 
20 26 7 
63 82 41 
54 46 12 
68 14 96 
25 41 23 
24 53 86 
24 55 8 
28 29 26 
100 58 66 
39 21 3 
26 94 58 
1 23 62 
19 35 59 
1 7 63 
54 33 94 
10 100 69 
46 43 6 
99 73 14 
26 47 36 
35 21 74 
64 15 60 
41 72 69 
88 17 7 
24 60 16 
38 30 36 
44 75 99 
38 45 35 
11 44 94 
50 31 77 
93 17 77 
37 84 88 
48 30 38 
99 80 54 
8 9 87 
2 33 98 
97 68 57 
1 40 68 
32 6 79 
32 48 90 
6 74 95 
38 58 57 
48 31 97 
56 40 97 
20 51 89 
59 35 20 
66 39 53 
87 11 54 
30 51 83 
1 99 32 
53 74 10 
70 43 71 
85 49 73 
34 63 2 
89 48 12 
25 39 54 
44 81 51 
47 76 94 
41 43 20 
89 60 8 
57 58 33 
69 8 32 
18 75 98 
40 4 62 
25 78 58 
54 33 9 
42 82 68 
24 30 31 
65 78 1 
50 49 58 
42 76 95 
57 70 42 
80 92 68 
81 55 1 
54 1 95 
73 91 3 
42 63 9 
18 15 6 
47 70 44 
89 20 45 
24 86 30 
99 70 7 
44 89 11 
93 29 66 
19 6 14 
91 48 58 
5 43 32 
63 35 76 
19 57 61 
53 29 73 
58 48 66 
74 72 21 
16 9 23 
62 80 53 
24 31 21 
48 42 46 
15 17 14 
31 21 45 
65 14 86 
73 58 90 
93 49 84 
13 9 95 
43 61 16 
11 13 100 
100 31 12 
85 38 2 
100 62 49 
23 14 85 
25 2 86 
69 23 21 
56 100 98 
27 91 75 
59 29 99 
56 76 62 
46 70 97 
25 67 4 
86 49 51 
95 100 98 
36 41 67 
87 85 38 
5 14 37 
26 68 79 
32 25 13 
70 69 60 
38 2 72 
91 86 23 
8 3 13 
33 34 3 
56 95 4 
91 63 2 
35 99 64 
47 74 30 
27 44 76 
18 36 70 
53 40 24 
36 30 47 
67 86 52 
73 36 12 
51 77 31 
84 68 65 
34 82 50 
99 8 98 
94 37 17 
27 100 41 
22 66 65 
78 8 74 
88 64 18 
78 87 21 
92 29 17 
75 61 56 
1 9 20 
2 83 41 
38 70 47 
6 22 26 
98 22 93 
75 94 87 
91 22 54 
77 92 62 
36 66 93 
38 84 33 
4 26 48 
86 11 81 
91 66 55 
30 75 93 
39 90 34 
51 91 8 
8 45 28 
61 66 65 
37 84 22 
34 89 69 
100 11 82 
56 39 51 
77 32 8 
88 93 89 
58 70 22 
15 81 30 
26 63 35 
48 39 52 
89 12 58 
16 26 2 
41 75 37 
71 43 61 
33 55 86 
57 16 92 
85 73 66 
72 86 68 
3 82 99 
83 58 33 
94 46 100 
4 60 37 
8 95 70 
39 67 56 
88 56 19 
31 66 17 
35 20 75 
86 10 92 
92 24 23 
73 59 68 
76 100 62 
18 52 46 
79 26 54 
16 64 39 
80 52 71 
95 13 45 
90 93 47 
54 47 36 
38 72 97 
6 99 30 
44 99 86 
98 40 65 
18 15 83 
98 7 64 
65 97 27 
23 26 79 
46 34 31 
2 22 77 
89 85 74 
91 75 95 
44 39 36 
11 37 19 
68 34 20 
85 46 79 
45 48 96 
10 97 49 
78 87 13 
8 14 5 
75 60 34 
11 43 60 
60 95 62 
38 85 89 
44 74 4 
37 19 87 
1 16 52 
50 23 38 
75 50 49 
3 63 44 
6 57 91 
36 65 12 
1 34 100 
56 93 14 
20 73 63 
85 39 20 
18 57 53 
41 45 33 
84 70 19 
64 10 19 
42 7 74 
44 63 16 
59 28 49 
67 33 27 
99 57 82 
10 4 78 
71 89 75 
52 79 48 
53 32 39 
47 24 77 
22 54 8 
89 29 49 
33 83 27 
50 82 95 
86 85 93 
43 89 21 
50 96 38 
28 47 66 
70 25 81 
29 99 33 
89 71 81 
82 69 31 
98 24 69 
89 85 10 
36 40 35 
67 40 7 
78 12 91 
85 16 31 
99 31 77 
17 99 43 
31 12 51 
73 83 12 
58 34 18 
22 63 51 
61 19 67 
96 70 58 
70 53 100 
27 24 60 
55 62 75 
48 88 21 
92 51 61 
46 70 9 
12 7 60 
69 33 71 
27 47 45 
24 52 81 
87 4 84 
61 75 94 
43 14 89 
24 13 52 
73 43 17 
1 51 67 
43 75 6 
72 99 95 
83 51 57 
62 52 96 
1 77 41 
11 99 62 
26 25 24 
4 34 73 
71 90 37 
4 65 70 
7 24 9 
44 24 25 
42 83 69 
10 45 19 
86 79 44 
74 7 90 
74 52 81 
18 47 31 
39 35 19 
39 64 83 
33 74 73 
18 64 48 
7 44 1 
15 22 74 
25 24 71 
35 22 89 
63 27 66 
45 27 61 
64 99 19 
11 16 88 
29 90 33 
72 52 36 
91 97 78 
73 11 40 
55 70 73 
11 99 68 
53 93 88 
36 4 77 
58 99 66 
32 57 72 
42 79 24 
25 71 69 
11 96 51 
5 38 44 
71 53 88 
94 67 74 
89 82 53 
74 18 25 
24 49 10 
95 78 58 
26 82 83 
77 59 48 
20 66 59 
17 51 2 
87 25 55 
6 56 48 
95 83 5 
16 80 99 
17 86 89 
80 64 98 
57 25 19 
71 6 88 
64 49 65 
13 22 92 
40 71 95 
25 48 78 
30 21 55 
36 43 19 
80 48 49 
73 47 30 
64 65 100 
64 5 1 
24 72 78 
40 56 31 
70 37 1 
29 54 13 
78 26 84 
95 21 42 
47 83 11 
55 69 5 
34 2 83 
1 58 12 
2 43 34 
55 3 42 
30 49 1 
66 51 17 
29 49 94 
81 32 64 
41 36 43 
62 66 48 
51 85 7 
39 9 56 
20 78 35 
98 70 3 
44 66 91 
22 18 16 
77 29 68 
32 66 64 
63 95 23 
35 82 88 
91 74 93 
23 30 26 
18 11 30 
15 31 35 
79 36 58 
93 40 77 
64 7 10 
53 74 84 
53 64 71 
66 6 35 
27 65 28 
79 85 89 
46 85 66 
56 80 32 
39 36 28 
25 46 72 
43 17 79 
29 27 45 
42 15 34 
53 62 64 
27 55 13 
44 32 81 
89 84 37 
88 9 83 
93 47 86 
97 1 70 
70 13 80 
11 67 19 
13 38 67 
63 41 78 
46 95 91 
39 63 18 
13 22 42 
70 1 66 
93 74 20 
81 64 1 
61 35 66 
31 74 33 
35 52 48 
89 60 24 
29 78 89 
53 39 29 
45 14 8 
79 32 84 
71 86 69 
14 49 25 
41 91 22 
84 97 83 
23 72 67 
25 78 62 
56 98 42 
86 77 19 
26 64 25 
66 48 83 
48 93 90 
22 20 13 
30 51 24 
39 22 33 
63 50 67 
20 5 26 
87 8 97 
82 36 40 
40 29 77 
97 20 7 
98 26 33 
45 56 26 
86 42 53 
50 2 16 
24 41 54 
73 43 67 
73 33 77 
96 25 43 
37 12 77 
89 40 83 
31 87 71 
94 80 40 
11 38 82 
95 72 70 
89 94 34 
38 41 54 
18 41 54 
56 6 16 
29 40 50 
77 79 86 
78 91 64 
52 3 1 
92 91 57 
7 24 8 
77 68 48 
76 50 27 
41 23 57 
71 74 78 
100 62 21 
12 49 4 
14 90 9 
89 79 26 
73 13 45 
25 33 66 
19 74 34 
88 8 85 
9 94 89 
46 65 79 
87 62 36 
94 56 82 
11 2 72 
77 88 21 
50 81 32 
71 15 16 
93 13 40 
69 59 80 
32 87 20 
50 4 10 
29 56 18 
88 4 53 
77 76 98 
68 37 2 
57 37 2 
17 18 92 
8 14 96 
46 76 61 
33 74 84 
23 27 79 
19 75 26 
8 89 24 
43 30 99 
55 19 98 
62 77 78 
98 9 65 
65 89 40 
24 80 60 
49 67 62 
14 10 24 
83 11 63 
10 8 94 
38 50 45 
65 8 52 
60 18 92 
98 27 73 
38 7 81 
59 39 25 
96 75 22 
4 5 62 
86 52 2 
3 87 75 
34 98 57 
89 79 17 
32 10 63 
68 80 34 
21 64 100 
72 100 19 
9 75 26 
23 18 47 
79 35 69 
3 76 54 
66 43 19 
73 11 39 
91 96 48 
12 24 20 
68 30 89 
33 84 37 
87 23 48 
45 81 76 
68 61 78 
23 20 55 
58 73 85 
65 41 28 
29 68 65 
46 71 43 
61 97 62 
39 53 95 
20 69 93 
42 99 29 
30 59 13 
88 82 49 
35 31 47 
34 84 87 
67 34 13 
46 75 96 
79 26 28 
45 92 81 
77 97 99 
14 2 17 
46 66 59 
87 11 10 
61 7 67 
19 67 4 
29 62 49 
57 27 28 
77 65 42 
10 68 81 
24 33 57 
84 92 48 
33 23 16 
37 99 66 
9 46 6 
23 5 67 
50 10 73 
73 3 31 
16 68 13 
57 25 70 
36 2 62 
85 28 48 
56 66 1 
92 2 33 
24 65 37 
8 24 42 
94 1 32 
57 97 12 
47 43 88 
54 48 26 
50 73 2 
60 48 65 
35 4 60 
30 40 54 
81 56 32 
87 56 36 
29 64 39 
13 17 48 
35 30 84 
19 92 81 
96 13 18 
12 88 29 
26 17 59 
6 26 33 
16 85 21 
73 64 71 
70 78 11 
8 29 21 
96 25 20 
7 83 29 
3 50 60 
85 28 14 
42 27 17 
63 78 69 
47 87 73 
80 54 33 
54 29 50 
32 31 49 
65 38 76 
96 53 69 
86 98 60 
82 11 3 
67 5 27 
77 16 58 
16 48 86 
46 67 55 
10 19 58 
82 40 91 
48 29 36 
34 41 66 
64 7 93 
4 1 35 
37 41 85 
14 66 21 
55 82 33 
75 59 14 
28 83 15 
66 80 43 
71 68 10 
89 80 41 
62 89 28 
69 16 11 
90 48 52 
81 57 38 
14 49 31 
61 10 80 
8 99 47 
2 18 63 
18 71 92 
54 32 41 
67 45 12 
35 71 95 
77 98 82 
62 93 21 
36 71 47 
7 84 52 
35 10 62 
17 23 21 
48 11 30 
97 7 26 
30 44 94 
5 73 59 
23 93 48 
92 14 94 
72 89 91 
5 15 88 
30 61 32 
62 39 78 
34 74 16 
95 31 12 
30 67 62 
28 16 38 
17 77 45 
10 3 25 
72 70 83 
58 25 96 
83 97 75 
38 65 69 
80 46 47 
70 7 16 
80 9 40 
40 70 11 
54 46 34 
65 42 10 
46 90 3 
90 94 55 
62 82 56 
2 99 43 
23 99 86 
35 28 18 
58 67 47 
51 2 100 
85 94 86 
41 26 37 
88 7 12 
57 13 59 
42 81 87 
75 62 61 
29 86 22 
99 98 16 
76 57 83 
7 43 24 
81 85 38 
1 18 53 
84 29 97 
64 85 20 
58 97 99 
73 62 70 
73 37 28 
74 31 16 
73 3 40 
5 31 16 
60 48 69 
78 34 51 
9 43 15 
72 20 79 
33 14 61 
79 6 60 
96 28 32 
60 68 22 
64 11 24 
42 11 63 
28 56 45 
42 43 1 
76 6 72 
28 26 9 
24 47 40 
83 74 92 
72 89 14 
5 80 86 
80 22 79 
2 49 72 
13 44 76 
82 93 88 
99 77 62 
65 72 61 
26 99 37 
33 83 71 
71 12 66 
22 31 17 
23 65 8 
83 91 16 
81 43 56 
2 99 27 
72 88 21 
75 48 33 
8 50 72 
39 69 84 
48 84 4 
40 33 100 
47 95 61 
33 88 71 
25 45 14 
66 78 61 
7 79 78 
24 41 65 
29 48 94 
39 15 29 
59 51 94 
69 33 75 
68 63 87 
32 20 40 
16 94 28 
100 55 64 
3 14 42 
82 80 25 
58 93 90 
92 77 99 
5 8 52 
62 37 67 
29 33 10 
58 29 31 
52 73 82 
56 55 31 
86 30 49 
41 9 60 
12 15 32 
8 15 81 
40 60 28 
85 13 37 
54 24 98 
74 69 4 
3 87 74 
43 96 92 
66 92 80 
10 83 47 
30 49 32 
87 15 82 
14 62 36 
2 94 16 
41 23 63 
97 4 21 
62 56 49 
33 19 99 
32 56 10 
76 48 37 
86 97 57 
98 61 36 
89 5 86 
82 73 61 
28 60 9 
76 4 42 
10 70 44 
80 71 17 
1 79 41 
71 81 13 
49 68 97 
90 83 29 
27 54 9 
4 11 93 
64 67 68 
30 88 8 
68 1 24 
24 89 67 
91 56 10 
91 3 71 
19 56 63 
42 87 25 
54 9 41 
29 66 60 
42 71 5 
72 80 99 
73 47 5 
75 81 68 
80 27 98 
64 25 3 
54 94 70 
53 100 93 
53 14 58 
42 35 25 
61 9 69 
84 70 48 
15 33 36 
40 74 98 
28 16 62 
71 23 5 
21 78 2 
5 44 78 
32 75 43 
83 18 61 
4 23 11 
15 62 27 
99 18 1 
82 84 81 
70 75 63 
92 93 58 
66 4 78 
26 81 33 
72 40 54 
20 67 62 
2 20 44 
73 17 30 
33 99 15 
68 64 96 
32 49 76 
51 70 27 
14 3 65 
48 6 47 
24 10 66 
35 86 60 
46 44 57 
60 41 67 
95 2 74 
98 89 57 
1 78 97 
17 50 41 
66 45 86 
15 12 86 
17 21 81 
35 53 100 
27 12 2 
19 71 80 
69 65 30 
75 89 49 
54 15 33 
39 25 26 
16 51 75 
10 44 82 
6 64 70 
56 17 77 
8 18 69 
34 13 84 
10 46 67 
100 65 17 
2 23 22 
80 39 15 
36 23 72 
5 27 36 
38 47 20 
13 80 29 
34 56 71 
31 41 80 
97 65 4 
58 28 13 
86 73 20 
9 34 77 
36 71 76 
26 43 85 
22 24 36 
7 84 94 
90 27 56 
45 52 13 
71 81 24 
77 71 87 
44 12 47 
58 48 26 
38 36 35 
20 23 27 
13 45 80 
69 72 99 
65 64 72 
9 38 17 
88 68 82 
28 72 40 
23 43 93 
13 49 12 
96 26 74 
88 52 2 
79 4 15 
50 85 17 
35 17 75 
6 54 79 
36 5 21 
51 58 42 
90 62 10 
20 52 30 
2 87 24 
97 93 73 
66 30 68 
68 75 42 
16 2 30 
6 58 54 
10 90 76 
30 25 51 
2 26 46 
50 69 44 
76 69 52 
80 48 91 
96 12 10 
36 57 63 
50 66 62 
23 97 57 
86 54 29 
29 15 37 
31 86 6 
48 44 11 
18 11 43 
74 8 68 
13 49 26 
90 93 24 
25 17 60 
39 1 35 
86 46 17 
80 26 72 
63 6 30 
29 70 52 
89 62 23 
100 57 8 
15 78 18 
25 75 84 
54 57 64 
61 97 29 
28 77 86 
95 31 40 
75 100 26 
59 14 42 
81 17 55 
6 17 92 
89 97 75 
4 1 67 
26 93 98 
11 64 43 
53 54 16 
24 89 34 
61 47 45 
34 91 37 
59 95 84 
21 34 73 
85 27 11 
62 93 16 
55 80 36 
73 87 66 
78 91 28 
72 41 59 
36 41 65 
18 69 58 
84 9 12 
29 69 84 
60 39 94 
22 49 58 
18 87 72 
49 71 46 
26 65 6 
65 52 10 
14 35 92 
97 39 20 
18 10 95 
3 57 75 
65 87 30 
38 67 73 
20 17 24 
95 21 30 
8 74 52 
12 24 97 
85 18 68 
21 40 16 
27 29 15 
97 23 1 
86 58 23 
62 14 2 
90 54 95 
14 34 97 
9 57 49 
33 12 7 
11 1 17 
1 4 32 
30 23 43 
58 65 34 
82 85 64 
84 85 67 
43 98 49 
21 60 38 
77 94 97 
62 67 29 
40 77 96 
67 54 13 
58 98 83 
71 42 90 
32 59 81 
79 88 29 
8 34 30 
33 55 59 
46 63 48 
13 93 57 
30 62 17 
70 81 39 
75 44 58 
9 40 21 
38 61 2 
5 18 92 
96 4 17 
49 81 6 
44 33 34 
85 8 68 
42 86 100 
42 37 98 
35 15 74 
10 76 95 
13 80 69 
94 83 66 
3 22 44 
2 53 81 
91 96 89 
18 54 1 
11 43 73 
92 49 61 
100 61 66 
71 75 97 
43 97 44 
65 54 67 
13 15 27 
91 65 60 
69 44 72 
48 43 38 
66 37 44 
98 5 14 
42 60 63 
30 9 80 
20 45 29 
66 85 83 
37 11 4 
11 5 30 
16 13 86 
57 9 76 
19 12 34 
5 8 99 
32 19 33 
46 23 22 
92 70 35 
33 14 21 
87 63 36 
77 7 3 
30 96 64 
16 26 53 
93 32 74 
60 54 37 
17 47 6 
4 81 100 
55 45 48 
64 93 65 
21 13 94 
39 45 12 
92 67 55 
45 81 1 
2 14 18 
79 14 12 
66 75 82 
54 15 51 
16 77 44 
61 15 97 
84 3 7 
57 22 78 
43 79 71 
99 97 42 
16 87 38 
86 55 19 
45 53 95 
89 22 45 
58 78 96 
19 22 44 
81 53 60 
28 27 12 
88 100 96 
79 17 92 
2 10 29 
58 78 97 
53 25 19 
80 5 71 
66 38 34 
43 64 47 
11 96 52 
97 52 79 
35 74 31 
67 30 85 
78 47 53 
58 59 22 
64 49 35 
60 7 45 
79 27 88 
39 47 73 
89 10 93 
70 49 61 
21 10 25 
29 97 99 
24 40 76 
36 59 55 
59 54 40 
14 40 68 
16 10 43 
100 53 26 
94 62 81 
28 14 22 
27 18 31 
54 14 33 
6 77 52 
20 15 3 
32 100 79 
25 100 76 
73 25 33 
54 31 35 
79 51 81 
90 19 99 
49 38 53 
90 10 88 
33 31 63 
24 91 73 
89 2 77 
92 73 35 
48 77 16 
3 100 70 
69 6 37 
32 27 8 
69 21 88 
59 34 55 
8 25 27 
1 24 74 
55 67 42 
82 98 1 
3 10 52 
13 38 76 
50 96 63 
76 28 77 
1 72 16 
46 84 9 
78 81 43 
81 7 61 
53 25 11 
61 58 34 
50 39 33 
26 99 10 
40 60 63 
38 43 94 
53 21 33 
36 90 24 
98 63 93 
4 37 96 
62 3 60 
33 86 17 
66 96 6 
3 80 13 
24 21 37 
84 73 34 
64 89 56 
91 96 85 
20 18 24 
10 43 38 
67 22 43 
77 33 70 
46 28 99 
62 85 61 
17 99 93 
42 35 15 
76 33 46 
42 61 22 
1 54 28 
94 43 18 
32 16 81 
38 99 90 
79 1 29 
48 61 62 
2 78 65 
30 59 32 
78 20 81 
12 32 98 
8 2 54 
54 95 42 
73 18 26 
3 24 4 
19 45 95 
9 44 97 
59 20 42 
91 97 32 
10 11 19 
89 81 72 
79 3 12 
82 74 54 
71 59 12 
94 80 13 
96 3 29 
53 77 20 
100 25 8 
23 52 54 
84 91 76 
89 8 50 
95 45 49 
87 80 99 
8 7 96 
35 6 31 
60 17 42 
84 33 73 
67 43 83 
74 89 60 
86 8 39 
51 68 4 
96 17 22 
54 15 97 
51 24 71 
21 40 55 
46 71 13 
3 37 50 
85 99 74 
52 72 66 
10 49 37 
26 93 65 
56 92 49 
64 65 10 
61 15 68 
47 48 61 
66 22 76 
80 30 38 
89 79 57 
82 5 33 
62 66 21 
48 11 29 
60 82 3 
47 90 31 
41 66 74 
46 24 15 
10 53 61 
18 86 19 
83 63 36 
1 75 86 
70 83 1 
93 66 79 
58 47 35 
87 96 60 
65 26 48 
6 24 22 
27 78 93 
30 16 75 
79 66 55 
58 5 46 
86 79 4 
71 58 45 
59 11 48 
74 59 83 
25 27 46 
4 10 47 
92 70 72 
91 3 66 
66 54 34 
75 54 35 
66 93 12 
85 72 29 
4 80 10 
69 46 81 
53 10 58 
5 78 37 
54 61 89 
47 22 74 
20 9 31 
79 28 22 
74 28 24 
49 46 70 
38 89 37 
94 78 31 
2 78 61 
71 18 67 
72 37 50 
4 56 32 
78 94 91 
50 12 93 
1 77 35 
42 23 72 
56 34 55 
64 25 6 
39 89 38 
9 44 96 
33 14 10 
52 29 68 
29 59 17 
46 22 38 
77 19 88 
83 1 65 
58 17 99 
69 78 4 
35 27 40 
21 53 49 
91 32 86 
94 57 95 
69 32 27 
18 29 22 
96 81 79 
37 21 79 
51 22 39 
25 61 100 
63 54 75 
17 8 59 
2 40 31 
51 74 54 
100 19 85 
43 26 57 
4 12 27 
14 33 77 
28 38 8 
23 65 38 
63 12 11 
76 5 77 
87 48 46 
10 50 80 
84 99 9 
43 47 19 
95 72 21 
16 29 74 
54 83 72 
6 50 59 
29 91 42 
91 4 26 
17 80 25 
99 78 11 
15 85 12 
2 65 90 
8 16 29 
95 38 5 
27 25 4 
30 35 92 
45 57 49 
80 91 84 
65 55 24 
95 59 79 
74 36 71 
7 70 42 
69 35 16 
47 95 64 
20 43 96 
71 43 58 
47 90 32 
57 75 63 
68 62 99 
10 43 58 
47 98 20 
38 3 99 
95 30 37 
43 100 94 
99 5 80 
81 10 58 
37 6 8 
36 85 89 
25 3 45 
31 60 2 
68 42 4 
82 2 72 
91 90 7 
80 9 46 
50 53 45 
56 70 41 
86 81 65 
4 9 87 
51 5 36 
2 70 58 
71 89 1 
42 1 63 
73 13 81 
9 82 57 
20 88 50 
84 37 70 
51 25 43 
63 82 21 
40 31 63 
76 14 26 
26 22 12 
78 63 84 
42 9 89 
19 67 3 
88 83 16 
68 14 24 
77 98 27 
16 26 82 
88 14 65 
44 8 39 
31 61 33 
10 72 36 
65 30 40 
59 82 19 
90 55 62 
85 32 21 
2 55 34 
50 14 8 
88 87 9 
10 55 9 
58 59 49 
77 71 66 
84 14 27 
25 59 31 
70 13 81 
72 29 61 
30 90 18 
53 33 18 
70 19 86 
9 21 32 
49 95 88 
86 9 39 
53 49 93 
21 29 25 
35 46 59 
53 97 85 
28 12 56 
53 92 4 
70 62 47 
53 85 16 
32 8 3 
78 77 7 
14 57 83 
51 57 42 
18 64 38 
6 60 71 
55 23 98 
42 84 26 
28 24 75 
95 46 27 
57 11 94 
48 25 57 
62 47 95 
32 9 47 
100 81 46 
90 96 76 
14 86 29 
56 94 27 
60 26 67 
79 25 13 
1 89 40 
46 15 87 
44 8 45 
31 37 34 
17 26 46 
45 57 38 
12 38 28 
18 31 24 
54 32 57 
22 98 53 
91 68 37 
42 44 78 
21 58 51 
82 22 69 
32 37 19 
12 63 88 
21 14 38 
22 20 99 
74 76 96 
41 68 93 
17 86 36 
53 10 73 
68 16 30 
11 1 12 
35 67 55 
3 26 56 
64 8 19 
52 53 72 
36 64 46 
35 6 61 
79 27 62 
7 34 77 
98 34 1 
90 34 48 
30 45 33 
26 64 23 
12 26 39 
73 40 21 
96 60 77 
48 34 5 
41 45 28 
56 16 69 
62 28 85 
27 43 34 
68 15 90 
19 26 69 
97 70 68 
63 78 29 
37 66 77 
73 11 34 
30 74 41 
76 56 90 
9 67 97 
97 22 80 
25 55 21 
78 13 52 
27 59 30 
84 46 67 
39 7 88 
67 17 30 
85 68 1 
56 78 70 
45 56 72 
88 55 45 
23 95 69 
39 6 60 
21 71 32 
55 20 52 
24 67 100 
18 84 88 
31 78 18 
42 77 12 
48 38 35 
78 50 3 
63 24 3 
3 15 71 
39 35 71 
70 32 24 
27 14 86 
29 38 70 
67 85 16 
33 90 25 
48 97 40 
27 10 88 
67 97 89 
6 27 33 
38 75 68 
23 99 45 
35 6 56 
39 3 17 
47 70 57 
31 51 78 
96 47 18 
44 22 31 
60 30 86 
90 14 85 
34 60 38 
16 91 100 
31 49 10 
34 48 89 
14 48 85 
12 61 32 
14 18 99 
98 94 96 
98 73 18 
97 100 35 
85 31 17 
2 11 20 
22 11 12 
44 71 42 
45 70 47 
5 84 94 
19 34 6 
70 28 6 
33 89 29 
29 31 4 
60 83 100 
76 35 39 
62 61 24 
27 71 32 
24 78 96 
47 2 4 
74 1 26 
94 40 1 
67 83 24 
62 75 65 
26 1 95 
89 99 34 
74 40 67 
47 8 63 
37 14 2 
27 23 64 
98 56 71 
55 45 18 
75 15 81 
45 100 33 
77 2 21 
7 38 5 
63 72 97 
50 53 15 
38 6 56 
45 76 84 
41 84 90 
30 48 86 
94 75 55 
74 22 24 
22 19 17 
74 15 17 
34 57 84 
80 10 76 
93 94 23 
24 13 94 
92 93 64 
34 99 11 
95 47 38 
88 67 61 
47 46 88 
17 66 3 
49 97 14 
73 83 19 
78 56 14 
76 38 89 
28 73 56 
57 84 94 
34 35 53 
39 12 52 
15 64 100 
15 19 71 
79 100 11 
19 43 73 
11 62 39 
8 39 48 
73 58 89 
85 19 98 
1 81 79 
41 91 39 
11 88 74 
47 78 57 
35 92 54 
11 89 70 
17 49 36 
2 25 57 
73 72 38 
64 13 80 
8 13 33 
26 41 22 
74 90 16 
12 18 46 
3 73 59 
7 27 100 
12 26 46 
48 28 52 
27 83 37 
99 25 51 
58 26 67 
11 35 44 
85 76 79 
71 63 43 
78 72 22 
87 19 47 
36 61 75 
36 29 4 
25 65 4 
40 81 77 
72 100 74 
34 79 20 
97 22 26 
31 64 88 
38 56 30 
34 8 91 
10 75 67 
40 39 89 
59 50 3 
43 56 45 
96 32 49 
14 69 52 
40 50 56 
40 47 8 
63 78 58 
31 96 60 
83 63 9 
24 26 50 
29 5 62 
34 97 53 
72 48 53 
22 95 9 
44 59 64 
57 9 36 
22 48 99 
60 45 22 
36 64 31 
99 100 39 
9 36 54 
9 98 85 
64 43 53 
31 91 53 
39 65 64 
2 96 6 
41 88 76 
42 17 63 
30 81 99 
73 69 77 
6 88 23 
13 11 23 
58 66 70 
2 95 4 
60 41 73 
89 47 58 
52 3 77 
23 1 75 
18 62 38 
45 12 84 
4 90 25 
5 13 20 
48 92 97 
11 9 25 
70 1 31 
82 76 1 
53 99 52 
33 44 68 
90 3 4 
40 31 43 
54 20 68 
36 13 43 
4 59 72 
36 11 17 
43 30 89 
53 49 74 
36 87 29 
42 10 16 
23 88 12 
52 81 71 
100 83 22 
74 38 68 
40 70 54 
31 90 67 
6 86 5 
75 3 59 
68 86 35 
58 65 8 
10 24 20 
7 52 83 
64 74 93 
49 47 23 
90 39 58 
47 51 89 
29 26 61 
43 10 81 
86 30 98 
63 83 93 
55 73 3 
56 58 90 
74 70 83 
11 46 59 
88 95 59 
15 55 39 
76 1 35 
29 76 67 
91 88 7 
2 38 29 
24 40 94 
12 96 61 
23 31 76 
95 75 65 
87 95 88 
94 27 79 
96 27 5 
12 50 83 
54 42 45 
49 33 46 
92 14 65 
95 28 39 
5 79 48 
39 92 31 
71 65 30 
85 39 45 
5 47 18 
84 66 64 
15 24 81 
78 37 55 
1 7 90 
35 78 96 
87 59 36 
77 98 71 
26 76 85 
83 71 81 
57 3 69 
57 20 16 
23 13 38 
66 92 82 
29 19 1 
39 57 56 
5 11 89 
83 97 98 
43 93 97 
74 66 20 
83 13 99 
43 34 75 
47 13 7 
98 31 4 
12 98 45 
96 17 72 
56 92 14 
17 1 58 
26 57 54 
99 3 9 
67 75 58 
74 10 29 
8 37 30 
48 37 43 
36 100 69 
91 42 93 
71 65 61 
26 75 65 
55 62 77 
21 19 41 
46 38 97 
56 26 69 
41 96 68 
14 62 26 
14 42 78 
95 36 80 
39 8 87 
44 40 13 
28 21 10 
24 86 60 
17 29 53 
21 41 48 
42 69 62 
51 71 39 
56 99 57 
9 80 12 
58 57 70 
72 44 12 
40 56 42 
47 15 56 
51 20 40 
9 13 97 
7 81 43 
64 76 44 
92 46 95 
34 85 62 
60 81 86 
93 4 26 
35 48 66 
81 58 18 
82 80 84 
94 47 9 
89 78 92 
20 38 93 
50 68 85 
67 7 75 
55 19 69 
38 64 2 
12 16 88 
76 13 34 
5 17 69 
12 62 81 
24 88 37 
59 34 16 
20 49 2 
80 47 70 
9 70 85 
62 68 17 
99 14 77 
15 22 28 
68 25 41 
48 27 7 
36 17 62 
62 51 21 
6 27 35 
72 38 58 
16 59 17 
94 4 83 
60 4 55 
62 82 48 
58 42 10 
20 72 6 
13 60 42 
10 80 1 
69 64 23 
20 62 48 
51 74 55 
27 87 1 
93 74 79 
88 70 84 
57 92 89 
58 11 44 
23 97 66 
58 46 4 
42 86 66 
50 57 13 
57 67 77 
6 41 69 
2 99 35 
93 41 99 
66 93 97 
61 54 46 
83 15 65 
71 81 25 
76 38 36 
46 40 7 
9 72 40 
72 66 79 
17 55 11 
45 19 79 
57 39 8 
22 20 80 
52 15 69 
49 4 68 
84 12 3 
10 90 1 
61 5 51 
22 12 31 
95 47 35 
63 96 35 
28 83 20 
93 37 80 
35 75 39 
66 47 13 
99 7 50 
52 23 70 
45 46 49 
53 15 9 
79 31 62 
46 37 18 
37 97 46 
71 66 55 
59 52 41 
31 29 25 
65 93 18 
1 11 32 
2 49 75 
3 85 20 
55 85 8 
67 41 44 
62 7 11 
26 61 4 
68 43 18 
16 17 58 
72 89 15 
60 51 80 
49 97 12 
3 18 99 
84 56 4 
11 80 6 
5 37 34 
77 92 11 
24 85 7 
97 68 19 
43 34 47 
93 4 15 
73 1 86 
63 51 57 
21 37 33 
74 5 19 
32 28 31 
59 40 20 
84 74 39 
28 27 81 
90 27 83 
91 1 71 
54 77 44 
60 39 97 
67 43 89 
5 56 44 
83 36 79 
40 52 78 
48 5 31 
27 10 95 
74 11 15 
93 67 59 
76 89 40 
9 95 70 
12 79 36 
67 5 97 
2 48 12 
100 19 55 
32 25 18 
84 30 96 
53 6 13 
22 29 9 
44 19 16 
69 18 15 
73 32 81 
95 80 82 
62 66 58 
91 21 65 
30 91 48 
12 47 17 
2 9 40 
97 24 15 
11 38 1 
39 30 45 
47 50 38 
15 65 10 
51 44 70 
76 35 74 
47 84 34 
5 100 73 
87 48 54 
91 58 27 
8 84 38 
31 13 33 
73 43 77 
5 24 44 
50 2 77 
50 35 88 
62 11 14 
45 87 25 
34 37 70 
27 47 41 
84 73 67 
50 26 9 
59 68 38 
59 49 23 
44 80 69 
12 87 29 
82 37 4 
58 8 95 
90 58 18 
65 82 89 
44 15 13 
28 57 44 
13 33 76 
65 96 62 
64 96 16 
97 32 23 
61 84 33 
14 45 36 
40 100 96 
54 42 27 
19 56 50 
66 42 35 
93 24 2 
43 64 10 
80 73 18 
59 53 13 
85 13 30 
83 11 58 
37 24 45 
52 9 97 
41 25 74 
61 66 53 
55 50 16 
66 63 94 
34 16 56 
96 72 36 
57 1 16 
34 45 10 
39 23 56 
26 47 58 
50 68 12 
76 13 25 
9 94 4 
85 15 49 
63 82 16 
74 71 15 
81 37 85 
50 80 59 
60 99 17 
25 43 11 
67 22 33 
40 42 24 
92 73 2 
24 49 32 
66 13 83 
97 17 27 
64 26 93 
16 99 59 
6 26 84 
38 24 49 
80 14 54 
13 75 28 
100 34 64 
83 55 85 
74 79 28 
31 25 91 
84 20 58 
46 24 28 
86 73 23 
44 32 83 
60 47 30 
8 93 98 
27 43 68 
15 16 5 
14 82 65 
54 72 69 
88 15 1 
72 56 37 
40 98 41 
91 6 15 
46 32 74 
99 18 11 
54 44 51 
91 25 90 
54 44 19 
68 72 66 
21 68 91 
96 73 60 
56 98 17 
47 71 80 
2 1 38 
38 25 49 
74 44 71 
5 63 74 
18 72 63 
46 81 29 
52 20 70 
10 95 15 
90 95 91 
76 17 71 
35 97 61 
89 42 53 
40 25 84 
73 45 74 
27 82 57 
11 71 45 
60 41 49 
75 51 29 
13 28 100 
37 19 92 
86 3 44 
77 100 8 
69 23 31 
3 35 67 
66 43 20 
14 55 6 
93 28 14 
3 21 46 
40 16 84 
59 66 34 
23 16 83 
84 27 16 
70 19 94 
97 96 41 
88 99 69 
66 51 33 
12 21 64 
25 88 40 
26 75 40 
100 29 62 
75 88 24 
94 39 76 
19 40 13 
52 79 87 
55 27 80 
1 14 19 
44 17 14 
76 69 87 
86 84 9 
4 68 88 
62 47 82 
65 48 36 
49 24 63 
29 86 66 
45 60 75 
100 30 22 
40 19 92 
10 2 44 
92 29 20 
77 62 35 
27 31 44 
78 5 41 
31 26 64 
70 1 62 
47 3 63 
99 54 71 
31 4 40 
3 40 94 
67 42 86 
40 50 78 
88 40 58 
4 28 63 
22 97 50 
84 98 86 
84 68 44 
78 84 32 
68 43 78 
6 30 35 
28 72 35 
77 43 62 
65 86 47 
67 85 89 
80 53 40 
42 91 76 
89 82 66 
75 87 100 
18 76 12 
3 74 86 
44 37 64 
100 68 82 
99 48 12 
30 25 37 
85 26 6 
4 74 46 
33 52 17 
73 90 98 
85 80 8 
77 47 67 
30 76 54 
60 13 66 
22 76 94 
44 83 87 
12 34 2 
56 98 80 
32 100 75 
92 42 64 
21 18 38 
16 50 87 
10 83 38 
17 85 52 
53 64 79 
40 17 13 
86 44 54 
48 31 3 
17 51 52 
70 67 90 
100 2 20 
36 49 31 
22 57 89 
35 78 58 
20 61 88 
8 15 39 
6 77 99 
72 12 54 
33 2 27 
37 22 63 
66 87 26 
38 43 95 
67 1 48 
87 50 55 
37 87 76 
54 58 20 
45 81 36 
27 54 78 
62 53 24 
15 72 71 
59 3 53 
29 24 56 
48 19 24 
86 21 79 
69 1 33 
39 31 81 
12 90 36 
15 61 63 
68 46 5 
77 91 53 
45 1 14 
14 37 70 
44 99 53 
48 91 16 
62 82 43 
32 15 22 
51 2 57 
64 45 96 
92 99 12 
53 93 1 
47 77 29 
24 52 56 
20 89 26 
77 65 33 
32 3 34 
44 36 7 
30 29 78 
30 7 90 
51 100 11 
8 22 35 
44 26 5 
14 66 29 
80 76 78 
64 10 17 
8 2 41 
83 46 47 
52 84 3 
85 69 75 
59 22 93 
14 64 92 
53 59 87 
20 80 57 
1 67 74 
49 24 98 
90 4 64 
3 26 81 
37 7 10 
26 91 6 
36 49 22 
48 45 4 
82 49 96 
15 34 1 
97 15 2 
22 31 7 
8 49 54 
20 39 95 
79 18 16 
97 72 45 
89 54 81 
91 99 51 
37 16 87 
68 38 82 
71 52 55 
56 57 41 
29 17 15 
98 97 47 
63 59 13 
57 5 17 
29 81 69 
87 55 37 
25 94 21 
92 84 96 
33 8 59 
34 81 93 
85 2 49 
58 60 79 
53 13 37 
39 85 50 
60 47 27 
88 28 94 
30 88 46 
52 28 49 
74 75 41 
56 16 11 
58 96 61 
87 51 84 
75 55 54 
10 4 66 
85 33 18 
94 84 17 
89 87 84 
40 2 83 
57 49 82 
92 66 18 
6 71 35 
24 13 55 
22 85 81 
75 13 87 
97 38 29 
69 34 83 
7 28 70 
62 80 40 
32 13 72 
51 53 4 
10 67 79 
23 57 83 
9 8 96 
20 66 26 
96 27 69 
12 38 26 
58 25 73 
47 64 28 
88 51 2 
83 68 97 
25 38 17 
64 86 87 
41 39 24 
59 13 94 
51 98 35 
14 66 77 
48 23 11 
59 52 99 
98 91 45 
49 68 46 
86 73 95 
14 23 5 
78 84 14 
19 61 88 
77 59 6 
89 62 15 
3 59 18 
60 89 68 
50 6 84 
74 75 76 
95 23 71 
61 94 32 
64 13 75 
41 24 62 
22 78 64 
34 17 56 
7 17 97 
76 25 41 
94 24 52 
80 33 37 
69 76 36 
53 75 95 
18 58 77 
33 94 59 
90 29 58 
75 13 88 
58 83 66 
77 26 84 
62 52 50 
72 53 14 
24 91 79 
28 26 6 
81 55 22 
87 22 50 
77 10 34 
29 49 16 
92 73 7 
71 92 83 
30 92 44 
83 67 98 
73 29 2 
90 31 97 
2 40 66 
3 39 51 
27 38 76 
62 97 22 
72 15 86 
42 88 48 
86 95 4 
35 34 72 
63 18 8 
37 96 84 
71 86 25 
32 21 15 
30 33 68 
39 98 79 
90 74 93 
60 68 23 
58 32 65 
45 31 91 
68 24 80 
99 5 97 
24 79 48 
27 50 44 
55 45 92 
98 40 89 
39 96 82 
86 29 57 
86 19 58 
92 90 31 
46 22 27 
68 17 36 
99 34 100 
87 8 59 
29 98 80 
1 28 92 
37 40 46 
8 61 63 
71 15 11 
29 5 83 
39 2 20 
40 79 1 
46 42 100 
31 57 75 
80 44 40 
34 84 38 
44 7 32 
27 55 32 
69 17 15 
57 1 38 
38 25 100 
36 52 6 
68 33 25 
5 99 55 
66 33 15 
65 78 62 
74 26 90 
66 94 34 
65 6 41 
49 77 14 
57 2 24 
55 8 94 
34 42 78 
97 7 100 
16 55 12 
10 75 68 
57 13 10 
54 6 92 
34 22 71 
92 63 18 
99 72 51 
22 13 49 
14 75 12 
99 12 4 
83 29 48 
46 79 86 
38 89 1 
35 56 19 
14 29 44 
42 20 10 
86 39 97 
37 43 16 
42 84 93 
99 74 14 
85 97 91 
31 90 34 
61 5 1 
80 47 98 
25 2 72 
32 1 63 
2 1 82 
9 41 95 
7 95 64 
48 23 97 
42 49 36 
3 79 44 
87 31 79 
17 76 85 
89 42 83 
9 66 7 
6 3 14 
92 25 73 
91 4 13 
23 17 45 
38 64 79 
1 11 79 
66 90 79 
58 94 24 
15 51 21 
46 83 35 
92 3 15 
25 41 28 
71 5 54 
66 77 72 
17 75 44 
12 63 36 
2 24 98 
7 92 83 
12 8 86 
31 12 72 
1 9 28 
36 27 74 
26 90 79 
10 81 74 
41 74 48 
17 60 91 
10 45 43 
22 79 96 
9 30 13 
16 79 95 
54 72 70 
46 44 31 
10 71 76 
78 57 11 
28 17 31 
84 18 72 
43 98 21 
36 74 78 
25 99 84 
91 86 2 
89 88 29 
30 1 64 
26 16 40 
49 62 25 
34 94 87 
1 28 50 
88 8 97 
98 2 16 
49 73 99 
69 86 24 
65 17 55 
96 25 45 
68 42 29 
82 27 11 
92 43 64 
61 59 56 
81 67 28 
80 76 43 
81 66 84 
13 93 88 
84 90 98 
39 6 87 
83 16 82 
69 71 92 
89 30 52 
3 6 22 
77 49 91 
58 29 98 
28 12 11 
7 26 6 
51 41 39 
43 82 63 
89 85 69 
55 26 42 
78 3 45 
19 5 18 
91 68 34 
93 40 95 
42 77 33 
35 60 11 
65 25 87 
2 77 58 
91 96 19 
30 16 66 
12 41 17 
7 14 10 
90 63 4 
10 33 48 
24 86 70 
18 87 46 
70 87 77 
51 73 21 
66 24 83 
21 28 74 
99 30 79 
1 7 2 
58 56 98 
89 25 57 
31 77 37 
37 89 66 
33 56 60 
73 32 14 
12 49 25 
35 86 93 
88 60 32 
10 47 33 
96 20 79 
96 75 36 
67 2 53 
33 91 35 
80 11 50 
32 25 19 
6 60 8 
35 98 88 
68 5 90 
42 98 27 
21 83 76 
32 80 86 
90 12 65 
78 38 43 
100 14 11 
36 68 81 
14 24 97 
90 57 96 
37 75 3 
56 86 93 
2 87 90 
5 87 88 
84 31 67 
9 92 80 
31 30 47 
96 26 20 
17 94 72 
64 66 44 
75 9 61 
82 70 79 
25 56 30 
94 74 22 
81 16 62 
53 63 91 
55 24 46 
39 5 34 
27 8 87 
70 28 1 
96 74 62 
66 28 76 
38 21 87 
61 80 60 
8 51 20 
1 33 50 
50 58 30 
21 97 50 
26 52 59 
93 43 12 
80 51 48 
76 84 71 
64 78 20 
53 70 76 
40 5 61 
94 72 40 
93 61 86 
42 52 24 
32 3 28 
70 61 28 
29 74 82 
59 6 68 
86 4 50 
96 23 17 
60 50 25 
73 49 100 
65 86 30 
23 71 39 
17 54 59 
91 64 90 
94 80 69 
84 23 8 
1 7 21 
38 14 83 
76 83 11 
81 65 60 
85 14 35 
30 55 3 
49 58 51 
56 98 49 
72 79 1 
81 82 63 
7 10 82 
75 89 59 
76 84 72 
1 85 67 
27 13 8 
1 84 38 
19 34 14 
30 94 67 
16 65 35 
97 36 42 
30 31 67 
66 58 76 
48 64 42 
32 8 33 
39 55 9 
42 53 33 
85 1 43 
60 99 14 
15 4 55 
48 40 81 
96 81 78 
56 99 10 
97 20 74 
71 15 93 
14 58 84 
91 5 23 
42 64 1 
55 10 44 
45 14 62 
70 12 59 
25 47 78 
89 59 1 
51 76 68 
22 60 27 
69 39 72 
81 60 46 
45 21 52 
27 59 19 
19 72 35 
74 78 85 
64 66 19 
71 75 44 
33 47 3 
46 98 53 
96 7 82 
74 96 85 
4 37 26 
72 81 66 
55 58 4 
45 88 34 
23 37 41 
82 3 80 
66 76 65 
6 94 29 
24 6 87 
42 22 74 
28 4 12 
13 49 58 
66 39 40 
22 66 55 
66 86 30 
49 54 52 
54 40 21 
89 49 54 
79 98 58 
1 59 12 
96 72 60 
9 54 25 
14 97 54 
85 21 92 
76 39 1 
13 3 68 
88 82 97 
19 40 46 
49 14 46 
37 74 7 
98 22 69 
97 29 94 
63 17 97 
85 97 87 
96 43 7 
84 61 95 
12 56 36 
19 54 26 
33 43 11 
84 76 29 
21 22 84 
70 86 54 
54 46 93 
68 34 2 
46 26 5 
78 54 21 
97 57 92 
68 72 47 
71 44 91 
82 92 77 
21 74 50 
73 60 66 
15 62 92 
55 43 26 
38 84 3 
31 25 47 
74 10 65 
54 43 45 
27 15 6 
69 11 66 
46 20 24 
93 18 10 
9 44 6 
16 18 27 
41 88 3 
62 16 9 
62 85 58 
93 20 27 
2 80 87 
74 70 91 
98 90 93 
71 94 29 
53 13 33 
100 52 68 
30 37 96 
47 27 50 
16 51 13 
64 8 54 
52 9 3 
44 52 33 
38 32 35 
69 67 13 
45 37 100 
16 8 80 
61 7 52 
14 67 55 
32 51 55 
84 56 55 
66 37 78 
68 4 27 
95 30 45 
54 91 73 
7 52 39 
2 49 76 
45 66 56 
67 87 50 
64 37 72 
51 41 1 
36 61 26 
59 68 74 
83 51 15 
66 7 43 
38 72 99 
22 36 93 
67 82 59 
69 11 36 
58 22 32 
36 19 89 
80 50 44 
76 41 33 
84 13 59 
3 44 10 
63 1 12 
2 64 28 
6 61 21 
16 49 96 
39 96 56 
17 67 64 
59 80 45 
93 80 63 
2 26 81 
87 60 99 
76 96 94 
10 66 56 
94 48 3 
42 10 5 
59 84 35 
65 98 85 
17 47 83 
15 69 63 
57 34 80 
99 71 66 
2 55 8 
96 73 62 
58 49 39 
57 20 96 
29 45 65 
68 32 5 
19 82 100 
21 4 10 
51 86 62 
97 43 23 
74 69 33 
49 27 93 
14 7 94 
86 47 18 
94 37 50 
79 64 47 
25 47 82 
52 38 73 
58 12 85 
50 9 21 
69 90 73 
25 9 67 
85 37 19 
41 99 95 
49 70 92 
44 42 1 
69 40 19 
7 56 26 
17 33 36 
94 35 37 
43 26 81 
6 47 26 
61 60 99 
70 17 15 
74 62 90 
63 24 57 
19 65 61 
46 71 37 
18 10 90 
80 18 72 
16 24 74 
12 67 77 
87 56 40 
19 72 27 
94 35 6 
80 70 35 
81 84 42 
13 39 42 
31 88 78 
48 100 4 
55 93 47 
22 56 90 
4 68 15 
42 28 19 
74 18 10 
50 12 63 
93 68 36 
71 27 90 
86 84 47 
50 85 82 
31 64 23 
88 51 62 
8 26 42 
1 16 84 
55 76 97 
80 27 75 
55 40 74 
72 90 28 
22 90 36 
27 94 22 
41 57 40 
86 47 41 
39 6 2 
74 20 73 
20 73 3 
93 34 15 
15 70 52 
15 24 1 
62 60 33 
98 91 56 
97 15 7 
15 25 4 
91 64 93 
8 98 48 
24 54 2 
62 98 81 
92 73 63 
9 11 82 
26 63 100 
85 25 37 
13 72 19 
84 97 53 
63 15 6 
82 25 27 
87 80 74 
20 9 7 
32 13 49 
13 31 3 
20 6 1 
39 20 29 
56 97 90 
66 26 54 
18 25 77 
5 44 54 
13 95 56 
64 51 99 
4 94 97 
66 85 26 
44 100 69 
70 69 93 
64 21 5 
52 31 96 
34 67 55 
55 1 98 
62 56 9 
22 2 17 
87 47 9 
71 76 94 
36 2 78 
51 50 27 
37 96 97 
23 52 81 
20 87 73 
19 10 3 
92 95 83 
91 97 89 
55 3 92 
39 73 60 
51 30 77 
99 78 17 
93 78 38 
31 96 57 
87 5 84 
8 36 53 
7 41 85 
17 62 33 
27 3 17 
72 54 52 
81 80 85 
87 15 58 
1 18 57 
38 77 80 
66 50 19 
20 25 93 
66 40 78 
24 86 31 
14 38 30 
58 18 13 
85 75 19 
23 45 38 
81 8 1 
37 35 87 
94 10 29 
48 16 29 
85 43 4 
71 63 26 
3 38 68 
65 88 72 
64 93 23 
75 21 88 
41 5 47 
94 52 28 
82 5 43 
71 88 37 
39 43 66 
24 70 92 
17 36 58 
1 11 81 
5 11 57 
67 58 78 
7 8 50 
1 26 7 
8 28 48 
35 4 33 
49 73 54 
53 4 42 
89 11 88 
68 94 52 
27 59 32 
89 12 79 
57 69 5 
50 1 82 
75 51 61 
25 87 16 
7 2 15 
92 64 69 
63 65 35 
93 83 2 
21 5 19 
17 73 99 
71 40 87 
97 23 8 
69 58 87 
67 83 58 
9 92 50 
87 59 1 
27 66 8 
63 53 44 
73 47 36 
19 14 16 
65 89 55 
99 14 71 
91 28 88 
29 81 11 
86 88 89 
69 6 26 
93 77 52 
56 51 68 
36 7 30 
40 64 43 
21 38 39 
17 100 93 
78 1 74 
98 63 45 
94 38 42 
63 14 24 
94 13 74 
11 4 16 
66 8 37 
87 80 31 
68 45 80 
24 78 32 
77 8 67 
43 52 62 
98 73 64 
71 94 69 
29 61 98 
97 75 94 
58 73 26 
43 56 87 
99 23 82 
54 35 51 
51 42 49 
48 12 14 
55 75 66 
37 72 21 
50 54 78 
30 96 87 
29 22 79 
9 57 71 
9 50 41 
85 95 44 
20 30 1 
89 44 48 
16 62 48 
99 49 36 
48 31 42 
56 39 95 
87 63 47 
39 22 13 
49 56 16 
77 90 61 
19 14 89 
97 25 74 
1 43 36 
88 58 32 
63 82 67 
3 12 7 
88 65 34 
11 52 67 
43 76 65 
42 88 47 
60 59 86 
14 15 7 
37 53 60 
26 47 2 
8 81 47 
47 62 63 
98 39 63 
41 52 61 
24 71 44 
36 48 85 
7 51 12 
30 84 25 
32 63 39 
39 12 14 
95 77 44 
20 98 45 
53 11 33 
95 100 88 
95 29 26 
28 25 80 
77 97 82 
96 30 49 
23 87 91 
80 19 54 
12 38 82 
79 91 11 
87 15 83 
58 63 71 
56 25 69 
30 52 63 
50 6 36 
48 99 64 
74 33 63 
9 63 41 
70 28 27 
38 93 47 
48 100 99 
92 62 96 
84 85 13 
78 72 34 
17 68 92 
45 56 33 
93 99 71 
46 43 30 
43 91 46 
36 21 9 
22 1 41 
1 25 84 
68 58 67 
59 41 39 
28 87 23 
85 71 49 
13 67 84 
50 13 91 
52 65 64 
30 23 89 
57 59 58 
87 46 81 
72 12 87 
43 24 100 
84 76 32 
98 11 69 
46 81 79 
32 70 44 
30 31 77 
68 36 32 
27 51 1 
39 24 61 
27 78 4 
99 100 78 
61 67 53 
80 84 64 
41 52 27 
68 18 94 
95 70 74 
95 26 36 
42 62 3 
44 87 67 
53 98 27 
3 95 8 
28 19 2 
75 58 29 
73 58 69 
55 54 10 
50 77 75 
76 35 36 
70 32 68 
64 20 89 
64 51 73 
8 29 73 
85 23 49 
26 83 7 
23 70 82 
6 7 19 
50 9 13 
75 54 81 
95 77 28 
23 50 55 
22 89 14 
60 61 70 
97 77 63 
72 55 87 
81 61 35 
67 18 40 
4 49 33 
10 75 97 
7 90 15 
44 35 99 
59 80 53 
73 31 23 
39 71 15 
94 38 46 
27 12 19 
64 52 28 
93 72 75 
71 91 22 
82 18 92 
14 85 19 
70 88 1 
63 53 50 
92 67 24 
62 9 50 
64 55 95 
46 66 62 
11 90 8 
52 79 95 
68 81 74 
31 14 62 
38 97 44 
87 24 50 
27 57 90 
21 92 84 
55 53 35 
12 21 56 
74 27 29 
58 21 92 
5 16 81 
6 27 84 
28 8 24 
21 25 32 
46 22 92 
30 80 16 
57 58 5 
48 46 69 
83 59 18 
25 58 89 
70 16 66 
28 66 81 
22 78 6 
45 99 21 
36 52 88 
79 15 1 
81 97 10 
52 91 79 
77 63 9 
84 69 21 
40 83 28 
63 36 66 
47 40 74 
31 81 82 
87 97 15 
7 93 88 
81 18 63 
45 69 97 
18 73 63 
25 1 67 
33 48 80 
37 94 92 
14 21 50 
67 89 50 
22 41 69 
67 44 48 
30 1 62 
8 73 74 
28 1 25 
90 20 53 
28 14 45 
98 64 29 
45 95 93 
43 89 38 
26 23 56 
71 100 60 
39 4 30 
6 40 46 
99 32 77 
25 34 54 
3 65 71 
58 28 16 
43 4 50 
59 32 99 
69 5 82 
6 43 55 
73 95 84 
95 19 49 
28 85 64 
61 72 97 
16 38 3 
80 81 74 
86 80 72 
36 60 21 
5 29 74 
35 72 12 
5 18 50 
43 17 83 
8 62 89 
91 21 86 
68 42 35 
24 10 67 
41 9 72 
43 97 89 
4 56 78 
100 18 33 
8 86 93 
98 17 22 
30 44 54 
100 86 64 
6 8 90 
78 42 4 
8 61 45 
32 29 30 
86 35 77 
43 66 71 
62 61 93 
91 24 61 
88 10 21 
36 6 61 
27 87 12 
72 41 46 
78 53 88 
3 21 22 
20 86 7 
76 41 14 
5 94 19 
26 22 14 
11 19 69 
49 69 59 
15 47 31 
10 86 24 
12 100 49 
56 52 1 
76 15 89 
36 31 8 
80 39 42 
5 8 98 
1 26 76 
51 78 61 
88 86 52 
64 67 43 
4 29 74 
14 26 97 
82 49 32 
98 24 31 
1 27 85 
24 89 64 
21 33 31 
66 29 50 
29 84 48 
4 49 18 
90 15 65 
79 68 12 
50 47 100 
44 69 59 
37 67 92 
7 51 65 
39 43 13 
65 22 85 
1 89 21 
16 35 11 
17 50 49 
45 40 64 
6 66 16 
81 3 17 
43 56 100 
6 16 42 
17 65 38 
18 32 77 
18 15 73 
54 85 28 
74 6 12 
67 64 89 
14 69 73 
31 48 67 
23 83 69 
41 27 45 
19 28 53 
22 89 40 
62 17 5 
29 47 33 
46 88 23 
36 20 60 
65 13 80 
69 72 68 
71 93 25 
27 83 2 
93 20 28 
75 83 48 
58 27 24 
87 97 22 
93 42 27 
94 80 59 
96 78 3 
43 41 56 
35 32 17 
78 14 87 
27 17 86 
37 61 27 
51 54 52 
61 56 96 
5 65 24 
73 79 19 
63 82 58 
66 68 12 
73 26 36 
44 42 14 
41 100 25 
54 26 43 
64 16 52 
50 22 79 
9 70 54 
15 52 22 
1 39 46 
65 97 64 
20 79 45 
67 13 43 
71 56 64 
12 80 89 
33 89 76 
29 15 16 
50 25 22 
76 61 90 
6 43 93 
55 68 25 
71 92 85 
51 45 30 
8 9 99 
63 99 60 
5 19 98 
51 68 42 
60 47 41 
29 52 48 
82 32 12 
88 6 62 
88 16 21 
15 45 35 
41 2 71 
63 28 73 
46 36 23 
26 58 52 
74 62 23 
53 39 24 
8 49 85 
16 70 52 
13 30 26 
19 65 69 
70 10 62 
99 97 21 
17 47 19 
23 29 73 
8 75 32 
68 4 86 
11 3 51 
64 37 75 
96 80 17 
70 20 11 
40 38 57 
80 90 51 
35 56 4 
65 55 7 
68 89 98 
68 57 90 
48 38 18 
69 44 20 
8 58 71 
87 31 57 
77 13 26 
89 23 97 
35 91 78 
90 50 15 
100 38 90 
20 78 32 
45 57 6 
99 19 79 
64 16 25 
67 46 16 
74 25 2 
4 85 23 
91 29 68 
85 25 73 
6 24 44 
2 89 75 
40 32 75 
29 8 49 
92 62 57 
3 41 67 
72 52 86 
59 49 17 
76 66 89 
86 93 92 
99 96 44 
37 51 52 
81 61 56 
86 10 76 
74 93 86 
84 85 87 
74 12 60 
46 67 60 
15 31 69 
84 85 54 
69 88 20 
78 66 76 
91 77 85 
16 31 69 
53 94 65 
65 6 51 
37 91 51 
67 3 99 
14 100 52 
90 47 65 
87 59 54 
100 69 3 
22 39 73 
45 83 4 
57 2 20 
59 78 1 
50 33 35 
97 79 63 
97 35 76 
58 34 95 
8 65 24 
17 45 38 
36 45 54 
58 80 49 
95 81 31 
53 74 40 
68 93 90 
77 31 11 
94 15 29 
13 34 21 
93 95 10 
86 28 83 
76 88 25 
75 46 28 
39 20 16 
29 71 11 
94 85 100 
87 1 85 
96 100 82 
94 67 76 
68 94 55 
3 96 98 
67 75 33 
51 36 49 
38 78 97 
3 18 100 
84 33 69 
92 93 31 
90 38 51 
41 87 88 
39 81 30 
7 68 51 
14 49 60 
83 41 79 
17 37 58 
50 39 71 
86 15 54 
63 95 12 
87 55 12 
45 94 65 
12 50 65 
66 89 32 
48 7 16 
26 90 5 
32 42 51 
92 6 24 
71 50 68 
18 67 23 
59 7 52 
74 33 75 
74 72 50 
30 16 47 
5 84 88 
33 10 27 
28 25 33 
23 59 81 
18 81 87 
92 19 68 
63 64 83 
59 11 53 
46 24 53 
92 88 91 
93 69 49 
32 94 53 
59 93 55 
43 59 75 
29 59 88 
67 1 40 
15 5 37 
85 89 90 
100 1 85 
6 34 57 
87 37 53 
14 27 46 
63 34 89 
39 96 89 
50 52 99 
41 64 83 
86 54 49 
39 64 27 
22 25 18 
88 35 94 
42 76 53 
5 18 96 
18 78 99 
5 62 45 
83 31 98 
82 70 76 
62 32 82 
71 6 8 
31 25 38 
7 75 1 
15 12 95 
29 7 18 
26 10 59 
14 72 40 
6 88 24 
28 25 11 
87 49 29 
48 19 41 
7 23 27 
79 97 99 
18 64 29 
86 99 71 
33 59 83 
9 59 33 
25 91 28 
33 59 74 
85 34 5 
100 11 27 
18 16 17 
28 5 90 
55 9 44 
63 33 93 
6 86 3 
32 78 15 
42 28 26 
74 77 24 
73 25 93 
8 36 94 
85 3 33 
45 81 51 
15 45 27 
20 38 85 
87 62 23 
12 36 41 
77 33 11 
90 92 3 
71 15 54 
95 37 33 
27 73 48 
41 64 17 
59 22 33 
31 13 63 
43 77 32 
23 52 13 
20 87 24 
36 77 34 
99 43 47 
50 85 20 
43 32 88 
83 84 63 
13 4 14 
51 9 92 
46 31 57 
89 45 78 
80 29 84 
46 72 77 
4 13 39 
42 58 79 
40 69 77 
38 63 3 
22 76 15 
37 40 27 
91 10 57 
4 15 6 
61 46 59 
86 7 80 
92 64 21 
27 33 24 
46 7 98 
66 59 97 
56 77 86 
37 42 96 
22 41 93 
24 71 92 
12 92 58 
50 39 91 
18 51 66 
95 28 17 
58 36 5 
64 17 95 
22 28 53 
97 67 58 
36 75 11 
3 7 21 
94 34 49 
25 43 2 
56 57 36 
55 59 74 
51 47 1 
35 33 10 
57 33 19 
89 97 5 
21 72 29 
5 36 50 
28 53 48 
38 32 60 
65 11 54 
77 62 47 
63 12 58 
49 46 42 
73 83 43 
49 11 46 
64 19 6 
71 86 8 
61 62 63 
45 15 50 
9 79 50 
29 68 88 
37 52 67 
49 39 68 
100 19 17 
91 27 60 
29 1 33 
47 96 97 
95 43 49 
82 35 77 
85 64 76 
93 95 44 
63 25 80 
12 95 66 
29 49 51 
90 15 94 
5 45 73 
4 43 59 
41 96 83 
19 23 76 
10 87 36 
61 9 73 
99 11 100 
52 57 42 
51 95 56 
18 11 16 
31 54 72 
57 10 3 
28 33 85 
96 31 71 
9 78 58 
25 89 5 
7 96 6 
69 64 19 
72 59 3 
56 59 52 
82 65 74 
2 53 64 
52 50 47 
72 9 51 
50 27 7 
22 31 25 
90 7 58 
12 47 21 
35 4 22 
74 36 100 
4 90 29 
60 40 53 
28 13 31 
75 23 88 
25 80 26 
10 44 73 
86 43 10 
42 98 29 
71 3 89 
93 88 99 
60 56 9 
95 72 63 
61 79 96 
69 68 14 
82 79 74 
11 44 73 
100 87 91 
89 69 88 
68 32 89 
27 40 65 
14 53 62 
50 31 27 
55 80 86 
21 81 38 
15 66 30 
57 49 76 
79 75 100 
46 64 20 
34 62 4 
70 83 88 
52 66 62 
78 21 40 
40 7 19 
13 25 2 
68 96 97 
95 16 45 
8 93 73 
39 99 19 
27 64 32 
35 78 32 
64 10 23 
35 40 28 
35 75 22 
76 87 19 
8 50 41 
81 4 60 
69 34 43 
96 36 95 
33 71 96 
51 48 77 
42 16 98 
78 90 37 
49 48 6 
40 81 30 
22 62 84 
25 61 29 
10 43 4 
12 15 64 
21 60 83 
42 26 25 
79 15 24 
3 100 36 
26 39 85 
92 23 9 
18 2 49 
40 57 88 
77 69 43 
32 72 21 
67 36 75 
80 77 97 
11 14 97 
36 46 78 
68 82 15 
64 55 52 
86 81 4 
67 26 82 
9 19 50 
76 39 44 
82 24 96 
32 26 37 
72 57 100 
71 100 40 
16 54 22 
80 51 22 
68 41 26 
61 67 11 
86 31 97 
19 80 64 
97 29 78 
68 99 59 
53 61 81 
51 96 18 
66 11 47 
2 54 22 
47 92 85 
71 63 37 
86 99 94 
88 93 9 
63 24 53 
28 5 29 
86 38 75 
68 10 40 
98 10 1 
97 17 29 
84 76 58 
70 8 10 
44 10 18 
15 45 33 
40 43 48 
46 91 31 
23 76 58 
88 96 45 
4 7 47 
90 88 30 
25 70 76 
96 6 50 
39 12 100 
20 90 42 
84 64 70 
92 8 24 
2 34 17 
42 31 5 
30 17 88 
88 12 92 
75 91 92 
13 51 32 
51 100 95 
35 27 78 
8 48 96 
1 60 30 
1 25 73 
39 11 33 
92 65 50 
81 91 23 
12 83 36 
9 32 92 
90 32 60 
81 68 26 
78 47 5 
23 76 97 
84 12 85 
32 23 49 
92 64 3 
11 77 86 
41 73 85 
41 92 28 
65 19 55 
40 57 15 
7 42 55 
47 33 88 
40 21 45 
4 44 8 
68 86 14 
34 90 29 
13 80 97 
32 66 23 
64 76 40 
66 97 6 
50 20 9 
11 18 50 
7 85 8 
18 83 72 
43 25 99 
47 61 17 
20 31 58 
100 85 87 
67 79 76 
73 30 83 
81 55 60 
20 81 29 
73 71 77 
98 88 73 
74 15 81 
10 38 34 
32 84 34 
25 18 60 
56 77 9 
97 96 25 
25 86 19 
35 79 82 
56 77 53 
22 53 88 
25 74 44 
63 18 13 
98 40 97 
7 68 57 
100 58 67 
94 44 4 
84 98 35 
59 66 81 
80 38 46 
37 16 79 
13 14 21 
8 78 32 
45 3 81 
28 34 6 
53 13 14 
46 3 23 
94 29 40 
79 81 42 
63 34 69 
4 35 66 
27 11 29 
55 2 50 
29 74 73 
77 68 20 
46 39 100 
86 95 42 
76 83 90 
40 9 84 
49 63 51 
14 15 4 
34 25 64 
88 85 33 
85 92 14 
68 46 76 
83 98 81 
1 16 33 
27 20 2 
86 81 31 
55 23 92 
19 15 90 
100 56 35 
9 78 32 
85 46 30 
39 57 50 
2 35 94 
62 1 51 
32 60 100 
43 40 52 
80 4 50 
59 35 11 
45 81 18 
32 45 3 
92 97 8 
10 96 7 
9 73 76 
57 38 8 
100 68 40 
7 95 5 
39 31 19 
87 24 57 
90 88 70 
10 35 68 
27 56 91 
27 14 12 
54 51 47 
86 98 42 
87 43 85 
46 91 100 
53 8 31 
62 10 73 
72 58 39 
31 20 64 
88 95 90 
36 62 23 
57 12 21 
44 13 17 
8 26 68 
19 49 16 
46 34 27 
93 68 1 
96 46 37 
8 49 32 
69 48 100 
20 43 25 
63 69 57 
38 45 29 
35 17 65 
31 94 90 
48 28 93 
98 6 63 
53 86 71 
75 55 30 
44 26 100 
90 53 49 
46 17 47 
37 68 98 
20 37 69 
2 83 29 
60 79 78 
97 93 96 
46 93 20 
62 76 80 
31 24 45 
66 54 46 
58 24 40 
63 99 55 
70 66 57 
59 95 47 
23 95 87 
12 3 41 
66 39 5 
56 21 51 
96 100 25 
64 97 9 
31 75 82 
69 37 66 
17 50 52 
60 53 28 
19 91 49 
66 99 36 
8 12 27 
13 97 90 
77 83 87 
28 81 4 
97 44 78 
67 92 80 
37 24 63 
97 93 18 
97 14 100 
21 99 43 
73 26 21 
97 21 37 
17 57 63 
91 95 40 
56 69 34 
21 96 68 
9 14 84 
65 51 46 
44 89 90 
79 39 53 
10 22 91 
68 93 71 
67 49 28 
98 92 37 
11 37 54 
67 46 4 
7 66 17 
46 90 47 
94 85 55 
50 88 69 
42 92 26 
8 31 3 
14 3 66 
12 14 1 
77 43 98 
29 34 50 
69 55 83 
6 80 15 
24 43 39 
30 99 86 
20 82 94 
30 71 9 
62 99 66 
19 24 32 
4 59 58 
3 59 16 
28 92 49 
82 16 91 
65 80 8 
5 99 38 
46 88 78 
87 26 80 
92 100 53 
97 36 28 
36 97 81 
10 12 52 
35 57 63 
86 57 55 
48 82 50 
66 69 85 
50 38 53 
51 33 21 
55 68 45 
43 56 46 
53 73 17 
27 31 39 
3 78 99 
92 65 42 
81 97 31 
10 52 31 
33 89 40 
84 99 23 
38 9 83 
82 80 20 
82 6 19 
14 71 41 
72 47 83 
90 59 60 
1 25 39 
66 23 99 
89 46 33 
2 91 50 
2 22 69 
90 38 94 
76 85 86 
79 27 66 
84 76 42 
94 96 90 
86 78 55 
94 33 4 
62 56 85 
21 3 75 
59 17 33 
27 56 32 
72 15 51 
66 82 7 
93 50 82 
57 95 22 
54 95 39 
10 59 83 
15 92 47 
67 59 95 
64 81 96 
60 99 35 
66 32 40 
44 64 4 
8 58 62 
63 77 85 
71 42 58 
2 34 13 
95 47 17 
90 2 63 
44 35 52 
59 2 40 
76 73 44 
1 6 88 
25 89 11 
97 30 5 
94 65 81 
80 55 10 
53 7 13 
48 18 8 
89 52 1 
75 88 61 
10 4 72 
67 3 95 
86 99 12 
7 78 6 
33 63 44 
46 26 64 
27 15 22 
41 83 16 
45 52 11 
38 50 65 
79 62 50 
67 39 18 
64 5 76 
9 7 17 
32 43 40 
23 99 11 
67 21 36 
66 47 32 
49 33 100 
90 53 87 
63 96 8 
57 10 80 
89 93 16 
47 28 63 
80 48 97 
44 88 38 
92 7 62 
89 3 51 
49 53 65 
4 74 40 
9 37 17 
76 90 2 
84 71 46 
19 10 2 
4 83 69 
19 10 72 
44 74 97 
93 50 79 
34 37 19 
90 11 96 
33 9 18 
39 32 52 
45 70 30 
25 9 52 
29 41 53 
94 77 65 
51 49 47 
27 87 44 
7 64 77 
100 91 42 
60 95 2 
27 74 51 
16 33 95 
87 55 54 
34 100 11 
100 45 57 
73 54 74 
74 56 38 
53 12 22 
30 84 53 
84 20 16 
2 46 59 
55 85 38 
100 68 90 
12 49 80 
76 83 25 
50 55 86 
93 18 79 
92 76 39 
26 51 29 
35 11 61 
72 47 53 
79 68 59 
75 87 61 
3 66 60 
31 60 71 
50 68 70 
76 89 46 
38 71 8 
93 94 91 
64 39 99 
39 11 10 
53 73 95 
46 39 24 
84 70 69 
40 79 27 
37 79 82 
62 97 6 
89 51 41 
77 72 50 
98 13 20 
32 38 58 
20 45 94 
85 8 46 
27 21 7 
75 90 33 
27 65 20 
75 17 46 
61 38 53 
48 20 69 
4 93 92 
99 4 80 
96 100 51 
82 72 47 
98 73 30 
55 9 48 
1 76 57 
63 17 96 
97 74 94 
95 93 100 
18 41 2 
93 7 74 
74 25 21 
29 96 61 
51 46 44 
19 6 95 
80 40 51 
6 11 22 
91 3 25 
31 29 64 
54 7 42 
5 62 100 
16 41 15 
70 15 100 
87 12 62 
85 29 70 
27 21 31 
50 56 30 
67 28 95 
2 58 4 
52 20 82 
59 39 43 
54 68 35 
45 37 84 
3 18 13 
43 79 3 
18 19 22 
57 93 21 
43 62 48 
46 80 55 
70 63 89 
57 78 60 
49 33 45 
11 12 40 
56 76 45 
83 96 28 
19 63 81 
33 67 59 
32 57 84 
48 29 28 
71 9 17 
16 56 46 
66 90 67 
93 1 19 
46 7 24 
84 28 64 
32 47 1 
91 9 58 
81 13 2 
19 43 11 
6 67 73 
100 4 2 
43 71 1 
43 69 74 
90 16 88 
2 37 85 
75 62 25 
51 42 13 
34 91 77 
80 28 76 
61 41 69 
84 4 98 
53 30 39 
62 45 97 
42 5 4 
37 6 84 
45 98 40 
14 46 3 
29 34 7 
5 98 99 
69 65 72 
96 72 44 
74 77 6 
62 54 59 
80 37 6 
100 30 11 
50 85 33 
92 64 8 
30 12 65 
46 40 14 
37 11 92 
52 64 97 
93 43 29 
91 11 24 
28 24 60 
22 26 57 
69 33 44 
64 66 27 
15 17 8 
54 43 13 
99 79 68 
50 63 25 
94 25 42 
58 68 88 
78 50 34 
86 76 70 
4 43 12 
76 87 91 
93 68 38 
45 49 96 
22 13 40 
30 13 47 
40 90 72 
27 76 56 
2 46 80 
65 85 80 
11 72 19 
31 70 55 
59 39 52 
28 8 59 
22 10 66 
40 60 4 
20 12 13 
77 62 42 
46 9 30 
69 26 16 
55 53 5 
83 28 49 
88 57 5 
59 41 13 
12 34 32 
1 44 85 
54 58 100 
59 56 85 
89 86 95 
79 66 30 
51 12 50 
11 81 39 
4 94 61 
27 26 60 
33 60 64 
70 14 72 
19 95 1 
67 97 87 
76 32 36 
64 25 58 
97 79 23 
41 99 14 
5 81 70 
97 8 93 
92 33 8 
74 48 77 
88 19 68 
9 13 4 
37 97 52 
15 88 78 
69 67 56 
50 98 30 
60 34 84 
59 91 82 
50 2 10 
97 50 77 
16 50 54 
99 63 70 
92 74 20 
25 76 93 
47 87 90 
69 71 15 
75 93 92 
98 89 25 
67 86 40 
73 83 95 
66 43 54 
20 38 42 
21 6 90 
36 7 15 
97 46 100 
51 16 92 
47 61 70 
86 40 46 
21 3 15 
19 32 70 
58 94 51 
56 91 73 
97 79 94 
72 24 47 
68 15 83 
34 97 52 
46 54 87 
94 82 74 
14 45 41 
24 22 59 
20 23 16 
91 87 19 
72 3 91 
64 76 10 
43 96 51 
20 61 79 
40 70 16 
85 54 70 
14 5 76 
62 76 82 
66 6 42 
87 92 27 
67 18 89 
60 7 44 
39 88 24 
68 80 4 
85 78 4 
30 78 22 
50 53 21 
31 1 89 
7 19 22 
57 24 38 
89 48 81 
89 38 86 
22 23 73 
84 73 42 
17 60 29 
94 29 32 
94 32 44 
40 68 60 
8 13 89 
58 87 76 
91 69 25 
93 31 34 
82 97 41 
87 78 62 
77 32 59 
98 68 17 
68 30 19 
3 16 84 
98 70 35 
95 80 40 
14 82 93 
39 93 62 
89 76 72 
93 82 44 
97 72 95 
31 97 46 
63 49 95 
26 75 20 
83 82 28 
8 79 96 
41 35 45 
23 90 15 
24 41 13 
8 52 86 
95 100 22 
80 90 69 
46 22 40 
61 86 12 
99 72 64 
22 33 69 
36 35 43 
58 24 78 
67 28 22 
35 83 86 
78 25 88 
60 57 49 
36 74 41 
48 56 37 
25 8 83 
9 34 36 
47 57 53 
4 97 90 
4 86 64 
89 85 43 
57 29 27 
38 79 39 
76 42 49 
30 15 51 
42 56 81 
10 23 26 
23 66 21 
56 76 17 
79 56 27 
71 62 57 
2 98 83 
45 83 3 
24 86 72 
98 96 72 
73 41 20 
20 11 65 
89 56 11 
7 84 77 
22 69 48 
28 60 26 
13 29 48 
91 14 97 
36 10 25 
47 50 24 
85 19 76 
98 16 34 
70 59 20 
4 71 69 
39 100 25 
75 14 88 
52 78 64 
16 7 34 
