1000
100000
15 51 1 
32 62 46 
53 34 62 
50 3 59 
54 75 61 
34 64 25 
39 60 6 
17 67 13 
23 7 48 
16 73 40 
52 51 17 
24 31 70 
65 44 56 
52 64 55 
63 2 75 
61 53 55 
22 69 63 
61 45 40 
20 11 2 
8 83 72 
5 65 24 
7 4 47 
17 82 45 
52 49 39 
16 18 22 
61 72 65 
7 84 68 
44 3 50 
83 16 41 
2 25 72 
1 74 78 
27 12 28 
66 78 64 
32 43 16 
8 27 32 
56 26 45 
65 77 54 
3 26 5 
34 46 4 
63 57 75 
53 13 14 
45 28 34 
68 40 72 
2 8 23 
60 15 64 
68 60 22 
22 35 8 
32 8 3 
19 57 33 
12 86 8 
8 85 5 
70 16 49 
80 77 38 
6 19 64 
37 11 54 
81 80 74 
52 13 48 
33 25 28 
59 29 30 
22 66 55 
17 43 27 
10 21 50 
79 59 15 
63 22 37 
6 5 42 
22 16 15 
32 39 63 
12 30 65 
14 32 79 
57 13 59 
79 50 1 
66 67 29 
62 5 75 
23 47 65 
16 30 2 
10 43 45 
12 36 56 
45 74 17 
65 52 33 
68 50 85 
14 8 5 
68 29 39 
10 44 70 
33 4 35 
38 76 13 
43 41 80 
36 14 76 
38 51 32 
75 15 33 
75 5 27 
9 54 30 
1 22 24 
47 74 41 
22 19 8 
38 72 57 
82 20 77 
76 36 62 
3 60 61 
78 46 73 
36 51 73 
24 18 15 
27 14 86 
21 18 68 
23 14 58 
73 70 62 
52 1 71 
17 53 55 
22 71 15 
81 70 24 
66 2 15 
53 38 34 
14 86 15 
34 1 15 
5 11 57 
75 30 16 
41 24 62 
78 32 9 
17 35 75 
86 41 34 
33 41 45 
33 32 36 
66 61 83 
26 22 54 
75 83 29 
55 20 52 
26 15 38 
79 3 12 
34 73 11 
58 18 81 
36 9 57 
15 24 46 
34 74 33 
78 8 85 
17 9 1 
28 1 54 
80 76 28 
36 55 80 
22 35 59 
24 4 5 
64 4 66 
79 9 50 
32 66 47 
34 19 74 
69 84 21 
64 6 25 
6 58 15 
32 26 37 
27 47 45 
37 28 81 
29 54 13 
7 12 3 
68 62 17 
27 38 39 
13 58 18 
49 69 17 
20 30 45 
17 45 70 
53 21 49 
61 22 43 
75 40 37 
52 23 81 
8 19 78 
82 23 70 
67 43 83 
3 7 84 
3 72 67 
43 54 45 
85 56 59 
13 14 21 
32 78 58 
10 44 55 
70 66 46 
18 11 43 
80 5 71 
42 54 7 
27 29 72 
31 18 16 
2 27 33 
65 21 30 
8 77 32 
81 67 36 
35 74 23 
61 75 62 
11 48 29 
59 35 19 
43 78 7 
39 57 56 
19 55 65 
58 66 70 
61 82 26 
72 52 54 
31 51 22 
8 67 4 
15 72 70 
40 15 37 
80 47 8 
24 55 13 
54 66 46 
12 55 16 
23 38 13 
67 23 5 
27 35 6 
70 60 23 
24 65 1 
14 34 40 
5 48 34 
25 76 41 
12 15 20 
36 9 64 
15 12 85 
78 21 2 
71 43 70 
73 23 55 
74 25 21 
21 81 17 
55 6 49 
70 6 28 
70 64 6 
11 51 3 
13 11 26 
48 30 38 
46 7 25 
27 15 62 
45 81 3 
21 18 65 
6 8 41 
58 11 78 
67 18 23 
58 53 52 
21 72 55 
42 12 77 
7 75 67 
65 6 41 
75 51 29 
40 30 74 
59 10 26 
11 15 16 
55 1 81 
26 43 85 
10 6 86 
41 12 3 
7 37 6 
35 71 39 
28 27 43 
14 21 66 
78 6 74 
70 66 16 
8 73 74 
85 66 13 
43 66 54 
57 72 25 
9 38 83 
40 19 69 
12 33 85 
8 45 59 
25 78 62 
29 26 51 
85 38 20 
21 26 77 
40 19 3 
57 72 26 
4 50 80 
52 42 38 
70 65 17 
12 37 39 
24 44 75 
28 59 49 
53 32 39 
48 41 19 
77 85 63 
65 1 84 
21 8 13 
82 31 85 
83 33 22 
29 13 80 
32 16 25 
66 72 68 
24 18 20 
68 59 6 
58 50 57 
64 19 10 
75 4 32 
20 5 26 
70 17 25 
56 78 14 
56 38 17 
67 83 58 
46 12 54 
69 72 14 
32 84 76 
61 10 4 
28 19 47 
24 25 3 
75 24 56 
83 2 34 
64 45 83 
25 73 1 
1 52 3 
69 85 66 
80 8 65 
45 38 57 
56 4 78 
80 22 51 
22 51 8 
43 2 80 
70 79 82 
39 16 64 
56 4 26 
80 24 68 
25 8 27 
77 50 75 
72 36 23 
85 11 38 
39 34 5 
60 77 45 
37 11 62 
65 35 17 
51 78 53 
59 58 77 
48 27 47 
30 42 9 
35 38 83 
42 78 44 
21 27 7 
82 9 4 
73 84 33 
9 31 33 
54 57 36 
77 74 55 
34 51 31 
6 47 13 
14 3 42 
45 76 81 
11 69 66 
59 12 72 
17 4 12 
33 22 27 
25 82 42 
85 14 48 
27 20 28 
50 34 78 
25 36 10 
14 28 45 
77 85 20 
31 62 14 
27 58 24 
30 51 48 
19 80 82 
7 22 31 
77 22 29 
73 25 68 
72 35 19 
40 21 16 
20 11 12 
22 15 38 
61 46 44 
65 42 77 
33 47 10 
23 26 13 
15 78 46 
45 58 73 
73 60 41 
17 14 2 
63 38 3 
67 77 12 
24 76 47 
22 71 17 
70 32 19 
70 56 51 
18 14 2 
8 39 78 
51 54 3 
11 13 23 
40 79 77 
69 43 74 
65 46 64 
24 8 28 
29 71 56 
18 16 11 
27 42 39 
80 71 34 
14 21 33 
85 27 67 
65 29 39 
51 57 4 
68 43 18 
41 64 44 
81 51 76 
70 42 7 
30 62 1 
76 68 46 
56 17 77 
18 63 81 
14 11 65 
45 48 68 
54 71 5 
36 39 44 
72 49 38 
10 17 32 
2 54 6 
63 28 4 
68 83 51 
65 38 33 
75 60 45 
6 73 25 
19 76 8 
11 54 68 
70 57 50 
76 16 67 
33 50 46 
50 85 82 
14 62 36 
61 4 12 
1 76 39 
64 2 28 
76 52 69 
73 17 62 
73 3 59 
25 78 47 
19 17 12 
9 10 79 
80 48 33 
25 69 71 
70 45 47 
23 44 45 
41 32 2 
65 16 35 
5 82 69 
15 75 77 
63 72 18 
63 83 64 
63 51 49 
35 71 81 
20 17 15 
48 84 70 
64 74 39 
32 50 84 
64 47 67 
26 19 69 
11 41 37 
85 33 35 
49 78 28 
43 64 23 
79 46 85 
71 14 78 
21 66 62 
41 2 66 
28 52 11 
44 39 8 
83 23 42 
81 22 61 
41 74 48 
34 28 7 
59 14 42 
60 84 34 
27 23 71 
35 60 11 
70 59 12 
67 82 63 
3 26 15 
26 38 65 
26 30 33 
7 57 68 
3 15 19 
30 64 31 
25 65 28 
21 12 57 
39 17 13 
81 85 80 
31 57 56 
78 20 25 
11 1 12 
13 25 32 
11 24 64 
21 7 3 
84 32 57 
28 48 53 
46 47 7 
76 75 79 
17 25 39 
8 37 24 
6 26 12 
17 3 4 
33 28 14 
81 42 84 
85 50 17 
48 67 60 
39 10 11 
73 38 67 
75 1 7 
50 62 14 
69 72 68 
56 21 8 
11 15 45 
46 9 6 
7 48 16 
78 36 74 
7 80 17 
28 48 85 
12 20 64 
8 6 60 
63 49 62 
76 69 40 
58 38 9 
62 14 2 
37 33 62 
83 20 5 
53 60 40 
61 40 13 
68 43 22 
18 47 23 
1 4 3 
68 74 38 
85 42 28 
83 22 84 
34 78 72 
81 66 84 
32 81 56 
18 44 10 
22 15 27 
44 41 46 
26 82 42 
42 50 47 
63 49 17 
64 15 4 
34 35 72 
39 20 16 
51 27 74 
78 36 34 
28 51 52 
7 52 61 
39 16 71 
63 8 47 
30 47 70 
36 18 69 
77 84 53 
32 6 67 
86 30 37 
81 72 66 
26 52 58 
33 26 81 
32 54 22 
3 14 41 
13 68 16 
12 32 33 
4 68 80 
29 85 72 
65 62 56 
24 15 1 
75 58 55 
30 41 63 
52 59 56 
7 62 23 
48 51 36 
16 69 56 
41 17 64 
69 8 74 
33 35 38 
45 7 35 
46 11 16 
57 62 71 
18 23 31 
42 12 50 
67 77 8 
55 14 46 
43 60 22 
80 59 53 
15 18 83 
64 21 5 
65 47 36 
1 24 74 
24 51 39 
31 28 13 
20 26 15 
75 34 4 
61 66 51 
84 46 9 
77 80 55 
11 47 72 
66 17 7 
24 28 74 
21 9 81 
37 12 82 
75 52 23 
54 32 57 
13 9 27 
52 51 37 
2 81 26 
4 57 34 
78 16 39 
85 42 52 
49 52 61 
10 12 24 
25 58 27 
51 66 33 
72 18 26 
66 37 77 
42 66 6 
65 75 37 
20 74 66 
45 38 26 
5 57 60 
71 67 45 
11 44 48 
31 71 20 
7 29 34 
44 1 76 
6 26 7 
42 74 70 
4 86 21 
41 40 51 
43 50 4 
68 35 66 
21 65 81 
80 47 71 
5 44 56 
46 22 5 
27 54 25 
84 6 37 
14 27 84 
4 47 35 
63 16 82 
17 62 5 
14 61 63 
36 51 49 
49 2 69 
81 61 40 
43 16 81 
14 30 1 
22 55 30 
51 67 1 
23 1 82 
45 77 30 
17 57 51 
40 4 41 
1 7 2 
65 41 36 
10 34 45 
33 48 75 
64 12 15 
73 83 70 
31 21 6 
41 71 30 
68 16 30 
26 28 25 
11 14 62 
11 83 58 
24 64 37 
14 23 69 
43 78 2 
79 20 49 
73 7 60 
28 5 29 
43 71 55 
44 51 46 
14 62 21 
80 10 57 
27 74 36 
48 7 69 
49 10 60 
21 65 2 
23 83 57 
82 79 56 
41 67 36 
56 42 40 
40 22 2 
80 62 12 
10 54 22 
36 42 85 
74 45 73 
35 77 39 
1 23 64 
66 23 1 
17 13 44 
59 30 32 
72 1 16 
76 1 73 
82 11 15 
81 69 14 
49 23 32 
20 47 21 
56 44 35 
65 31 59 
50 37 3 
21 49 86 
49 8 54 
69 31 82 
78 65 85 
23 21 17 
19 71 15 
17 3 76 
74 83 59 
5 13 53 
7 85 4 
71 9 65 
40 43 21 
4 64 44 
68 61 63 
61 62 48 
39 35 76 
31 23 73 
53 84 74 
61 14 59 
45 37 12 
72 6 20 
20 7 86 
76 54 3 
72 52 36 
31 22 12 
25 48 76 
55 81 22 
84 58 20 
62 84 44 
6 57 45 
59 42 20 
66 61 77 
14 69 33 
45 18 81 
32 51 29 
47 7 62 
79 84 32 
13 52 58 
79 25 13 
2 20 39 
17 13 15 
52 48 35 
81 60 67 
10 76 5 
73 49 85 
34 62 4 
8 25 19 
82 73 52 
82 41 81 
10 47 4 
79 61 16 
47 82 54 
52 29 66 
27 57 29 
39 19 31 
80 67 44 
20 37 26 
21 10 28 
13 60 42 
70 41 56 
16 65 25 
86 40 46 
70 9 46 
70 28 7 
49 46 16 
12 7 51 
62 25 75 
53 48 49 
76 72 37 
50 35 17 
72 79 20 
20 12 58 
60 66 2 
85 19 37 
39 45 75 
46 49 65 
21 19 5 
56 74 25 
26 81 43 
49 25 62 
10 35 68 
12 58 1 
57 55 66 
2 9 40 
68 52 45 
17 29 53 
36 62 61 
80 13 64 
77 73 43 
72 31 12 
27 80 46 
40 62 80 
60 46 81 
63 83 11 
31 80 41 
53 28 60 
36 51 63 
59 33 9 
68 42 4 
37 71 46 
79 36 58 
84 38 33 
2 43 25 
42 77 33 
72 29 42 
51 78 66 
11 66 64 
77 11 31 
30 67 85 
47 44 78 
32 66 23 
60 67 46 
70 66 62 
70 18 36 
43 82 62 
19 37 11 
61 67 41 
15 41 84 
25 4 27 
82 73 68 
48 52 79 
49 57 45 
19 1 29 
37 66 15 
70 66 38 
78 74 25 
32 17 7 
32 13 5 
68 40 60 
7 57 24 
68 67 63 
50 38 82 
20 59 56 
26 63 71 
15 81 30 
41 72 69 
50 20 25 
74 33 75 
58 75 67 
13 42 4 
19 54 44 
40 9 10 
43 73 11 
2 63 6 
26 79 68 
62 77 43 
12 31 34 
52 62 50 
22 71 34 
62 78 43 
51 30 77 
25 15 4 
50 78 11 
81 41 71 
9 18 33 
15 34 75 
33 77 70 
9 57 51 
52 56 75 
55 81 15 
22 48 13 
23 10 26 
29 81 20 
82 74 79 
25 8 11 
34 15 42 
41 24 66 
26 60 61 
54 59 40 
10 85 8 
5 42 44 
47 83 33 
47 81 12 
21 73 5 
11 54 80 
37 30 77 
16 71 5 
44 46 27 
44 42 33 
58 78 24 
83 16 39 
53 47 78 
41 78 25 
42 75 68 
58 60 79 
74 54 72 
28 62 16 
82 76 70 
31 74 33 
78 6 7 
58 43 4 
85 7 51 
12 20 67 
25 42 35 
59 19 82 
28 62 53 
10 55 80 
50 8 74 
52 64 16 
34 73 4 
73 48 27 
62 9 1 
21 9 36 
55 66 26 
58 48 40 
38 81 42 
22 10 62 
67 9 25 
45 35 18 
82 62 76 
67 42 74 
48 56 61 
42 40 77 
8 48 12 
56 31 40 
67 3 19 
2 10 9 
31 21 24 
27 12 66 
11 84 82 
28 34 38 
4 66 29 
39 11 33 
1 11 25 
68 7 51 
49 56 80 
45 60 22 
26 2 28 
20 6 7 
47 50 38 
47 66 24 
40 4 60 
47 60 27 
22 9 29 
23 9 16 
18 19 22 
57 78 66 
60 29 67 
4 9 7 
16 69 31 
85 47 63 
32 73 80 
28 29 26 
44 64 19 
63 43 82 
70 21 37 
58 52 41 
18 83 63 
34 27 46 
4 36 5 
32 47 9 
53 59 3 
75 43 28 
30 48 15 
55 83 24 
15 77 64 
70 75 74 
65 45 14 
15 7 2 
39 22 33 
15 12 63 
57 14 3 
76 80 78 
71 78 15 
45 30 33 
41 24 54 
28 26 60 
74 84 39 
44 51 70 
66 7 9 
77 15 29 
5 19 50 
64 72 73 
69 42 75 
49 3 78 
80 51 48 
75 61 36 
38 72 76 
42 62 65 
71 43 79 
8 74 68 
61 57 27 
46 84 71 
55 45 18 
13 75 62 
9 61 75 
24 71 45 
81 35 80 
65 54 59 
57 9 71 
10 47 83 
19 45 79 
69 6 78 
10 7 26 
13 42 37 
13 6 48 
80 44 49 
3 39 75 
10 73 20 
32 81 50 
84 59 35 
75 29 58 
6 86 5 
40 57 38 
9 47 58 
61 73 82 
61 38 53 
11 28 12 
24 5 42 
65 55 8 
3 73 42 
61 71 4 
49 26 44 
70 85 1 
34 8 35 
14 51 29 
