1000
100000
26 20 5 
36 51 73 
3 21 7 
3 81 45 
9 32 47 
63 75 2 
47 32 66 
6 41 8 
73 3 59 
82 19 80 
40 30 74 
86 4 21 
54 59 65 
66 72 81 
19 48 41 
47 4 35 
1 85 70 
52 16 64 
2 62 14 
44 49 26 
32 79 84 
78 9 32 
63 30 41 
14 17 2 
23 13 38 
42 38 81 
43 2 78 
47 20 21 
14 11 62 
27 33 22 
10 32 17 
42 26 82 
64 45 83 
58 32 78 
19 32 70 
34 78 72 
78 8 19 
51 57 4 
12 33 85 
54 42 7 
79 9 50 
47 62 7 
16 49 70 
16 22 18 
33 74 34 
34 40 14 
11 37 41 
80 67 44 
6 74 78 
73 23 55 
83 41 16 
12 27 28 
17 27 43 
59 19 82 
65 17 35 
65 16 35 
3 51 54 
4 10 61 
59 30 32 
75 39 45 
35 84 59 
70 24 31 
25 11 8 
54 45 43 
63 67 68 
52 73 82 
71 43 70 
79 13 25 
55 66 22 
67 43 83 
43 16 32 
73 68 25 
47 25 78 
65 26 38 
82 68 73 
15 20 26 
9 30 54 
25 6 73 
4 33 35 
66 77 37 
69 41 72 
58 81 18 
14 72 69 
68 59 6 
34 57 4 
3 32 8 
22 32 54 
29 17 53 
61 62 48 
31 19 39 
16 2 30 
47 6 13 
72 19 35 
45 22 60 
4 34 75 
77 75 50 
86 14 15 
68 7 57 
80 85 81 
19 22 18 
29 32 51 
7 17 66 
67 19 3 
58 38 9 
45 47 70 
5 6 42 
3 37 50 
25 19 8 
59 72 12 
7 25 46 
82 70 23 
22 61 81 
5 71 54 
49 69 17 
80 13 64 
61 59 14 
4 12 61 
33 46 50 
18 9 33 
68 29 39 
82 69 31 
12 33 32 
7 32 17 
65 25 28 
59 19 35 
8 10 85 
44 41 64 
2 40 22 
6 7 26 
60 46 67 
70 7 42 
7 51 85 
44 11 48 
80 8 47 
5 62 17 
30 15 81 
70 36 18 
43 66 54 
82 79 56 
54 47 82 
26 33 30 
15 22 27 
26 32 37 
37 40 75 
70 84 48 
21 65 2 
35 52 48 
51 24 39 
75 15 34 
11 73 34 
65 77 54 
22 7 31 
17 7 80 
32 81 56 
41 76 25 
34 12 31 
3 1 4 
51 17 57 
36 33 32 
70 28 6 
17 74 45 
83 20 5 
58 52 53 
54 26 22 
23 82 1 
41 80 31 
85 48 14 
67 8 77 
11 18 16 
58 41 52 
59 35 22 
61 7 52 
39 44 8 
41 24 62 
70 75 74 
5 8 85 
67 7 75 
47 23 18 
71 25 69 
8 73 74 
55 26 66 
68 48 45 
61 53 55 
38 52 42 
66 2 15 
17 13 44 
24 5 65 
65 19 55 
11 83 58 
48 41 74 
18 83 63 
56 35 44 
34 22 71 
6 7 78 
63 14 61 
82 5 69 
26 60 61 
70 60 23 
19 37 85 
42 5 44 
56 78 4 
27 12 66 
86 20 7 
76 24 47 
21 14 66 
53 62 34 
46 27 44 
37 62 11 
58 43 4 
71 14 78 
19 44 54 
13 24 55 
50 20 25 
28 21 10 
16 30 68 
8 55 65 
22 15 71 
49 52 61 
4 67 8 
58 83 67 
14 69 81 
36 41 65 
15 22 16 
62 13 75 
11 47 72 
12 24 10 
33 39 22 
82 70 79 
16 31 18 
86 10 6 
53 49 48 
42 25 82 
63 47 8 
80 73 32 
53 17 55 
20 58 12 
34 5 48 
70 21 37 
50 12 42 
73 58 45 
54 10 22 
73 72 64 
70 42 74 
9 33 59 
84 37 6 
8 21 13 
31 30 64 
51 12 7 
4 13 42 
26 45 38 
41 78 25 
74 73 45 
11 66 64 
15 18 83 
15 29 77 
81 40 61 
26 3 5 
72 26 18 
22 81 55 
70 46 9 
76 84 32 
31 57 56 
4 28 63 
42 33 77 
80 56 49 
53 84 74 
57 59 13 
61 48 56 
46 5 22 
67 58 75 
81 70 24 
67 74 42 
3 42 73 
16 64 39 
61 13 40 
44 51 70 
9 57 36 
51 29 26 
48 67 60 
36 74 78 
76 73 1 
37 20 26 
47 45 27 
47 41 74 
32 66 23 
40 79 77 
14 62 31 
23 14 58 
6 2 63 
54 37 11 
65 29 39 
60 58 79 
56 78 14 
15 78 71 
83 39 16 
5 71 80 
81 35 71 
75 15 33 
7 57 24 
38 53 61 
3 14 57 
8 22 19 
80 53 59 
51 57 9 
79 3 12 
22 60 43 
1 15 51 
54 40 59 
49 78 3 
16 65 25 
14 2 18 
15 1 34 
36 21 9 
54 52 72 
80 68 24 
48 52 13 
70 56 51 
53 78 51 
32 67 6 
15 40 37 
34 35 72 
13 68 16 
80 48 33 
28 24 8 
33 45 30 
73 85 49 
74 39 84 
17 49 63 
55 66 57 
28 60 26 
41 67 61 
12 45 37 
84 9 46 
45 57 49 
1 62 9 
70 15 72 
11 20 12 
27 46 80 
62 78 43 
73 48 27 
33 44 42 
80 65 8 
78 74 25 
36 48 51 
56 36 12 
85 50 82 
70 47 30 
34 4 62 
16 5 71 
63 36 51 
60 57 5 
72 23 36 
11 18 43 
10 44 70 
83 42 23 
17 50 85 
81 71 41 
50 38 82 
49 62 25 
11 39 10 
18 20 24 
24 66 41 
27 62 15 
42 66 6 
4 24 5 
78 85 8 
7 48 23 
9 2 10 
8 22 51 
68 62 17 
7 2 15 
42 75 68 
46 15 78 
47 10 33 
26 2 81 
49 6 55 
44 42 78 
43 28 27 
12 15 85 
58 84 20 
40 21 43 
25 35 42 
56 85 59 
39 77 35 
9 40 2 
11 12 28 
73 17 62 
54 57 32 
7 84 68 
62 43 77 
75 58 29 
25 33 28 
49 10 60 
13 11 23 
63 85 77 
20 42 59 
51 28 52 
79 9 10 
24 58 27 
84 81 66 
28 64 2 
80 10 55 
65 30 21 
3 38 63 
24 1 22 
82 79 74 
63 85 47 
61 54 75 
78 20 25 
72 49 38 
6 41 65 
68 51 7 
37 75 65 
80 4 68 
50 57 58 
8 76 19 
77 43 73 
10 26 59 
65 62 56 
51 30 48 
57 25 72 
11 52 28 
12 81 47 
33 38 84 
72 29 27 
10 50 21 
42 75 69 
13 5 53 
73 67 38 
1 24 74 
31 85 82 
21 25 74 
76 54 3 
7 28 34 
17 81 21 
57 71 9 
56 26 45 
71 45 67 
46 15 24 
32 23 49 
83 9 38 
83 2 34 
34 28 45 
56 5 44 
55 24 83 
25 78 62 
22 55 30 
5 24 42 
12 3 41 
14 45 65 
76 72 37 
51 14 29 
12 59 70 
51 41 40 
36 67 41 
58 11 78 
72 29 85 
2 69 49 
11 16 46 
79 45 19 
17 35 50 
34 28 38 
82 77 20 
47 10 4 
53 47 78 
33 19 57 
30 71 41 
80 12 62 
12 4 17 
1 76 44 
54 12 46 
75 28 43 
48 69 7 
2 26 28 
20 39 16 
45 57 6 
3 76 17 
51 3 11 
52 42 85 
68 40 60 
16 66 70 
29 67 66 
47 66 24 
16 23 9 
28 42 85 
66 78 64 
37 30 77 
62 75 5 
8 2 23 
18 55 45 
70 83 73 
63 82 43 
37 28 81 
74 54 72 
66 57 78 
37 66 15 
47 67 64 
52 62 50 
85 38 11 
20 55 52 
76 69 40 
57 72 26 
51 83 68 
66 62 70 
4 15 64 
18 44 10 
28 14 45 
81 45 76 
76 62 36 
38 47 50 
71 46 84 
36 27 74 
12 21 57 
68 66 72 
44 84 62 
62 76 82 
28 60 53 
57 23 83 
38 57 45 
36 44 39 
80 55 36 
4 26 56 
79 85 46 
47 27 48 
37 12 39 
4 25 27 
13 17 15 
15 20 17 
18 72 63 
56 59 20 
17 35 75 
5 67 23 
25 15 4 
25 11 1 
4 43 50 
59 83 74 
60 45 75 
61 43 22 
34 74 19 
25 27 54 
65 1 84 
46 41 44 
34 71 80 
28 31 13 
29 81 20 
9 13 27 
81 35 80 
75 30 16 
65 23 47 
4 7 47 
65 59 31 
54 28 1 
68 61 63 
6 12 26 
80 11 54 
66 58 70 
66 69 11 
16 62 28 
47 10 83 
2 25 43 
76 72 38 
13 60 42 
36 67 81 
43 80 2 
21 17 23 
72 42 29 
10 73 20 
78 36 34 
28 33 14 
17 39 13 
32 39 63 
66 85 69 
18 45 35 
67 27 85 
36 4 5 
12 30 65 
10 35 68 
12 1 58 
22 48 13 
11 19 37 
75 32 4 
30 20 45 
44 23 45 
66 83 61 
63 82 67 
40 60 53 
38 80 77 
42 14 3 
25 74 56 
33 81 26 
37 82 12 
3 24 25 
77 75 15 
61 79 16 
11 39 33 
67 13 17 
15 48 30 
72 6 20 
67 30 85 
63 57 75 
7 3 12 
72 52 36 
15 82 11 
85 26 43 
56 31 40 
63 22 69 
8 14 5 
26 11 13 
23 7 62 
65 42 62 
2 32 41 
80 4 50 
23 64 43 
47 78 44 
77 21 26 
84 53 77 
36 18 69 
20 71 31 
19 40 3 
41 64 17 
9 82 4 
52 66 29 
50 8 74 
82 61 73 
25 64 6 
28 78 49 
5 76 10 
14 55 46 
56 71 29 
70 57 50 
68 26 79 
64 12 20 
21 81 9 
65 44 56 
66 70 46 
3 14 41 
40 42 56 
19 5 21 
45 24 71 
42 34 15 
26 15 3 
85 42 36 
75 83 29 
85 48 28 
9 67 25 
29 80 13 
15 16 11 
23 52 75 
34 4 73 
84 11 82 
23 71 27 
14 53 13 
72 25 2 
24 21 31 
28 59 49 
78 85 65 
84 83 22 
69 21 84 
81 76 51 
13 85 66 
75 24 44 
39 74 64 
45 17 82 
35 45 7 
36 58 79 
78 21 2 
61 45 40 
43 10 45 
5 6 86 
80 49 44 
69 74 8 
75 56 24 
18 31 23 
27 21 7 
55 52 64 
43 81 16 
17 65 70 
76 80 28 
1 30 14 
61 60 3 
9 17 1 
43 79 71 
50 42 47 
15 6 58 
1 74 78 
64 12 15 
39 76 1 
39 52 49 
45 77 60 
3 72 67 
46 49 16 
8 22 35 
55 58 75 
56 17 77 
32 50 84 
15 45 11 
19 69 26 
33 69 14 
39 53 32 
61 77 66 
6 7 37 
71 63 26 
28 26 25 
70 25 17 
63 15 12 
68 74 38 
68 85 50 
8 77 32 
16 69 31 
52 69 76 
53 28 48 
29 51 75 
22 33 83 
40 38 57 
61 27 57 
41 66 2 
18 65 21 
85 20 38 
35 71 39 
56 17 38 
34 25 64 
34 41 86 
1 16 72 
64 1 23 
50 34 78 
25 73 1 
17 52 51 
19 5 50 
63 62 49 
21 40 16 
8 12 86 
21 14 33 
52 56 75 
36 14 62 
14 69 23 
81 60 46 
40 77 42 
48 6 13 
4 66 29 
46 34 27 
81 80 74 
22 51 80 
65 46 64 
9 47 58 
47 83 33 
80 47 71 
21 14 62 
48 8 12 
35 38 33 
1 19 29 
35 23 74 
77 55 80 
37 8 24 
42 30 9 
10 19 64 
71 4 61 
6 46 9 
51 36 49 
75 5 27 
64 77 15 
31 73 23 
21 72 55 
15 59 79 
26 29 28 
55 43 71 
68 66 35 
41 56 70 
73 33 84 
66 20 74 
9 75 61 
34 45 10 
22 12 31 
4 3 17 
64 66 4 
32 57 84 
81 60 67 
54 29 13 
80 10 57 
33 52 65 
11 83 63 
61 75 62 
72 31 12 
70 28 7 
47 60 27 
47 28 19 
61 75 36 
76 68 46 
63 37 22 
7 78 43 
22 43 68 
69 78 6 
31 11 77 
20 79 72 
7 9 66 
44 64 19 
53 21 49 
62 75 25 
19 15 71 
58 13 52 
46 37 71 
31 33 9 
29 67 60 
39 16 78 
21 56 8 
38 27 39 
61 44 46 
3 59 53 
27 25 58 
46 49 65 
76 75 79 
18 13 58 
40 73 16 
1 81 55 
23 67 18 
23 66 1 
27 8 32 
35 8 34 
76 25 48 
77 85 20 
1 62 30 
60 15 64 
63 82 16 
37 62 33 
28 27 20 
38 48 30 
65 38 33 
36 10 25 
25 13 32 
13 23 26 
36 9 64 
55 15 81 
8 74 68 
5 39 34 
68 18 43 
13 37 42 
35 27 6 
57 38 72 
28 29 5 
29 77 22 
15 19 3 
68 42 4 
27 25 8 
8 49 54 
11 78 50 
28 24 74 
11 65 14 
53 28 62 
73 60 7 
41 60 73 
26 7 10 
79 32 14 
15 18 24 
14 27 84 
71 57 62 
75 39 3 
45 52 68 
21 18 68 
81 65 21 
39 71 16 
1 65 24 
51 74 27 
10 23 26 
62 43 82 
40 48 58 
44 4 64 
68 40 72 
80 62 40 
10 9 40 
7 46 47 
59 30 29 
41 4 40 
44 55 10 
61 51 66 
11 54 68 
21 5 73 
36 14 76 
63 51 49 
4 9 7 
12 77 42 
34 84 60 
11 20 2 
33 35 85 
38 34 53 
23 81 52 
11 1 12 
14 62 50 
78 80 76 
62 70 73 
15 20 12 
40 69 19 
54 57 36 
17 12 19 
3 59 50 
25 16 32 
27 57 29 
24 78 58 
45 81 18 
78 46 73 
26 81 43 
24 15 1 
22 71 17 
39 8 78 
62 21 66 
35 11 60 
22 62 10 
59 42 14 
39 6 60 
30 77 51 
2 66 60 
51 66 33 
42 27 39 
1 50 79 
4 34 46 
2 6 54 
37 52 51 
50 44 3 
38 13 76 
46 32 62 
32 38 51 
22 38 15 
86 27 14 
27 2 33 
42 77 65 
51 78 66 
8 6 60 
39 76 35 
15 38 26 
64 21 5 
25 17 39 
86 49 21 
74 33 75 
20 49 79 
41 33 45 
55 74 77 
79 48 52 
12 20 67 
7 6 20 
43 80 41 
75 7 1 
14 13 21 
51 22 31 
37 24 64 
57 11 5 
73 43 11 
58 52 26 
84 3 7 
5 32 13 
31 74 33 
51 46 44 
8 59 45 
12 77 67 
33 48 75 
54 46 66 
84 41 15 
48 7 16 
50 32 81 
1 67 51 
69 72 68 
61 72 65 
61 36 62 
82 81 41 
42 81 84 
18 63 81 
22 60 68 
70 77 33 
82 76 70 
70 45 17 
20 39 2 
4 7 85 
64 83 63 
34 29 7 
24 11 64 
29 22 9 
56 16 69 
31 34 51 
66 38 70 
55 16 12 
9 65 71 
11 48 29 
8 83 72 
58 77 59 
6 31 21 
40 60 4 
70 64 6 
56 52 59 
83 38 35 
86 46 40 
76 16 67 
3 1 52 
65 47 36 
56 39 57 
64 6 19 
80 51 48 
24 41 54 
45 77 30 
26 82 61 
1 7 2 
69 43 74 
52 1 71 
86 37 30 
