1000
100000
51 70 44 
58 4 43 
18 43 11 
25 27 4 
85 15 12 
56 36 12 
53 14 13 
53 77 84 
32 51 38 
43 17 27 
12 80 62 
30 16 75 
43 16 32 
62 61 36 
57 54 36 
60 22 43 
8 24 28 
9 42 30 
28 49 78 
47 30 70 
60 41 73 
13 15 17 
14 50 62 
78 15 71 
2 22 40 
27 85 67 
36 48 51 
22 10 54 
73 82 61 
16 63 82 
64 16 52 
66 70 46 
20 12 15 
71 15 19 
2 11 20 
41 82 81 
66 29 52 
52 48 35 
8 21 56 
70 81 24 
58 47 9 
59 6 68 
66 55 22 
10 80 57 
74 48 41 
66 51 61 
75 76 79 
20 64 12 
73 52 82 
60 40 68 
9 84 46 
22 10 62 
21 78 2 
74 70 42 
44 46 41 
41 33 45 
62 46 32 
7 34 28 
22 1 24 
25 72 2 
85 33 12 
52 68 45 
32 79 14 
81 50 32 
11 3 51 
78 46 15 
66 6 42 
77 43 62 
72 12 59 
17 66 7 
19 54 44 
84 76 32 
29 22 9 
8 22 19 
78 43 62 
30 33 26 
16 70 49 
13 61 40 
77 55 80 
43 2 25 
57 32 84 
38 26 15 
24 80 68 
32 8 27 
73 25 6 
13 17 39 
21 40 43 
42 40 56 
58 6 15 
12 26 6 
58 18 13 
49 63 51 
33 57 19 
33 22 83 
33 83 47 
71 54 5 
81 12 47 
60 10 49 
28 54 1 
38 83 9 
40 59 54 
36 23 72 
19 25 8 
54 65 59 
13 11 23 
51 63 36 
77 55 74 
1 2 7 
36 79 58 
21 62 14 
60 45 22 
29 28 5 
64 23 43 
47 65 36 
45 68 48 
71 56 29 
6 37 7 
9 71 65 
6 69 78 
4 57 34 
72 18 63 
51 24 39 
56 20 59 
74 17 45 
11 28 52 
16 39 64 
3 25 24 
80 74 81 
30 59 29 
28 74 24 
2 49 69 
38 85 11 
27 62 15 
14 27 86 
53 5 13 
71 31 20 
74 41 47 
20 12 11 
2 54 6 
40 41 4 
28 51 52 
60 58 79 
6 65 41 
85 10 8 
1 64 23 
67 46 60 
37 20 26 
27 54 25 
71 9 57 
56 59 52 
60 68 22 
4 56 78 
38 23 13 
7 46 25 
51 4 57 
38 57 45 
72 66 81 
15 70 72 
11 82 84 
42 54 7 
4 64 15 
35 17 65 
82 42 26 
38 61 53 
79 26 68 
9 47 32 
31 33 9 
26 55 66 
39 78 8 
43 10 45 
78 58 11 
60 81 67 
14 42 3 
67 8 4 
50 17 85 
70 17 25 
78 72 34 
81 26 2 
51 81 76 
27 14 84 
5 24 4 
45 26 56 
24 64 11 
61 12 4 
71 22 17 
29 27 57 
3 41 12 
25 49 62 
45 35 7 
1 51 15 
86 5 6 
64 73 72 
72 69 41 
61 63 14 
27 46 44 
74 39 64 
43 68 22 
50 59 3 
5 67 23 
77 42 65 
47 27 45 
58 20 12 
6 78 7 
23 27 71 
20 6 72 
10 18 44 
4 40 60 
25 75 62 
85 80 81 
48 27 73 
55 73 23 
66 64 4 
26 54 22 
77 64 15 
5 4 36 
69 31 16 
36 78 34 
37 11 41 
78 80 76 
26 65 38 
81 43 26 
29 51 32 
54 3 76 
21 10 28 
78 24 58 
85 20 77 
3 67 19 
71 80 47 
11 62 14 
31 16 18 
32 8 3 
75 70 74 
67 66 29 
12 11 1 
35 72 34 
67 60 48 
9 79 50 
19 12 17 
81 55 22 
6 64 25 
35 22 59 
36 75 61 
44 61 46 
61 66 83 
52 7 61 
1 24 15 
49 72 38 
23 66 1 
71 81 35 
47 42 50 
69 11 66 
22 63 69 
11 16 18 
84 69 21 
78 66 51 
49 63 17 
13 26 11 
8 2 23 
78 74 1 
28 53 60 
13 48 52 
17 1 9 
43 63 82 
66 38 70 
60 61 26 
61 79 16 
19 6 64 
20 78 25 
35 75 17 
44 50 3 
34 14 40 
66 35 68 
60 13 42 
17 4 3 
71 39 16 
78 11 50 
80 2 43 
63 4 28 
77 80 38 
8 27 25 
45 75 39 
77 56 17 
51 41 40 
40 61 45 
86 12 8 
71 46 37 
38 65 33 
76 38 13 
25 26 28 
5 64 21 
42 50 12 
8 50 74 
44 39 36 
30 1 14 
66 85 69 
16 62 28 
34 35 8 
23 18 47 
18 83 15 
26 28 29 
72 65 61 
58 23 14 
25 27 58 
3 75 39 
20 7 6 
21 20 47 
48 47 27 
62 52 50 
31 51 34 
22 30 55 
50 1 79 
64 4 44 
32 8 77 
66 37 15 
45 73 74 
31 51 22 
13 26 23 
86 21 4 
35 83 38 
67 85 30 
25 67 9 
10 2 9 
70 1 85 
20 79 49 
45 70 17 
17 23 21 
1 44 76 
29 68 39 
59 12 70 
53 59 3 
37 32 26 
7 23 48 
7 17 32 
33 74 75 
76 17 3 
46 73 78 
34 4 75 
10 11 39 
56 75 52 
32 25 16 
41 34 86 
72 40 68 
55 80 10 
3 73 59 
4 82 9 
66 60 2 
39 27 38 
15 24 18 
83 75 29 
7 73 60 
45 20 30 
71 34 80 
45 11 15 
52 79 48 
29 65 39 
3 7 12 
73 34 11 
12 51 7 
49 53 48 
65 30 12 
9 7 4 
2 14 17 
4 50 43 
60 53 40 
67 13 17 
6 21 31 
48 61 56 
49 28 59 
41 43 80 
15 30 48 
60 75 45 
71 5 16 
16 46 11 
25 34 64 
13 22 48 
16 21 40 
55 10 44 
37 13 42 
79 56 82 
12 22 31 
36 70 18 
51 85 7 
82 69 5 
3 49 78 
35 33 85 
55 72 21 
74 66 20 
50 84 32 
40 48 58 
3 67 72 
59 31 65 
25 72 57 
30 37 86 
40 37 75 
42 29 72 
83 59 74 
65 2 21 
22 80 51 
45 34 28 
11 37 19 
73 25 1 
19 74 34 
51 7 68 
41 25 78 
52 49 61 
82 54 47 
37 51 52 
21 13 14 
77 40 42 
15 22 71 
80 41 31 
24 41 66 
17 62 5 
29 13 54 
39 33 11 
30 40 74 
14 85 48 
21 70 37 
23 18 67 
39 42 27 
48 8 12 
65 81 21 
5 8 14 
54 80 11 
11 1 25 
64 66 78 
55 49 6 
71 22 34 
9 21 81 
34 4 62 
75 67 58 
26 45 38 
73 11 43 
9 27 13 
67 45 71 
37 66 77 
32 79 84 
78 43 7 
77 45 60 
73 3 42 
46 12 54 
38 42 52 
43 18 68 
43 71 79 
34 46 27 
82 45 17 
84 22 83 
18 35 45 
11 77 31 
22 27 15 
69 14 81 
15 26 20 
47 53 78 
16 56 69 
38 73 67 
9 54 30 
64 17 41 
72 68 66 
78 47 25 
73 80 32 
72 57 26 
70 62 73 
35 25 42 
55 14 46 
41 36 65 
78 71 14 
62 53 34 
20 27 28 
82 50 38 
4 66 29 
36 74 78 
83 51 68 
33 75 15 
25 50 20 
21 10 50 
41 84 15 
66 23 32 
25 21 74 
38 33 35 
35 39 71 
12 45 37 
9 62 1 
62 84 44 
62 68 17 
5 56 44 
76 36 14 
20 52 55 
1 82 23 
17 50 35 
9 57 36 
14 33 28 
1 62 30 
76 39 1 
83 58 67 
16 23 9 
47 85 63 
44 49 80 
5 34 39 
69 19 40 
73 5 21 
62 80 40 
16 20 39 
62 28 53 
81 42 38 
70 7 28 
37 8 24 
32 54 57 
67 41 36 
82 26 61 
63 22 37 
32 13 25 
65 17 70 
20 82 77 
50 85 68 
5 75 27 
79 82 70 
31 12 34 
12 37 82 
16 49 46 
32 30 59 
45 10 34 
43 61 22 
9 59 33 
48 85 28 
28 60 26 
39 17 25 
52 36 72 
62 65 56 
12 24 10 
47 72 11 
58 57 50 
42 85 36 
14 2 62 
15 2 7 
22 61 81 
32 9 78 
64 44 19 
48 11 44 
63 81 18 
56 85 59 
44 75 24 
58 13 52 
7 62 23 
78 66 57 
72 76 38 
69 71 25 
83 18 63 
75 42 69 
86 15 14 
40 2 9 
44 47 78 
19 65 55 
66 54 43 
28 27 12 
11 25 8 
49 73 85 
42 4 68 
2 66 15 
29 51 26 
8 80 65 
60 61 3 
75 77 15 
74 69 43 
48 75 33 
62 61 75 
26 77 21 
54 51 3 
30 63 41 
20 26 5 
11 35 60 
58 70 66 
28 2 64 
5 42 24 
48 70 84 
19 78 8 
40 10 9 
8 39 44 
34 42 15 
58 52 53 
40 38 57 
19 69 26 
5 3 26 
1 72 16 
68 16 13 
81 26 33 
64 60 15 
81 3 45 
20 84 58 
67 76 16 
61 68 63 
38 15 22 
30 45 77 
74 82 79 
57 39 56 
78 58 32 
13 6 47 
39 31 19 
19 41 48 
59 15 79 
75 42 68 
9 36 64 
84 74 53 
81 40 61 
44 23 45 
27 47 60 
47 38 50 
58 1 12 
28 47 19 
62 73 17 
1 76 73 
48 5 34 
55 16 12 
85 5 8 
55 57 66 
76 28 80 
54 52 72 
69 17 49 
48 7 16 
33 10 47 
20 24 18 
64 6 70 
46 76 68 
45 65 14 
34 53 38 
60 5 57 
85 82 50 
4 47 10 
10 7 26 
8 35 22 
69 48 7 
2 16 30 
21 5 19 
21 66 14 
27 2 33 
69 40 76 
38 57 72 
45 33 30 
35 4 47 
72 14 69 
19 59 82 
80 82 19 
8 69 74 
15 77 29 
7 68 57 
78 25 62 
48 28 53 
16 11 15 
29 14 51 
26 59 10 
54 72 74 
29 34 7 
18 72 26 
39 2 20 
78 25 74 
46 65 49 
63 6 2 
51 46 44 
41 81 71 
66 47 32 
11 5 57 
28 26 2 
48 11 29 
45 14 28 
19 59 35 
2 63 75 
33 31 74 
81 55 1 
2 14 18 
80 8 47 
61 75 54 
24 41 62 
24 15 46 
31 12 72 
77 33 42 
42 7 70 
49 21 53 
35 19 72 
85 78 8 
12 15 63 
76 47 24 
24 37 64 
66 24 47 
23 31 73 
8 54 49 
82 63 67 
11 14 65 
69 76 52 
44 33 42 
74 36 27 
51 57 9 
76 5 10 
24 27 58 
18 58 81 
67 32 6 
43 26 85 
7 47 62 
24 75 56 
16 83 39 
31 13 28 
59 14 61 
52 55 64 
1 65 84 
83 11 63 
33 84 38 
71 45 24 
42 85 52 
43 2 78 
32 12 33 
12 66 27 
84 71 46 
5 13 32 
65 21 18 
74 8 73 
18 36 69 
28 33 25 
46 70 9 
44 5 42 
15 25 4 
57 50 70 
49 21 86 
12 11 28 
82 42 25 
30 37 77 
44 17 13 
29 75 58 
45 57 6 
18 45 81 
85 82 31 
51 36 73 
80 17 7 
34 83 2 
83 64 45 
48 61 62 
31 69 82 
44 65 56 
23 83 42 
14 62 31 
44 56 35 
72 69 68 
55 80 36 
19 85 37 
33 65 52 
46 79 85 
7 66 9 
81 56 32 
67 68 63 
6 42 5 
30 51 77 
23 65 47 
4 35 33 
23 26 10 
71 62 57 
84 81 66 
12 67 20 
23 70 82 
17 12 4 
74 8 68 
52 3 1 
42 67 74 
31 7 22 
34 75 15 
13 80 64 
20 5 83 
6 46 9 
23 14 69 
22 54 32 
62 70 66 
32 70 19 
59 35 84 
32 10 17 
45 54 43 
45 8 59 
71 4 61 
83 57 23 
81 15 55 
59 53 80 
50 77 75 
1 52 71 
18 21 68 
55 65 8 
2 41 32 
43 67 83 
52 17 51 
79 77 40 
33 70 77 
78 50 34 
84 68 7 
70 6 28 
3 19 40 
45 79 19 
33 21 14 
6 39 60 
47 83 10 
16 83 41 
35 39 77 
85 63 77 
57 27 61 
63 38 3 
3 7 84 
27 33 22 
49 63 62 
67 36 81 
46 60 81 
67 61 41 
51 29 75 
7 57 24 
67 60 29 
4 7 85 
32 53 39 
20 59 42 
52 23 75 
8 6 41 
46 86 40 
22 77 29 
48 13 6 
38 56 17 
6 84 37 
8 51 22 
61 75 9 
20 29 81 
11 82 15 
46 33 50 
76 8 19 
35 16 65 
65 25 16 
76 25 41 
47 64 67 
54 65 77 
66 2 41 
4 46 34 
73 40 16 
27 51 74 
19 3 15 
68 82 73 
54 68 11 
41 70 56 
66 62 21 
4 26 56 
78 53 51 
31 24 21 
44 49 26 
35 39 76 
3 7 21 
4 1 3 
60 34 84 
42 59 14 
56 80 49 
21 30 65 
70 82 76 
55 18 45 
45 70 47 
6 60 8 
20 72 79 
51 17 57 
5 75 62 
24 74 1 
51 49 36 
66 46 54 
81 30 15 
38 28 34 
31 24 70 
62 75 13 
77 66 61 
66 64 11 
31 18 23 
5 46 22 
48 38 30 
13 42 4 
62 37 33 
78 14 56 
68 80 4 
6 10 86 
25 13 79 
49 45 57 
12 64 15 
65 5 24 
35 23 74 
12 37 39 
7 47 4 
56 51 70 
17 53 55 
63 39 32 
42 28 85 
16 30 68 
66 13 85 
53 61 55 
6 35 27 
19 5 50 
34 33 74 
14 57 3 
31 56 40 
43 55 71 
29 27 72 
25 73 68 
31 56 57 
20 85 38 
73 20 10 
74 25 56 
10 79 9 
58 26 52 
83 70 73 
85 78 65 
57 59 13 
42 65 62 
9 38 58 
7 20 86 
55 24 13 
25 28 65 
85 72 29 
62 82 76 
77 43 73 
44 70 10 
58 73 45 
74 38 68 
80 81 35 
13 29 80 
60 70 23 
63 64 83 
73 4 34 
31 64 30 
84 39 74 
69 33 14 
83 58 11 
76 81 45 
10 36 25 
66 33 51 
21 13 8 
41 52 58 
43 71 70 
43 75 28 
15 17 20 
65 24 1 
67 51 1 
22 33 39 
81 17 21 
53 17 29 
16 78 39 
32 36 33 
51 48 80 
33 48 80 
37 76 72 
6 74 78 
15 22 16 
71 41 30 
75 37 65 
71 63 26 
81 28 37 
24 54 41 
77 8 67 
33 73 84 
3 50 37 
5 80 71 
1 19 29 
77 12 42 
9 18 33 
14 62 36 
19 10 64 
57 63 75 
51 30 48 
21 36 9 
7 27 21 
75 67 7 
44 80 67 
78 44 42 
1 7 75 
41 44 64 
52 49 39 
42 81 84 
7 46 47 
46 65 64 
80 46 27 
83 55 24 
82 62 43 
37 40 15 
36 76 62 
16 43 81 
50 80 4 
83 8 72 
4 75 32 
47 8 63 
76 48 25 
16 22 18 
7 26 6 
14 3 41 
21 12 57 
43 28 27 
23 52 81 
77 58 59 
15 34 1 
61 4 10 
58 55 75 
37 54 11 
68 35 10 
49 32 23 
11 62 37 
15 3 26 
19 18 22 
3 79 12 
66 70 16 
77 12 67 
