1000
100000
77 20 85 
76 72 37 
57 32 84 
18 23 47 
56 74 25 
78 66 57 
25 48 76 
46 7 47 
45 12 37 
41 56 70 
82 61 73 
51 76 81 
61 63 68 
86 34 41 
55 66 22 
76 24 47 
5 27 75 
1 23 64 
54 52 72 
51 52 17 
68 60 22 
10 45 34 
60 15 64 
24 74 28 
32 81 50 
34 31 12 
54 8 49 
43 22 61 
75 4 32 
13 44 17 
70 50 57 
5 21 64 
51 83 68 
19 26 69 
73 23 55 
66 15 2 
7 28 34 
33 27 22 
62 21 14 
28 62 53 
73 25 68 
33 11 39 
20 84 58 
15 19 71 
54 66 46 
39 83 16 
40 69 76 
40 60 4 
83 15 18 
32 33 36 
64 47 67 
62 30 1 
39 35 77 
46 22 5 
29 48 11 
30 48 38 
85 35 33 
23 16 9 
45 44 23 
37 81 28 
48 36 51 
57 4 34 
51 7 68 
86 4 21 
12 11 20 
49 17 63 
37 22 63 
15 72 70 
32 77 8 
52 79 48 
47 13 6 
43 68 18 
71 9 65 
54 22 10 
44 10 55 
38 63 3 
66 72 81 
58 75 67 
84 15 41 
9 10 79 
48 51 30 
59 14 42 
48 13 52 
21 5 73 
53 34 38 
15 38 22 
77 37 66 
23 65 47 
71 57 62 
71 15 22 
26 6 7 
2 41 66 
6 73 25 
9 51 57 
12 55 16 
26 61 82 
7 60 73 
22 39 33 
49 16 70 
86 12 8 
23 70 82 
25 78 41 
34 29 7 
14 21 13 
61 38 53 
79 20 49 
33 25 28 
64 6 25 
22 16 18 
8 73 74 
54 19 44 
9 46 84 
50 19 5 
26 5 20 
51 70 44 
34 5 39 
47 21 20 
62 46 32 
65 59 54 
65 62 56 
30 74 40 
68 79 26 
82 19 80 
76 79 75 
16 30 2 
38 39 27 
8 78 39 
54 24 41 
31 11 77 
86 15 14 
13 80 29 
40 58 48 
76 14 36 
29 65 39 
83 74 59 
72 85 29 
5 14 8 
4 5 36 
22 29 9 
17 74 45 
49 85 73 
22 19 18 
2 17 14 
23 7 48 
11 65 14 
64 31 30 
63 83 64 
3 4 1 
39 36 44 
11 82 84 
73 17 62 
3 14 42 
69 84 21 
50 3 44 
2 10 9 
80 8 65 
66 11 69 
8 68 74 
24 75 56 
49 16 46 
25 65 28 
75 16 30 
9 36 64 
38 32 51 
26 10 23 
57 38 45 
21 68 18 
77 80 55 
24 5 65 
67 85 30 
46 24 15 
56 4 78 
25 32 16 
3 59 73 
58 32 78 
22 7 31 
64 15 4 
32 80 73 
8 4 67 
8 32 27 
14 33 69 
18 63 81 
4 44 64 
42 25 35 
52 1 71 
1 17 9 
70 1 85 
67 9 25 
10 40 9 
45 77 30 
41 60 73 
4 61 71 
56 31 40 
78 36 74 
61 26 60 
42 75 69 
83 73 70 
64 44 19 
34 45 28 
20 28 27 
10 39 11 
20 71 31 
46 11 16 
11 43 18 
49 52 61 
59 15 79 
67 32 6 
85 50 17 
47 4 10 
9 21 36 
57 72 26 
80 27 46 
24 22 1 
17 19 12 
19 29 1 
46 66 70 
57 45 49 
30 45 33 
74 39 84 
86 46 40 
27 17 43 
54 11 37 
55 75 58 
59 12 72 
62 25 78 
78 85 8 
57 5 11 
33 31 9 
17 13 67 
16 83 41 
25 65 16 
82 63 67 
53 62 34 
46 60 81 
27 23 71 
80 47 8 
59 85 56 
52 58 13 
51 63 49 
51 52 37 
81 67 60 
59 56 52 
33 75 74 
68 50 85 
65 72 61 
28 45 14 
18 33 9 
33 74 34 
85 38 11 
43 78 2 
59 19 82 
36 51 49 
49 72 38 
33 65 38 
67 83 43 
30 37 86 
70 76 82 
66 6 42 
6 59 68 
43 68 22 
61 46 44 
33 48 80 
47 82 54 
78 6 69 
47 9 32 
3 37 50 
58 29 75 
78 71 15 
70 59 12 
70 66 16 
12 82 37 
1 15 51 
82 79 74 
47 9 58 
7 21 27 
26 2 28 
70 66 38 
14 32 79 
44 49 80 
6 37 84 
8 63 47 
70 6 64 
75 34 4 
34 84 60 
11 82 15 
42 44 5 
73 34 11 
34 72 78 
47 72 11 
5 60 57 
64 43 23 
13 31 28 
75 39 3 
21 31 6 
62 17 5 
43 22 60 
9 30 42 
17 32 7 
51 31 34 
21 65 81 
40 61 13 
45 43 10 
23 49 32 
5 16 71 
54 66 43 
27 12 28 
7 52 61 
61 62 48 
30 15 48 
4 66 64 
81 1 55 
41 6 8 
41 3 14 
40 61 45 
18 55 45 
14 78 56 
12 27 66 
66 85 69 
85 51 7 
82 85 31 
73 11 43 
52 75 56 
10 83 47 
77 74 55 
33 26 30 
22 2 40 
85 48 14 
53 21 49 
25 69 71 
53 32 39 
31 74 33 
6 65 41 
12 58 1 
24 65 1 
41 81 82 
24 47 66 
85 12 33 
79 12 3 
82 79 70 
35 16 65 
58 36 79 
85 8 5 
54 45 43 
1 16 72 
53 58 52 
59 54 40 
54 22 26 
2 1 7 
67 51 1 
74 8 69 
72 20 79 
67 3 19 
63 83 11 
73 48 27 
84 38 33 
27 13 9 
53 28 60 
42 33 44 
66 4 29 
57 9 36 
26 81 33 
27 85 67 
71 47 80 
53 78 47 
49 62 63 
71 5 80 
69 2 49 
80 10 57 
25 34 64 
85 43 26 
13 57 59 
46 4 34 
31 41 80 
30 12 65 
62 15 27 
62 23 7 
28 5 29 
80 62 12 
81 55 15 
51 28 52 
81 80 35 
72 12 31 
71 80 34 
56 79 82 
24 18 20 
75 23 52 
33 48 75 
37 21 70 
11 16 15 
58 78 24 
60 67 46 
26 10 7 
1 39 76 
39 63 32 
75 24 44 
18 81 45 
30 45 20 
62 7 47 
41 19 48 
8 25 27 
42 75 68 
24 4 5 
57 12 21 
15 12 63 
1 52 3 
68 72 66 
25 11 8 
37 40 75 
80 54 11 
12 42 50 
22 19 8 
75 15 34 
7 25 46 
57 9 71 
42 68 4 
42 65 77 
3 42 73 
51 3 11 
14 28 33 
30 63 41 
81 41 71 
38 72 76 
34 22 71 
13 75 62 
35 23 74 
30 22 55 
8 44 39 
3 19 15 
78 73 46 
7 3 21 
70 58 66 
42 52 85 
48 84 70 
75 28 43 
4 15 25 
42 5 6 
4 9 7 
61 75 62 
4 33 35 
27 43 28 
36 63 51 
81 80 85 
85 8 10 
77 8 67 
55 65 8 
64 6 19 
17 76 3 
24 18 15 
30 16 68 
50 47 42 
13 32 25 
50 78 11 
61 83 66 
60 26 28 
27 58 24 
67 58 83 
55 66 57 
66 67 29 
3 40 19 
54 72 74 
60 48 67 
33 22 83 
17 10 32 
60 8 6 
75 1 7 
2 43 80 
78 71 14 
59 8 45 
16 79 61 
3 7 84 
54 22 32 
62 14 11 
32 56 81 
6 45 57 
25 62 49 
41 71 30 
27 34 46 
59 30 32 
26 4 56 
21 77 26 
76 1 44 
76 73 1 
36 55 80 
4 7 47 
67 18 23 
61 57 27 
54 7 42 
47 35 4 
16 67 76 
62 34 4 
8 19 25 
16 81 43 
4 58 43 
72 73 64 
16 48 7 
72 19 35 
79 25 13 
25 78 47 
8 74 50 
46 70 9 
40 43 21 
71 63 26 
72 26 18 
13 58 18 
47 48 27 
46 64 65 
61 53 55 
45 47 27 
69 7 48 
45 68 48 
26 15 38 
85 15 12 
35 34 8 
47 44 78 
82 62 43 
15 75 77 
17 49 69 
26 15 20 
39 51 24 
25 20 78 
22 35 59 
63 61 14 
42 38 52 
41 44 46 
36 27 74 
71 45 67 
15 45 11 
59 3 53 
63 57 75 
81 61 40 
25 39 17 
48 49 53 
16 63 82 
72 6 20 
15 78 46 
28 11 52 
62 1 9 
23 2 8 
3 15 26 
42 82 26 
34 15 1 
69 18 36 
68 40 72 
21 17 81 
65 75 37 
66 23 32 
25 74 78 
86 21 49 
69 72 68 
64 83 45 
25 74 21 
54 29 13 
50 4 43 
15 58 6 
68 35 66 
54 32 57 
23 14 58 
50 85 82 
45 41 33 
79 32 84 
59 20 42 
68 67 63 
26 44 49 
73 38 67 
14 23 69 
56 5 44 
1 28 54 
80 4 50 
80 13 64 
29 30 59 
24 13 55 
68 62 17 
10 70 44 
55 71 43 
74 43 69 
50 47 38 
63 2 75 
24 37 64 
82 20 77 
64 24 11 
33 51 66 
13 53 5 
20 66 74 
25 27 54 
85 28 48 
65 31 59 
45 82 17 
62 66 21 
37 77 30 
55 83 24 
74 81 80 
76 39 35 
11 68 54 
50 17 35 
45 70 17 
7 12 51 
32 78 9 
74 84 53 
21 81 9 
20 73 10 
54 75 61 
45 18 35 
29 22 77 
45 70 47 
50 34 78 
82 62 76 
60 77 45 
28 6 70 
77 67 12 
82 43 63 
8 56 21 
27 58 25 
13 60 42 
77 66 61 
50 46 33 
36 57 54 
60 35 11 
15 13 17 
63 72 18 
41 44 64 
62 2 14 
28 63 4 
7 75 67 
60 2 66 
24 10 12 
46 65 49 
39 52 49 
2 20 11 
54 2 6 
23 13 11 
40 51 41 
73 58 45 
26 13 11 
3 60 61 
35 52 48 
1 11 25 
6 12 26 
7 20 86 
9 58 38 
52 62 50 
35 17 65 
62 25 75 
35 83 38 
51 8 22 
57 51 4 
29 52 66 
77 38 80 
13 39 17 
10 21 28 
3 14 57 
53 60 40 
64 2 28 
34 83 2 
26 58 52 
53 17 55 
16 69 56 
20 56 59 
19 33 57 
86 27 14 
59 3 50 
85 36 42 
12 4 17 
83 75 29 
31 24 70 
28 70 7 
52 58 41 
42 62 65 
12 20 15 
73 70 62 
66 17 7 
24 68 80 
77 63 85 
51 27 74 
73 40 16 
49 3 78 
7 57 68 
60 29 67 
46 27 44 
49 60 10 
42 25 82 
82 52 73 
26 81 2 
70 51 56 
20 39 2 
79 9 50 
16 40 21 
34 38 28 
44 42 78 
26 5 3 
12 58 20 
11 83 58 
29 15 77 
7 15 2 
43 70 71 
20 25 50 
84 22 83 
12 20 64 
19 28 47 
64 10 19 
50 82 38 
75 35 17 
76 80 78 
81 69 14 
41 2 32 
47 33 10 
7 6 20 
2 40 9 
47 12 81 
28 11 12 
10 68 35 
31 69 82 
10 22 62 
52 64 55 
41 72 69 
70 60 23 
49 6 55 
4 82 9 
8 19 78 
85 42 28 
22 31 51 
74 42 67 
53 29 17 
5 24 42 
60 79 58 
10 86 6 
41 36 65 
65 84 1 
51 29 32 
12 46 54 
73 4 34 
3 12 7 
62 41 24 
72 29 27 
85 37 19 
66 21 14 
36 62 61 
5 23 67 
74 42 70 
42 77 40 
62 84 44 
64 74 39 
24 41 66 
17 38 56 
42 81 38 
25 73 1 
16 18 11 
24 71 45 
2 27 33 
46 55 14 
83 20 5 
78 65 85 
1 23 66 
25 2 43 
59 35 19 
5 76 10 
69 14 72 
32 26 37 
81 35 71 
28 48 53 
66 85 13 
56 45 26 
70 75 74 
56 57 39 
19 21 5 
4 17 3 
25 17 70 
57 29 27 
22 31 12 
19 45 79 
16 39 64 
42 13 37 
18 16 31 
64 12 15 
76 46 68 
70 65 17 
23 83 57 
52 68 45 
60 45 75 
23 82 1 
24 15 1 
38 83 9 
35 8 22 
57 51 17 
45 3 81 
25 41 76 
46 37 71 
61 75 36 
27 15 22 
13 68 16 
15 77 64 
72 29 42 
62 77 43 
68 7 84 
23 18 31 
34 19 74 
30 81 15 
69 31 16 
56 42 40 
52 20 55 
39 45 75 
18 10 44 
32 84 76 
62 14 31 
53 84 77 
76 13 38 
24 74 1 
28 80 76 
51 29 14 
58 77 59 
42 39 27 
72 23 36 
8 37 24 
77 40 79 
5 32 13 
51 30 77 
39 29 68 
39 16 78 
78 6 74 
46 84 71 
32 70 19 
35 71 39 
6 48 13 
77 50 75 
42 77 33 
74 38 68 
21 2 65 
13 53 14 
34 48 5 
31 39 19 
12 56 36 
14 18 2 
35 84 59 
12 4 61 
21 65 18 
26 29 51 
32 16 43 
81 84 42 
49 56 80 
42 70 7 
13 48 22 
78 21 2 
77 73 43 
47 30 70 
11 37 41 
14 34 40 
79 46 85 
82 73 68 
19 76 8 
36 25 10 
77 70 33 
81 22 61 
27 4 25 
79 1 50 
62 75 5 
80 68 4 
56 29 71 
39 60 6 
33 38 35 
55 65 19 
66 47 32 
14 59 61 
85 38 20 
74 45 73 
81 58 18 
8 83 72 
59 10 26 
52 65 33 
61 48 56 
50 21 10 
6 27 35 
15 34 42 
45 26 38 
77 54 65 
72 35 34 
46 6 9 
84 14 27 
61 51 66 
78 6 7 
17 77 56 
26 65 38 
36 67 81 
21 33 14 
55 72 21 
69 19 40 
71 43 79 
50 62 14 
33 12 32 
13 8 21 
35 44 56 
81 76 45 
57 50 58 
44 48 11 
80 41 43 
8 3 32 
80 22 51 
17 7 80 
26 29 28 
45 14 65 
33 83 47 
26 23 13 
43 26 81 
68 40 60 
73 23 31 
37 39 12 
24 70 81 
41 12 3 
78 66 64 
73 36 51 
9 75 61 
20 81 29 
37 11 19 
4 61 10 
28 49 59 
57 7 24 
75 15 33 
23 13 38 
46 51 44 
76 36 62 
1 74 78 
80 67 44 
41 74 48 
27 60 47 
18 83 63 
20 16 39 
52 36 72 
5 86 6 
62 36 14 
42 83 23 
12 20 67 
85 7 4 
17 20 15 
29 51 75 
61 67 41 
72 25 2 
76 52 69 
62 66 70 
33 84 73 
49 28 78 
47 41 74 
7 45 35 
42 4 13 
84 50 32 
62 28 16 
51 78 53 
80 59 53 
36 78 34 
15 16 22 
64 17 41 
62 11 37 
47 85 63 
16 71 39 
41 40 4 
58 11 78 
64 16 52 
25 28 26 
54 9 30 
56 31 57 
15 37 66 
20 37 26 
12 77 42 
38 72 57 
3 72 67 
64 11 66 
5 71 54 
5 69 82 
81 23 52 
71 22 17 
43 7 78 
80 55 10 
59 33 9 
45 60 22 
25 72 57 
44 56 65 
14 1 30 
22 69 63 
8 28 24 
24 31 21 
26 66 55 
57 40 38 
11 1 12 
48 51 80 
81 84 66 
51 66 78 
25 3 24 
17 21 23 
21 65 30 
2 63 6 
81 22 55 
43 78 62 
37 6 7 
47 65 36 
33 37 62 
36 70 18 
12 48 8 
7 9 66 
76 54 3 
15 37 40 
67 41 36 
51 54 3 
40 62 80 
