200
100000
34991 23586 28762
34949 22953 32762
34847 28468 29527
34577 24139 26593
34461 21524 28103
34343 26110 27352
34318 23699 30283
34316 22919 31546
34302 28212 33402
34290 27224 30602
34282 27371 33363
34279 25893 29169
34046 26726 32850
33944 24792 32937
33814 27667 34584
33813 30226 33576
33753 25762 26036
33653 24285 28798
33620 28507 29333
33584 23592 34900
33554 29346 31342
33544 27169 34338
33426 27559 32042
33414 24003 34774
33376 26998 33944
33273 22541 32979
33270 25796 29757
33170 26181 31199
33034 22214 27612
33007 27301 27358
32957 27593 32409
32897 26494 31499
32784 28041 30166
32773 24849 33138
32528 28031 31444
32499 30529 32317
32423 29581 30808
32400 23759 24020
32356 23105 25079
32302 28338 29166
32090 23702 32637
31863 24413 29543
31850 24632 34107
31841 29307 35000
31840 25934 26361
31775 27369 34168
31773 25772 31450
31655 26805 29087
31613 25840 33272
31608 32499 33710
31587 27901 31595
31535 24867 25766
31378 28535 29350
31197 30256 32704
31194 24106 32868
31179 24887 28229
30992 29640 33043
30899 28172 31707
30780 31749 34878
30742 27159 28745
30685 33499 33526
30645 27283 33214
30641 26286 28313
30610 26669 29886
30498 34071 34540
30336 25251 34898
30327 29313 29335
30271 27594 31057
30105 27816 32790
29975 26570 33713
29957 33291 34739
29924 25911 34946
29870 28065 28414
29815 25505 32617
29777 31195 32958
29754 27618 28564
29658 29133 34956
29648 26959 29019
29553 32113 32454
29481 28580 29914
29416 32855 34999
29415 28163 29895
29410 28273 29861
29408 30180 33218
29361 28192 29995
29316 27852 31234
29002 28029 31820
28987 29290 32988
28947 27129 27199
28897 27068 34624
28801 29477 32411
28636 27673 33681
28538 33700 34996
28507 27540 33659
28435 32283 33652
28360 33779 34423
28330 30063 31381
28063 32574 32575
28007 29011 30998
27983 29700 34216
27937 30590 32549
27879 28381 29622
27760 30564 30750
27715 27755 29476
27517 29330 33663
27230 28208 33755
27146 34632 34660
27072 30962 33867
27028 28410 31397
26985 29307 31117
26894 32598 34174
26840 31019 31474
26799 30486 31081
26797 28549 31427
26717 30096 32104
26582 31520 34951
26511 33800 34203
26472 29459 30813
26469 28904 31169
26386 29949 32077
26301 31804 33942
26117 30492 31748
26110 31773 34095
26031 30029 31372
26030 30600 31048
25705 30853 33117
25532 33008 34397
25524 31641 32318
25499 31699 33596
25441 31121 34114
25421 32029 32643
25356 29880 34694
25310 29957 32277
25227 30541 33225
25118 31155 33811
25073 30465 33392
24989 31845 32020
24955 30617 32328
24844 31415 33933
24792 31783 34508
24625 31690 34183
24562 30999 33984
24526 31122 34717
24451 33276 33791
24299 32149 33939
24290 33381 34503
23927 31051 34457
23885 31290 31952
23873 32533 34620
23850 31277 34032
23795 31689 33735
23583 32362 34951
23473 31656 31987
23438 32235 33608
23408 33850 34361
23354 31913 34353
23328 32668 33244
23260 33490 34754
23145 34179 34708
23128 32799 33203
22994 32462 33359
22744 32188 32896
22687 34896 34996
22596 32663 33707
22581 34220 34705
22516 33832 34671
22467 32856 34979
22412 32804 33367
22337 33324 34564
22253 33719 34107
22226 33236 34192
22206 33477 34667
22177 33139 33272
22036 34016 34561
21997 34589 34831
21933 33743 34972
21807 33307 34567
21749 34421 34640
21669 34441 34590
21656 34236 34243
21585 34495 34764
21525 33954 34300
21506 34259 34873
21437 34213 34304
21415 34044 34721
21316 34096 34922
21222 33990 34699
21214 34258 34284
21098 34411 34856
20944 34248 34923
20819 34585 34743
20718 34588 34642
20709 34506 34662
20488 34645 34738
20458 34655 34959
20422 34734 34946
20324 34717 34981
20233 34912 34983
20137 34864 34907
20008 34930 34981
