200
100000
34955 27756 28571
34773 25256 29842
34641 20973 22925
34529 27078 27448
34478 20329 33295
34453 21273 33951
34441 24405 27297
34399 33736 34109
34131 23882 33953
34102 28144 34881
33996 29018 32722
33978 24218 28576
33732 27719 27995
33523 22999 31248
33445 22253 22548
33437 32129 33001
33428 25007 30229
33386 26630 26853
33338 25080 31891
33183 22726 33102
33140 27332 32620
33108 22192 29022
33076 27936 28856
33005 23755 26196
32986 28220 33005
32984 22273 27869
32859 28636 30135
32819 22125 25268
32749 29767 30901
32681 24940 28043
32620 24655 24968
32582 23345 32376
32504 22914 27482
32425 26302 27986
32417 28131 34893
31766 26359 30592
31717 24559 27310
31699 23056 24161
31648 23879 25534
31566 30763 33545
31505 30711 34765
31373 29632 33969
31355 25305 25970
31273 24126 31161
31264 28740 33918
31216 33640 34542
31064 27007 29983
31008 31363 34923
30918 29810 32827
30905 30146 32417
30751 24737 33034
30724 28376 28859
30707 32916 34103
30689 34074 34576
30617 30167 33568
30592 27121 31985
30519 25773 29810
30459 27653 28218
30315 28887 33702
30297 26961 31103
30279 30998 32687
30246 27757 34518
30246 27564 34832
30148 28020 32784
30138 27477 30097
30069 25132 34205
29962 27319 28068
29899 25336 26955
29898 31329 32810
29737 31180 32606
29735 30022 30864
29626 27739 27764
29590 31757 31818
29495 29628 33695
29434 26292 31060
29159 27165 32834
29063 27722 32919
28917 26095 26961
28862 26592 32811
28709 30895 34349
28678 31923 32892
28524 26867 34223
28426 27319 28260
28296 27604 34234
28231 28747 29335
28213 30013 34004
28210 30261 31827
28198 26961 33364
27960 26834 30807
27628 27819 28133
27622 28137 30688
27502 28591 31277
27473 28086 34254
27345 27596 28975
27330 33111 33987
27323 27322 34232
27301 27880 33073
27240 32472 33099
27120 29750 32515
27090 27488 28035
27015 30813 30901
26845 28873 32999
26839 32278 32495
26828 33667 34743
26636 28278 30410
26607 31996 34915
26570 28384 34421
26554 29380 31765
26311 28654 28807
26308 31176 32543
26270 30226 33452
26225 31346 33540
26219 31430 33816
26211 29428 33480
26088 29602 33398
26067 29401 33048
26060 29808 30489
25994 31904 33675
25942 29085 31315
25920 30854 34086
25916 32088 32521
25866 30853 33079
25827 31785 32747
25735 30175 33615
25600 33160 34259
25561 30248 31117
25504 31376 32840
25443 29802 32734
25437 33108 33942
25380 31174 33530
25097 31348 33156
25077 30945 32337
25071 32918 33935
25054 30609 31108
25037 31461 31477
24941 30595 34227
24933 30280 31191
24871 30366 32559
24843 30937 31456
24788 30658 33990
24751 30644 34777
24720 34334 34850
24594 33192 33489
24565 31752 32267
24361 32286 34051
24312 33430 33849
24168 31743 34842
24153 31830 32576
24152 33602 34169
24145 33716 33750
24109 32403 32878
24088 32135 34357
23852 31976 33399
23829 33401 33525
23766 31992 32353
23654 32533 34185
23630 33512 34047
23572 33104 33750
23482 32348 33614
23379 32988 34554
23172 32078 32628
23012 33902 34605
22937 33828 34601
22936 32492 32555
22897 32865 34738
22887 34621 34825
22886 34353 34657
22876 32638 33213
22689 32779 33910
22673 33025 34913
22670 32822 33372
22542 33138 34398
22345 33594 34504
22262 33976 34627
22199 34271 34716
22131 34310 34362
22109 33759 34134
22095 33993 34074
21958 33393 33441
21712 34414 34854
21642 33812 34809
21440 33745 33828
21345 34726 34929
21296 33750 34196
21156 34684 34743
21147 34253 34953
21122 34369 34383
21048 34207 34891
21036 34208 34381
21031 34442 34559
21021 34283 34976
20960 34593 34901
20812 34716 34724
20646 34898 34958
20500 34803 34983
20443 34807 34898
20409 34720 34765
20385 34785 34811
20382 34909 34956
20000 34928 34958
