200
100000
34992 23519 26243
34948 23200 26646
34868 32967 33583
34591 21346 30890
34582 31269 33469
34127 24059 31082
34077 21668 32734
34055 22758 30836
34007 34374 34765
34004 25965 34556
33990 21660 30383
33918 26171 32865
33813 28017 28180
33780 23819 24998
33756 32967 34829
33744 29035 29742
33700 23713 33521
33659 30334 32787
33496 29852 31153
33484 22107 24553
33443 21757 27606
33428 21807 25041
33369 23357 29407
33354 28952 32112
33347 25006 25668
33191 24072 33961
33185 28813 34259
33162 22557 33059
33110 26705 32317
32988 25176 29610
32968 25422 31616
32879 32751 33503
32846 22522 27276
32797 22641 24863
32708 31781 34541
32656 26534 31685
32584 22951 25539
32486 32588 32810
32466 28169 33430
32456 32299 33484
32440 25552 29210
32390 32849 34007
32373 27367 34631
32353 30376 34750
32352 30280 30560
32282 25101 34143
32187 27202 31442
32111 23878 26419
32097 28182 31808
32084 31974 34943
32017 25973 26401
31990 31107 31856
31917 25698 34998
31880 27751 30436
31817 28111 29102
31752 27375 33195
31540 32424 32576
31528 26059 27163
31471 33014 33889
31309 28422 34093
31267 30284 30380
31232 27048 29692
31204 30348 34327
30773 25929 26731
30703 29844 32548
30552 30869 32608
30549 28900 32121
30515 27213 32867
30305 28281 33418
30221 31839 32223
30162 26153 28021
30115 27450 30100
30107 27903 31540
30072 28276 31383
30010 32767 34157
29972 28695 29077
29704 32585 34880
29550 26407 29443
29547 26498 31046
29547 25949 26391
29457 27761 31505
29418 30072 33795
29325 29816 30626
29226 27171 29594
29155 29935 31226
29034 26439 34369
28859 30409 32239
28837 31288 33842
28652 31438 32057
28535 27687 28058
28502 33443 34524
28423 28004 30533
28421 27690 32605
28388 27264 31849
28386 28505 30341
28348 33606 34751
27930 28234 32979
27919 34284 34558
27793 28106 28989
27703 29518 33883
27669 31748 34378
27365 33211 34732
27266 28503 33923
27096 29587 34402
26928 33069 33559
26868 29575 30383
26848 28596 30948
26677 29010 34825
26676 28510 32095
26673 29270 34770
26658 28816 32227
26559 30585 31942
26507 28765 30792
26476 30769 34467
26424 30407 32324
26421 29726 31734
26320 33266 34675
26251 30126 33876
26224 32469 34117
26214 32248 32627
26128 30123 32782
25943 29106 34908
25900 32838 34043
25879 31422 34622
25852 31417 33278
25821 32510 33000
25720 33785 34395
25655 33129 34304
25625 32302 33508
25495 32226 33391
25455 30607 31287
25174 30284 30558
25150 30205 32042
25104 30836 31829
25028 32057 33589
24917 32934 33668
24898 32884 33160
24860 33771 34312
24813 31212 34437
24682 33339 34225
24659 33082 33395
24475 30961 32822
24370 31806 32977
24301 32530 33502
24283 32788 33657
24273 33710 34045
24251 31670 34202
24230 31729 31982
24199 31276 34622
24088 34054 34067
24086 32282 33807
24084 33645 34189
24023 32515 33406
23947 34155 34420
23872 33231 33897
23736 32773 34572
23725 34623 34801
23609 32378 32753
23562 34891 34951
23515 32231 34210
23453 33070 34049
23414 32803 34852
23235 32304 32944
23078 34004 34014
23036 32416 33774
22937 32465 34608
22932 33947 34641
22897 33181 33265
22826 32750 32984
22680 33850 34463
22664 33885 33995
22646 33432 33974
22523 34156 34738
22404 34565 34912
22287 33088 33860
22240 34261 34554
22151 33935 34559
21978 33813 34482
21963 33491 34068
21921 33453 33590
21866 33882 34755
21747 34126 34186
21655 34302 34461
21560 34084 34753
21464 34504 34515
21403 34320 34971
21046 34102 35000
21041 34031 34983
21020 34421 34642
20796 34338 34486
20778 34815 34926
20774 34442 34857
20622 34404 34508
20603 34564 34897
20410 34923 34945
20371 34685 34960
20248 34894 34959
20236 34793 34944
20146 34888 34911
20091 34928 34992
