200
100000
34808 23040 27439
34689 33319 34504
34603 26009 28269
34583 33106 34937
34336 25576 31562
34297 22468 28719
34244 24667 33888
34192 24533 26554
34092 21659 25759
34045 24679 25076
34030 24442 34617
33976 22609 32753
33959 24058 27409
33872 24947 29791
33820 23018 33043
33736 23160 34958
33641 30487 34425
33592 26212 31146
33405 22141 31604
33362 22102 30822
33333 27727 31674
33299 24002 27913
33253 22018 23332
33242 23589 29499
33223 28458 31934
33120 29896 31931
33093 27127 33744
33067 30388 30403
32733 28274 28337
32256 27367 34003
32193 22315 27495
32094 31260 32022
32003 31843 33024
31894 23486 29778
31788 31904 33725
31746 24492 34627
31734 26542 31283
31720 23013 32957
31675 31572 33409
31651 26776 34450
31648 23510 25215
31618 26324 27977
31611 26606 27596
31599 31168 31693
31598 26884 32917
31312 24783 33988
31095 28958 31599
31062 24660 31534
30853 25782 28210
30793 27232 33040
30691 26755 29060
30599 28032 30000
30567 33403 33749
30537 30497 33809
30462 24109 29792
30436 26204 32783
30264 33330 33629
30246 26258 30256
30218 30648 32315
30053 29793 34313
30037 26167 29592
29942 26409 29459
29941 29273 31140
29879 27310 34018
29779 31862 34183
29746 32382 34192
29688 27275 30608
29682 28138 33896
29641 26329 31210
29633 25845 30669
29563 27292 33733
29462 27419 30186
29461 26984 32961
29450 27838 34850
29356 30396 34637
29299 30242 34545
29288 30985 34578
29280 27601 30511
29235 31462 34709
29169 32397 34194
29129 28111 31693
28955 26118 32111
28954 27745 33742
28671 27368 32508
28437 31773 33856
28336 27788 29424
28269 31586 33331
28200 27587 28524
28000 27679 29165
27973 30569 32874
27968 29651 32378
27914 29741 32452
27885 29929 34281
27759 29047 34982
27741 29732 32769
27653 31252 34471
27567 29781 31336
27563 28784 32704
26904 29677 31077
26550 29486 30576
26402 33350 34743
26366 30401 31303
26361 28054 33489
26348 28269 30898
26225 33804 33913
26139 31616 33932
26108 31960 33789
25991 30710 31560
25718 32460 33386
25683 32101 33256
25639 28391 33992
25462 29500 30894
25290 29783 29804
25228 31846 32840
25136 33619 34222
25043 28733 29938
25038 32508 33219
24962 29235 32210
24892 32988 33622
24823 29651 31526
24803 32275 33833
24768 30243 34120
24621 32797 34759
24559 29597 31071
24441 29407 32519
24419 32358 32913
24381 29868 31933
24250 32958 33356
24235 30379 32427
24093 30965 32095
24083 33167 34293
24065 30622 33378
24060 32750 34932
23974 30520 32764
23868 33417 34098
23833 31508 34107
23636 30755 33838
23633 32712 34653
23581 30852 32499
23523 32981 33113
23445 30871 33959
23413 30893 34370
23317 31751 34879
23202 32001 33742
23160 32122 34110
23150 31811 34014
23117 31630 31998
22977 32314 32760
22959 32573 34992
22955 31717 32220
22947 31330 33872
22915 33204 34241
22833 33824 34053
22755 32292 34530
22739 33532 33878
22603 32742 34364
22592 31747 34633
22557 32526 32783
22554 32014 32115
22530 32109 34169
22354 32473 33991
22313 33184 33844
22306 33181 34229
22095 34420 34819
22092 32329 34412
22021 32962 34579
21948 32571 33938
21934 33993 34650
21913 33003 33069
21855 33034 33392
21594 32838 33761
21564 33022 34585
21543 33125 34133
21518 34191 34444
21440 33371 34614
21389 34287 34628
21370 33692 34121
21205 33338 34872
21174 34404 34569
21027 34066 34363
20984 34341 34540
20969 34332 34678
20932 34777 34894
20900 33816 34880
20844 34106 34811
20816 33958 34779
20721 34303 34713
20694 34514 34542
20584 34383 34550
20533 34884 34896
20490 34494 34624
20476 34428 34429
20343 34849 34984
20332 34649 34651
20260 34699 34917
20173 34665 34968
20162 34777 34831
20157 34797 34947
20131 34853 34936
20017 34995 34999
