200
100000
34978 31040 32934
34849 26516 34445
34703 26017 29819
34608 31749 33786
34598 26555 31205
34524 25165 30158
34356 34151 34510
34308 30110 33134
34069 22771 25261
34049 25863 26831
33895 27875 31686
33842 21334 31512
33806 23603 26877
33738 24147 28798
33716 21534 26135
33590 21807 23092
33546 26482 26494
33507 28130 33238
33468 29790 34636
33465 23298 34709
33383 22830 25933
33190 32833 34263
33075 26806 30276
32976 21771 22402
32897 23275 33974
32762 22662 32673
32696 30738 33840
32638 30729 32487
32553 26134 34122
32398 30844 32880
32230 27346 34165
32176 23102 26131
31967 31671 33571
31954 27772 33633
31903 27579 31171
31782 24855 24871
31724 24087 34914
31686 29425 32405
31597 24629 34705
31561 25833 29580
31532 27420 34856
31499 29833 30113
31346 24361 30446
30943 27052 31041
30915 31153 33764
30869 33952 34116
30766 29127 33532
30683 26218 30415
30678 28176 34037
30644 29713 31069
30559 30004 31018
30448 26183 30145
30315 31992 33137
30238 28577 33892
30125 31208 31851
29974 29935 30978
29947 27906 33710
29890 31505 32839
29886 28641 32990
29858 29006 29837
29856 32597 34832
29783 27812 32974
29697 25558 26653
29438 27811 29729
29427 32404 34313
29301 32855 33772
29174 25552 32472
29173 27395 29342
29123 34218 34896
29117 30193 33646
29116 34163 34494
29095 27314 31851
29094 25824 26882
29063 34314 34315
29041 27616 29259
29038 26817 31114
28977 32952 34646
28946 28495 33492
28921 27324 28955
28910 27935 29877
28842 34093 34126
28703 26533 27998
28360 31783 32919
28350 26961 31941
28305 33335 33421
28302 31260 32982
28225 29009 33044
28160 26680 33248
28094 27559 28829
28040 27071 30187
28020 28058 31988
27901 32480 33067
27775 28875 33042
27765 32970 34925
27688 27667 29394
27439 30344 32896
27425 28992 34518
27394 27606 31437
27365 34128 34996
27349 28725 32979
27284 28549 30857
27180 31352 33234
26935 32147 34027
26881 33334 34121
26867 31921 33128
26795 32249 32640
26703 28225 31782
26651 30601 33906
26550 30804 33552
26432 29045 33496
26375 29374 31537
26368 31442 34543
26244 32786 33801
26204 31087 33351
26192 28722 30453
26181 30499 31056
26158 30635 30698
26133 30992 33180
26067 30550 33458
25945 29239 31995
25906 29145 33421
25759 30507 34365
25698 34906 34964
25688 31966 34993
25652 29674 33677
25615 29920 33503
25530 30644 34497
25528 29923 33201
25366 31927 33537
25324 33353 34710
25273 33082 33891
25142 30850 34405
24852 31041 33952
24846 31580 32354
24658 30909 32899
24592 30456 31077
24564 32195 33226
24463 32588 34815
24457 30437 33455
24374 32369 33728
24359 32704 34496
24332 31668 34992
23987 31441 33534
23956 31624 32883
23952 31915 34729
23932 31708 32440
23895 32822 32922
23837 31841 34352
23795 31736 32714
23774 31629 32572
23663 33861 34103
23621 33390 34658
23502 33357 34433
23453 31685 33718
23430 32526 33754
23366 32853 34991
23178 31757 32480
23090 32298 34682
22991 32540 34382
22942 32653 33677
22743 33746 34783
22442 33389 34671
22432 32716 33883
22415 33393 34212
22338 32877 33035
22134 33114 33807
22081 33024 33436
22014 33036 34770
21950 34460 34776
21948 34438 34619
21796 32800 33314
21784 34277 34426
21727 32949 33829
21722 33552 34032
21557 34216 34613
21498 34285 34868
21480 34654 34778
21315 33838 34089
21193 33770 34887
21127 34749 34869
21060 34033 34631
20997 34702 34818
20837 33967 34816
20813 33815 34625
20693 34330 34514
20693 33960 34144
20686 34183 34919
20677 34081 34759
20676 34813 34816
20664 34515 34703
20663 34630 34821
20634 34481 34707
20616 34575 34873
20570 34511 34522
20566 34620 34735
20496 34877 34930
20441 34831 34926
20307 34997 34999
20226 34873 34897
20114 34925 34955
