200
100000
35000 30522 32799
34970 24206 27745
34839 22781 25666
34733 25126 26593
34369 23706 28775
34328 26150 28628
34237 20957 24224
34229 21228 28458
34225 23261 33555
34197 28425 29026
34154 31517 34381
34002 27002 32610
33988 27998 33181
33977 23492 33693
33958 28153 31477
33934 22166 31887
33891 26206 26474
33839 24472 29661
33471 23193 26354
33218 21726 32730
33149 24513 32722
32979 27724 32397
32940 24800 30473
32936 21955 26035
32912 26142 33597
32902 23046 34668
32900 22389 27315
32885 31608 32107
32802 25091 28485
32802 24885 29847
32802 25548 26199
32708 26274 29834
32637 25494 31654
32415 27979 33811
32403 24541 28221
32200 30223 32881
32110 25883 30866
32068 24429 24760
32067 23926 34587
32058 26515 33041
31950 29281 34687
31946 27269 29792
31923 25757 32116
31919 31159 31212
31690 24099 28307
31624 26689 28922
31562 24928 30346
31482 26315 33277
31475 31358 32246
31450 25449 25530
31432 25656 33420
31405 26161 32648
31363 29643 30465
31187 24946 33983
31107 30448 31768
31088 25588 29906
30940 24813 33489
30873 26859 29216
30866 24897 33964
30750 28523 28777
30538 26004 29608
30527 33717 34741
30497 27414 31709
30370 25420 25698
30347 29520 32483
30290 29635 32407
30156 29107 31930
30140 26740 27742
30118 27487 27716
30051 30255 33696
29845 28225 31125
29750 27630 28868
29654 30334 32282
29646 27261 28936
29552 27745 31990
29512 26772 27054
29415 25744 31009
29403 29037 30659
29382 27997 30468
29300 34811 34836
29271 26647 33035
29151 30090 30274
29131 30198 34347
28998 29887 30484
28951 29984 34713
28937 30441 31490
28867 28383 33389
28821 26541 31400
28820 29608 32397
28724 32303 33841
28696 33449 34251
28489 26929 33621
28380 31580 34448
28267 28686 30312
28252 28233 30640
28225 29429 32114
28223 31929 33073
28105 30905 31897
28104 29796 33702
28044 29013 32177
27900 30026 32764
27864 28910 29405
27699 29400 32857
27668 30685 31891
27661 30151 32194
27593 28526 28923
27589 28819 30015
27570 32724 33119
27497 29545 33783
27416 31285 33631
27322 28384 29780
27287 29448 33121
27271 30420 33733
27221 30780 31467
26975 29736 33166
26881 29728 29918
26813 33432 34359
26692 30919 34749
26591 29898 29951
26520 30982 32351
26432 31216 33646
26337 31715 34361
26290 29545 34227
26289 30913 32050
26219 30862 31639
25966 32487 34591
25822 33150 33652
25563 30549 33197
25546 31076 34642
25461 32075 34805
25442 31149 32338
25361 29997 32214
25356 30152 30418
25281 30440 31479
25259 32204 32910
25122 31735 34291
25078 31854 32741
25024 30572 33008
24793 33178 34627
24790 31136 33596
24789 32355 32696
24721 32046 33777
24714 31368 32635
24424 33423 33959
24413 31818 33309
24341 33004 34551
24325 33805 33864
24234 33273 34329
24198 32543 33863
24149 33663 34124
24092 33424 33785
23920 33063 33218
23907 31581 32004
23864 33884 34652
23811 32958 33668
23799 31708 32221
23781 32935 34945
23671 32736 34790
23662 33171 33452
23493 32567 34364
23299 32630 33254
23206 33106 34482
23162 34286 34458
23139 33539 34367
23119 33259 34943
23013 32549 34292
22984 32770 34292
22983 32984 33176
22872 33449 33830
22846 33513 35000
22771 32916 34678
22533 33954 34498
22467 33802 34683
22246 33319 33827
22237 33853 34878
22217 33573 33960
22166 33550 34947
22143 34706 34842
22140 33407 34216
22095 33510 34154
22045 33909 34800
21930 33989 34222
21774 33698 33796
21753 33738 33765
21744 34400 34964
21500 34452 34762
21369 34322 34950
21289 34158 34621
20986 34261 34352
20971 34368 34503
20920 34577 34714
20899 34366 34372
20897 34562 34571
20892 34537 34873
20788 34769 34887
20774 34703 34752
20738 34794 34812
20368 34943 34984
20299 34861 34998
20139 34931 34972
