200
100000
34991 23370 28524
34941 26888 34857
34922 21764 27226
34866 23293 33234
34849 27994 28093
34771 25556 34831
34768 26710 27979
34748 20775 23017
34544 32000 33309
34358 24580 25378
34254 23656 33798
34155 31068 34595
34098 22638 26697
34076 24314 32763
34055 21271 28716
34048 24960 26260
34029 24777 27534
33990 26177 30259
33871 24552 34660
33780 23968 27558
33750 24880 31029
33654 33804 34322
33612 25563 28866
33581 27513 32996
33430 24717 32751
33260 24692 25178
33197 25180 29123
33155 25609 27143
33115 30161 30794
33007 29395 29903
32989 27768 33835
32795 24343 26439
32708 33610 34255
32394 24497 30442
32384 24996 29448
32309 24751 31000
32193 27660 28572
32039 23006 30816
32038 25366 31862
32008 24610 34519
31995 25678 31928
31961 28550 31745
31946 33625 34225
31865 29874 32096
31839 24794 25812
31829 31043 33914
31692 24043 27130
31633 29386 30827
31354 26230 28985
31169 30807 33951
31141 27716 29846
31006 25177 33838
30929 28221 30789
30843 25109 28889
30842 27229 34283
30807 33998 34027
30741 32260 34182
30514 31569 31991
30395 29499 32454
30387 27385 28253
30341 27130 34106
30296 28632 31952
30287 25257 32813
30284 28124 30779
30140 29499 32105
30135 30784 34725
30063 32388 34177
29975 28057 28150
29933 30989 33569
29859 30082 31691
29735 26417 26920
29730 27443 34041
29703 28200 29244
29525 26524 34838
29518 30197 33329
29423 27778 34802
29378 26320 30546
29234 30350 32883
29218 30396 32639
29178 30990 34193
29092 26205 31586
29089 31604 34658
28947 28610 29981
28647 31960 32724
28574 26352 33202
28550 26916 32296
28547 29280 34248
28471 31767 31771
28461 27709 32908
28299 32255 32891
28267 28200 33450
28252 30528 33571
28251 30132 33723
28159 31193 34211
28009 30648 31870
28003 27532 30239
27967 28703 28866
27852 27487 30768
27811 27641 34928
27664 30857 34610
27508 33597 33637
27413 32242 34746
27409 32748 34496
27184 30729 31832
27162 29820 30399
27113 28914 28970
27099 30650 32784
27048 32463 34452
27041 30887 32637
26733 28705 34180
26506 28610 30723
26362 28329 33799
26183 29199 31126
25997 29863 30241
25976 30551 32735
25897 34883 34891
25856 30225 34400
25784 30770 31462
25700 29908 33998
25668 29090 33935
25641 31125 33754
25522 29118 31196
25490 32495 32786
25433 29715 30142
25408 33543 34486
25322 29592 33218
25299 30628 33850
25237 31123 34468
25091 30439 33827
25057 31386 34945
25015 30695 33087
24990 33326 34409
24974 34558 34837
24939 31334 33490
24834 30846 33002
24777 30293 31952
24743 30834 30872
24625 33049 33285
24555 30688 33064
24449 32378 34457
24367 30544 32504
24340 31261 32261
24329 31430 32241
24126 32181 34171
24085 34157 34779
24050 31922 34386
24020 31606 33285
23999 31890 34620
23989 31868 34310
23974 32913 34156
23928 31589 31917
23837 31539 33089
23836 32282 34339
23565 31590 34131
23491 31933 34450
23422 32082 32564
23417 32752 32798
23205 32639 33751
23195 33855 34620
23156 33894 34742
23092 33407 34859
22712 34243 34866
22644 33195 33646
22417 32950 33449
22392 34307 34659
22281 33399 33895
22239 34579 34862
22212 33528 34081
22067 33536 34914
22045 34201 34732
22042 33433 34867
22003 32917 34671
21866 33852 34864
21851 33477 34579
21849 34238 34861
21713 33300 34498
21674 33548 34096
21608 34022 34687
21607 33508 34855
21594 34413 34804
21401 33553 33635
21296 34380 34939
21239 34626 34799
21180 33786 34508
21128 34798 34906
21059 34463 34880
20954 34106 34376
20948 34881 34945
20947 34246 34703
20813 34232 34832
20755 34302 34486
20725 34678 34787
20693 34639 34760
20585 34564 34896
20513 34569 34953
20431 34890 34939
20338 34901 34910
20310 34781 34929
20296 34901 34933
20081 34966 34975
