200
100000
34973 25220 33560
34910 23203 30316
34885 22606 23243
34807 20580 33239
34720 29408 32776
34655 21853 23931
34630 22362 24443
34613 27782 32960
34536 22725 30977
34230 24110 33276
34226 26643 34104
34172 27950 30626
34069 28060 32059
34069 21687 29904
34066 22379 26458
33902 29440 31666
33843 22775 27059
33761 23665 28369
33637 24198 32341
33632 26820 28568
33429 28653 34458
33351 26169 28720
33343 23687 33299
33303 28016 28553
33300 25962 32569
33259 27156 34578
33070 32521 32644
33045 22689 33880
33022 22830 32920
32986 27239 28750
32881 32133 34549
32785 28278 28993
32759 22873 33375
32649 24408 29394
32583 28623 29985
32560 26265 30905
32558 33310 33847
32545 24894 32920
32380 24879 32383
32332 23223 31871
32297 28863 31466
32113 27794 33696
32077 33329 34030
31943 30037 33935
31916 28570 32938
31787 33075 34243
31770 26220 34320
31719 28652 29631
31718 25706 27291
31701 24484 30037
31652 26746 28158
31641 31433 32751
31470 23942 34123
31269 25413 32366
31227 24423 28729
31138 27274 34446
31006 24290 28892
30831 31820 31959
30828 26106 28243
30814 25152 34504
30582 31306 32298
30580 24903 30601
30561 30775 34030
30379 28016 31182
30371 28438 31708
30339 27662 30483
30150 28067 34837
30125 28418 33595
30104 28445 34564
30098 27080 27914
30075 25614 33290
30039 30306 33365
29907 30655 34482
29860 28376 32588
29627 27727 33891
29547 26126 26148
29532 28547 32778
29516 30968 33348
29404 34344 34787
29313 27020 33229
29268 26039 29751
29186 27871 34026
29179 31515 32707
29139 27649 28687
29051 32234 32590
28932 32704 34334
28820 28939 32996
28716 28059 31336
28692 28537 31604
28436 32032 34352
28360 28837 34155
28321 27450 31442
28298 27482 29461
28086 27259 29813
27954 34778 34956
27911 31107 31519
27758 28572 32718
27642 32917 33137
27627 28044 28309
27616 32058 34444
27464 32985 34819
27393 29146 32064
27334 27980 33187
27321 28626 34283
27202 29326 32653
27080 30804 33232
27032 29022 32876
26978 29763 33120
26794 30890 33000
26705 28389 31854
26671 29776 31945
26630 29996 31799
26449 29122 33814
26409 30744 31399
26354 32632 32653
26345 31911 32002
26307 29187 32168
26278 33753 34073
26192 29058 33988
26188 30090 33102
26112 29831 32273
26014 32139 33000
25959 30122 33065
25808 30335 31722
25806 31211 33522
25741 29399 33626
25655 30001 32657
25640 31476 34063
25611 34173 34409
25609 29919 33695
25491 29876 30176
25344 29894 32645
25233 30940 32588
25134 34324 34627
25028 30901 32750
24967 31383 33675
24931 31065 31544
24870 31062 34521
24584 32036 34999
24512 33225 33988
24507 30535 34523
24476 33155 33853
24424 31888 34191
24413 31034 34501
24382 31084 34555
24363 33273 34503
24356 32821 33045
24200 31826 33199
24129 33001 34597
24089 33161 33774
24064 33113 34072
24043 33856 33965
23991 33206 34973
23866 32675 34987
23765 33457 33492
23632 32213 32675
23595 34556 34742
23547 32536 34162
23483 34732 34939
23378 32103 32623
23335 32525 33090
23324 34429 34907
23302 33957 34827
23232 33290 34408
23224 32824 33541
23147 32651 33318
23088 33033 33579
22948 32565 32790
22922 33368 34395
22886 33468 33932
22778 33984 34780
22618 33318 34467
22513 33001 33898
22487 34048 34604
22450 33722 34687
22433 33230 34657
22345 33365 34714
22237 34133 34751
22232 33356 34460
22149 33501 33601
22041 34263 34756
21753 34117 34220
21720 33916 34370
21711 34152 34912
21649 34580 34861
21634 34249 34452
21577 34220 34582
21473 34755 34926
21472 34449 34868
20895 34460 34835
20817 34292 34869
20619 34477 34478
20613 34502 34747
20598 34492 34816
20565 34840 34905
20433 34768 34995
20395 34803 34843
20348 34899 34917
20081 34908 34930
20050 34990 34999
