200
100000
34953 22692 31776
34942 20828 33119
34849 25952 34339
34732 28199 31196
34683 26514 32371
34640 22456 27017
34590 25715 29339
34446 20780 28110
34315 21266 22620
34314 21947 30774
34236 22470 27056
34088 27369 28906
34060 28778 32795
33942 22468 33965
33861 28327 30430
33858 21252 33926
33811 22812 27234
33800 23346 27177
33764 22774 28342
33725 30155 34172
33709 23308 31295
33475 28375 30743
33415 23052 32787
33402 22863 31025
33367 29870 30425
33286 26690 28862
33280 24182 31405
33093 27805 29802
33083 30616 34155
33047 26656 29829
33005 25153 31096
32966 23753 34889
32931 28274 30062
32906 30125 34941
32787 24166 26613
32731 30788 33739
32716 29202 32114
32708 25321 30341
32670 26694 28676
32651 24391 24905
32621 33075 33765
32560 29329 32523
32555 26040 31676
32544 25755 26564
32387 25431 30977
32363 23672 29596
32186 23655 26414
32143 25360 30693
32094 24808 29147
32072 25758 34111
31982 28727 30412
31912 31102 33584
31830 27433 30360
31759 24220 26966
31646 31719 34586
31641 27316 30932
31548 28311 29484
31505 29282 29427
31411 28470 33803
31408 25923 27475
31383 27175 27540
31192 25893 31607
31155 25065 28804
31153 27409 30933
31083 32402 32966
30955 26134 28604
30726 26632 34205
30648 34518 34730
30531 25272 28990
30528 30076 30931
30369 27882 33248
30250 29600 30790
30226 26182 34600
30165 27001 33587
30111 25964 32163
29999 28608 32163
29973 26847 28166
29899 28991 31760
29787 29863 34443
29512 32658 33951
29509 30767 31994
29501 28419 33837
29429 30425 31967
28933 32967 34263
28887 27167 34479
28882 32863 32873
28849 32682 34001
28841 27529 33328
28823 28362 29333
28595 28680 34476
28497 26960 32873
28486 28393 31391
28399 34630 34749
28269 27763 29258
28099 31677 32104
28021 28496 34112
28006 29523 30981
27873 32152 33443
27850 31399 34932
27672 28247 32770
27670 32313 32636
27607 30108 33077
27402 28064 34558
27317 29939 32654
27290 28879 30502
27211 28557 33637
27163 30188 32234
27104 29878 31976
27052 29060 29368
27012 30043 32190
26866 30598 34043
26786 29365 33192
26656 31257 33682
26598 32034 33998
26477 31351 31637
26474 29369 30701
26470 31410 32287
26411 28922 30194
26397 32591 33282
26352 29915 32138
26176 31869 32849
26155 29886 31345
26076 29872 33296
26019 29695 30967
25983 31947 34829
25932 33425 33771
25802 30748 34855
25702 32935 33945
25474 29905 30898
25412 29918 31929
25279 33881 34044
25253 31747 32013
25192 31253 32125
25058 31748 32960
25039 30412 32155
24864 31953 33941
24654 32422 34091
24595 31802 34241
24508 34663 34874
24497 30675 32928
24496 31776 34510
24376 31502 34456
24345 30988 32029
24324 31799 34801
24250 31905 33107
24202 31832 32450
24093 32000 32068
24069 32660 34097
23977 31131 32706
23833 31290 32201
23793 31875 34659
23758 31716 32169
23407 33148 34830
23207 31551 34642
23152 32773 33822
23080 33234 34412
23023 33858 34333
22961 33321 34000
22772 32686 34359
22764 32875 34939
22743 32452 33657
22739 34246 34665
22695 34360 34427
22660 34417 34430
22655 34305 34609
22649 33338 33645
22587 32508 34924
22582 32806 33110
22579 33104 33452
22579 32929 33061
22576 32792 34580
22572 34025 34323
22467 33868 34361
22412 34325 34678
22346 33400 33698
22284 33753 34063
22190 34096 34275
21694 33964 34249
21671 34334 34801
21599 34238 34943
21567 33911 34474
21546 34043 34251
21502 34610 34932
21499 34020 34956
21459 33926 34961
21338 34770 34827
21299 34127 34411
21148 34269 34869
21132 34595 34994
21004 34358 34725
20926 34439 34545
20822 34350 34621
20818 34450 34538
20701 34753 34767
20654 34683 34782
20643 34800 34888
20633 34735 34876
20474 34834 34961
20396 34867 34974
20009 34938 35000
