200
100000
34746 25474 26865
34740 20744 25217
34738 21480 29669
34679 26272 31924
34566 32352 32776
34566 29378 31948
34437 24127 29335
34404 27801 29512
34037 27357 34063
33786 24271 29247
33749 24660 27743
33609 25863 33909
33606 29097 30512
33587 25624 30608
33508 28761 33082
33490 23760 31961
33363 29163 31500
33346 32581 34277
33279 25551 29207
33269 26081 27787
33211 30513 33771
33145 27717 30399
33032 28883 31696
33000 25172 28296
32818 28825 32687
32811 27790 33063
32703 23356 29916
32481 25717 34814
32478 29688 32912
32414 27582 29553
32307 24271 34073
32032 23406 31577
32009 23378 28022
31971 22637 32480
31940 25139 29325
31937 27121 28868
31851 26917 29502
31751 32044 33337
31678 25198 30124
31598 34581 34813
31575 27686 34605
31503 29481 29599
31491 28115 29179
31462 27827 32933
31449 27837 30425
31414 29738 30572
31299 26354 32561
31232 31594 34642
31037 28201 33994
31025 25799 27718
30940 25153 30430
30934 27786 34993
30865 33577 34580
30720 32488 33678
30704 29568 34862
30677 26653 34444
30499 24417 25257
30394 29513 32123
30265 32841 34126
30264 27372 33165
30249 31771 32461
30188 25101 33699
29896 29824 31727
29750 26124 33780
29750 26413 34540
29623 31290 31987
29553 29291 34899
29435 25138 33676
29404 32502 34212
29376 30136 32514
29288 34443 34888
29280 25597 30155
29216 25727 31211
29162 28756 29739
29068 27825 33201
29036 27174 33109
29022 26417 31690
28885 28790 30513
28758 31746 34115
28746 34657 34801
28566 27798 34941
28462 26340 33181
28308 27645 32251
28077 26564 28032
27961 27757 31674
27896 32894 33630
27800 29804 32985
27680 28496 34287
27509 29747 33680
27509 28079 28570
27504 26820 30588
27482 32998 34168
27474 28467 30696
27402 29659 34478
27327 28009 29585
27302 30643 30700
27299 31083 31933
27237 29769 32476
27205 33783 34816
27169 31626 33709
27019 28790 29452
27008 28374 31436
26993 30651 34436
26946 31466 31578
26737 29282 32295
26667 32884 33045
26663 29743 34074
26635 30919 32579
26506 32921 34532
26375 28810 29347
26310 28847 32215
26229 33564 33669
26132 33650 34226
26075 32805 33960
26036 29057 32516
26011 31407 32685
25993 29494 31630
25726 31893 34098
25604 31724 32414
25579 29742 29961
25501 29000 33086
25466 29510 30761
25454 30652 31215
25349 29639 31354
25296 29959 32937
25225 31533 34770
25143 30528 32529
25050 31392 32620
25028 31047 32349
24838 32624 32671
24796 33620 34272
24724 33523 33872
24688 30283 31153
24585 30479 33109
24518 30664 33113
24458 32646 34554
24451 30833 33306
24312 31874 32127
24256 33191 33717
24239 31494 33104
24212 32576 34899
24175 34350 34503
23857 31989 34679
23791 31303 34308
23680 31360 34819
23452 31064 34973
23406 33797 33815
23405 34600 34717
23369 33103 34054
23367 33875 34461
23346 32148 32715
23336 31501 32501
23290 33842 34196
23174 31815 32305
23096 32727 34694
23070 34384 34707
23057 34414 34774
22950 32135 34458
22917 31913 33583
22896 32893 34250
22893 32262 32492
22823 33610 33760
22781 33499 33758
22678 34005 34516
22352 32742 34466
22351 32463 33821
22308 32486 33946
22268 33601 34916
22220 33176 34397
22217 33323 33836
22195 33812 34637
22097 33946 34052
22063 33627 34299
22036 33173 34492
21965 34308 34389
21856 34329 34838
21751 33935 34211
21615 33870 34585
21613 33413 34671
21585 33691 33828
21415 33587 34233
21346 33975 34416
21328 34107 34827
21310 34480 34897
21299 34596 34835
21269 33962 34253
21267 34085 34454
21117 34454 34604
20919 34506 34916
20903 34485 34822
20847 34265 34389
20778 34527 34602
20773 34466 34625
20740 34944 34988
20664 34785 34791
20633 34660 34921
20600 34902 34957
20530 34776 34878
20423 34875 34973
20033 34933 34955
